     20.000      5.556      5.419   -999.900   -999.900      0.137      0.000    -23.500    -23.300      5.556      5.419   -999.900   -999.900
     17.000      5.557      5.419   -999.900   -999.900      0.138      0.000    -26.500    -26.300      5.557      5.419   -999.900   -999.900
     14.000      5.523      5.361   -999.900   -999.900      0.162      0.000    -29.500    -29.300      5.523      5.361   -999.900   -999.900
     11.000      3.767      3.286   -999.900   -999.900      0.481      0.000    -32.500    -32.300      3.767      3.286   -999.900   -999.900
      8.000      1.159      0.670   -999.900   -999.900      0.489      0.000    -35.500    -35.300      1.159      0.670   -999.900   -999.900
      5.000     -1.724     -2.198   -999.900   -999.900      0.474      0.000    -38.500    -38.300     -1.724     -2.198   -999.900   -999.900
      2.000     -4.664     -5.124   -999.900   -999.900      0.460      0.000    -41.500    -41.300     -4.664     -5.124   -999.900   -999.900
     -1.000     -7.647     -8.092   -999.900   -999.900      0.445      0.000    -44.500    -44.300     -7.647     -8.092   -999.900   -999.900
     -4.000    -10.674    -11.110   -999.900   -999.900      0.436      0.000    -47.500    -47.300    -10.674    -11.110   -999.900   -999.900
     -7.000    -13.665    -14.093   -999.900   -999.900      0.428      0.000    -50.500    -50.300    -13.665    -14.093   -999.900   -999.900
    -10.000    -16.694    -17.111   -999.900   -999.900      0.417      0.000    -53.500    -53.300    -16.694    -17.111   -999.900   -999.900
    -13.000    -19.709    -20.117   -999.900   -999.900      0.407      0.000    -56.500    -56.300    -19.709    -20.117   -999.900   -999.900
    -16.000    -22.706    -23.113   -999.900   -999.900      0.407      0.000    -59.500    -59.300    -22.706    -23.113   -999.900   -999.900
    -19.000    -25.703    -26.114   -999.900   -999.900      0.411      0.000    -62.500    -62.300    -25.703    -26.114   -999.900   -999.900
    -22.000    -28.717    -29.128   -999.900   -999.900      0.411      0.000    -65.500    -65.300    -28.717    -29.128   -999.900   -999.900
    -25.000    -31.702    -32.116   -999.900   -999.900      0.414      0.000    -68.500    -68.300    -31.702    -32.116   -999.900   -999.900
    -28.000    -34.707    -35.116   -999.900   -999.900      0.410      0.000    -71.500    -71.300    -34.707    -35.116   -999.900   -999.900
    -31.000    -37.708    -38.119   -999.900   -999.900      0.411      0.000    -74.500    -74.300    -37.708    -38.119   -999.900   -999.900
    -34.000    -40.724    -41.138   -999.900   -999.900      0.414      0.000    -77.500    -77.300    -40.724    -41.138   -999.900   -999.900
    -37.000    -43.714    -44.131   -999.900   -999.900      0.417      0.000    -80.500    -80.300    -43.715    -44.132   -999.900   -999.900
    -40.000    -46.723    -47.142   -999.900   -999.900      0.419      0.000    -83.500    -83.300    -46.725    -47.144   -999.900   -999.900
    -43.000    -49.697    -50.112   -999.900   -999.900      0.415      0.000    -86.500    -86.300    -49.700    -50.115   -999.900   -999.900
    -46.000    -52.704    -53.122   -999.900   -999.900      0.418      0.000    -89.500    -89.300    -52.711    -53.129   -999.900   -999.900
    -49.000    -55.744    -56.165   -999.900   -999.900      0.421      0.000    -92.500    -92.300    -55.757    -56.179   -999.900   -999.900
    -52.000    -58.732    -59.155   -999.900   -999.900      0.423      0.000    -95.500    -95.300    -58.759    -59.184   -999.900   -999.900
    -55.000    -61.727    -62.154   -999.900   -999.900      0.427      0.000    -98.500    -98.300    -61.781    -62.211   -999.900   -999.900
    -58.000    -64.655    -65.073   -999.900   -999.900      0.418      0.000   -101.500   -101.300    -64.761    -65.185   -999.900   -999.900
    -61.000    -67.553    -67.962   -999.900   -999.900      0.409      0.000   -104.500   -104.300    -67.763    -68.182   -999.900   -999.900
    -64.000    -70.338    -70.728   -999.900   -999.900      0.390      0.000   -107.500   -107.300    -70.746    -71.154   -999.900   -999.900
    -67.000    -72.963    -73.334   -999.900   -999.900      0.372      0.000   -110.500   -110.300    -73.740    -74.145   -999.900   -999.900
    -70.000    -75.316    -75.659   -999.900   -999.900      0.343      0.000   -113.500   -113.300    -76.753    -77.151   -999.900   -999.900
    -73.000    -77.267    -77.577   -999.900   -999.900      0.311      0.000   -116.500   -116.300    -79.796    -80.191   -999.900   -999.900
    -76.000    -78.685    -78.958   -999.900   -999.900      0.273      0.000   -119.500   -119.300    -82.796    -83.177   -999.900   -999.900
    -79.000    -79.621    -79.891   -999.900   -999.900      0.270      0.000   -122.500   -122.300    -85.804    -86.279   -999.900   -999.900
    -82.000    -80.199    -80.376   -999.900   -999.900      0.177      0.000   -125.500   -125.300    -88.969    -88.956   -999.900   -999.900
    -85.000    -80.496    -80.669   -999.900   -999.900      0.172      0.000   -128.500   -128.300    -91.961    -91.712   -999.900   -999.900
    -88.000    -80.653    -80.848   -999.900   -999.900      0.194      0.000   -131.500   -131.300    -94.944    -94.841   -999.900   -999.900
    -91.000    -80.767    -80.966   -999.900   -999.900      0.199      0.000   -134.500   -134.300   -100.125    -99.729   -999.900   -999.900
    -94.000    -80.798    -81.004   -999.900   -999.900      0.206      0.000   -137.500   -137.300   -104.281   -104.418   -999.900   -999.900
    -97.000    -80.815    -81.031   -999.900   -999.900      0.217      0.000   -140.500   -140.300   -111.887   -104.418   -999.900   -999.900
   -100.000    -80.724    -80.939   -999.900   -999.900      0.215      0.000   -143.500   -143.300    -97.401   -104.418   -999.900   -999.900
   -103.000    -80.842    -80.998   -999.900   -999.900      0.156      0.000   -146.500   -146.300    -97.401   -104.418   -999.900   -999.900
   -106.000    -80.845    -81.067   -999.900   -999.900      0.222      0.000   -149.500   -149.300    -97.401   -104.418   -999.900   -999.900
   -109.000    -80.838    -81.048   -999.900   -999.900      0.210      0.000   -152.500   -152.300    -97.401   -104.418   -999.900   -999.900
   -112.000    -80.843    -81.071   -999.900   -999.900      0.228      0.000   -155.500   -155.300    -97.401   -104.418   -999.900   -999.900
