     20.000      8.224      8.122      7.921      8.066      0.102     -0.145    -23.090    -22.960      8.224      8.122      7.921      8.066
     17.000      8.223      8.121      7.924      8.066      0.102     -0.142    -26.090    -25.960      8.223      8.121      7.924      8.066
     14.000      8.152      7.990      7.969      7.964      0.162      0.005    -29.090    -28.960      8.152      7.990      7.969      7.964
     11.000      6.163      5.764      6.135      5.856      0.400      0.279    -32.090    -31.960      6.163      5.764      6.135      5.856
      8.000      3.510      3.045      3.584      3.237      0.465      0.346    -35.090    -34.960      3.510      3.045      3.584      3.237
      5.000      0.631      0.140      0.757      0.382      0.491      0.375    -38.090    -37.960      0.631      0.140      0.757      0.382
      2.000     -2.324     -2.822     -2.163     -2.546      0.498      0.383    -41.090    -40.960     -2.324     -2.822     -2.163     -2.546
     -1.000     -5.317     -5.819     -5.138     -5.526      0.502      0.389    -44.090    -43.960     -5.317     -5.819     -5.138     -5.526
     -4.000     -8.351     -8.855     -8.160     -8.551      0.504      0.390    -47.090    -46.960     -8.351     -8.855     -8.160     -8.551
     -7.000    -11.357    -11.865    -11.146    -11.542      0.508      0.396    -50.090    -49.960    -11.357    -11.865    -11.146    -11.542
    -10.000    -14.375    -14.878    -14.149    -14.541      0.503      0.392    -53.090    -52.960    -14.375    -14.878    -14.149    -14.541
    -13.000    -17.372    -17.875    -17.149    -17.539      0.503      0.391    -56.090    -55.960    -17.372    -17.875    -17.149    -17.539
    -16.000    -20.378    -20.879    -20.151    -20.543      0.502      0.392    -59.090    -58.960    -20.378    -20.879    -20.151    -20.543
    -19.000    -23.389    -23.890    -23.162    -23.552      0.501      0.390    -62.090    -61.960    -23.389    -23.890    -23.162    -23.552
    -22.000    -26.390    -26.887    -26.164    -26.554      0.497      0.390    -65.090    -64.960    -26.390    -26.887    -26.164    -26.554
    -25.000    -29.389    -29.887    -29.164    -29.554      0.498      0.390    -68.090    -67.960    -29.389    -29.887    -29.164    -29.554
    -28.000    -32.390    -32.885    -32.158    -32.546      0.495      0.388    -71.090    -70.960    -32.390    -32.885    -32.159    -32.546
    -31.000    -35.399    -35.889    -35.169    -35.552      0.490      0.383    -74.090    -73.960    -35.399    -35.890    -35.170    -35.553
    -34.000    -38.409    -38.885    -38.176    -38.558      0.476      0.382    -77.090    -76.960    -38.410    -38.886    -38.177    -38.559
    -37.000    -41.414    -41.884    -41.182    -41.557      0.469      0.375    -80.090    -79.960    -41.416    -41.885    -41.183    -41.558
    -40.000    -44.413    -44.872    -44.171    -44.540      0.459      0.369    -83.090    -82.960    -44.416    -44.875    -44.173    -44.543
    -43.000    -47.405    -47.841    -47.154    -47.512      0.437      0.359    -86.090    -85.960    -47.410    -47.847    -47.159    -47.518
    -46.000    -50.433    -50.837    -50.171    -50.509      0.403      0.337    -89.090    -88.960    -50.444    -50.847    -50.182    -50.520
    -49.000    -53.475    -53.841    -53.194    -53.522      0.365      0.328    -92.090    -91.960    -53.496    -53.862    -53.215    -53.544
    -52.000    -56.501    -56.805    -56.195    -56.484      0.304      0.289    -95.090    -94.960    -56.542    -56.848    -56.237    -56.528
    -55.000    -59.491    -59.746    -59.154    -59.466      0.255      0.312    -98.090    -97.960    -59.574    -59.830    -59.238    -59.553
    -58.000    -62.416    -62.594    -62.031    -62.329      0.178      0.298   -101.090   -100.960    -62.580    -62.759    -62.194    -62.500
    -61.000    -65.328    -65.364    -64.843    -65.122      0.036      0.279   -104.090   -103.960    -65.654    -65.681    -65.160    -65.453
    -64.000    -68.084    -67.984    -67.525    -67.776     -0.100      0.251   -107.090   -106.960    -68.720    -68.581    -68.132    -68.406
    -67.000    -70.586    -70.379    -69.931    -70.203     -0.207      0.272   -110.090   -109.960    -71.792    -71.474    -71.051    -71.374
    -70.000    -72.775    -72.395    -72.034    -72.249     -0.381      0.216   -113.090   -112.960    -75.006    -74.296    -74.033    -74.315
    -73.000    -74.484    -73.976    -73.657    -73.767     -0.508      0.109   -116.090   -115.960    -78.413    -77.077    -76.993    -77.109
    -76.000    -75.586    -75.087    -74.792    -74.862     -0.499      0.071   -119.090   -118.960    -81.918    -79.760    -79.966    -79.960
    -79.000    -76.198    -75.821    -75.476    -75.596     -0.378      0.119   -122.090   -121.960    -85.532    -82.405    -82.808    -82.995
    -82.000    -76.489    -76.276    -75.845    -75.972     -0.213      0.127   -125.090   -124.960    -89.052    -85.027    -85.329    -85.639
    -85.000    -76.640    -76.529    -76.091    -76.182     -0.112      0.092   -128.090   -127.960    -93.223    -87.421    -88.233    -88.139
    -88.000    -76.727    -76.683    -76.202    -76.323     -0.043      0.121   -131.090   -130.960   -103.147    -89.865    -90.566    -91.161
    -91.000    -76.740    -76.765    -76.280    -76.386      0.025      0.106   -134.090   -133.960   -103.147    -91.986    -93.472    -93.658
    -94.000    -76.743    -76.831    -76.289    -76.456      0.087      0.167   -137.090   -136.960   -103.147    -95.014    -93.935   -101.943
    -97.000    -76.732    -76.872    -76.322    -76.488      0.140      0.166   -140.090   -139.960   -103.147    -99.168    -96.468   -101.943
   -100.000    -76.762    -76.893    -76.342    -76.455      0.130      0.113   -143.090   -142.960   -103.147   -106.627    -99.186   -101.943
   -103.000    -76.732    -76.901    -76.382    -76.487      0.169      0.105   -146.090   -145.960   -103.147   -106.627    -99.186   -101.943
   -106.000    -76.719    -76.914    -76.359    -76.463      0.195      0.104   -149.090   -148.960   -103.147   -106.627    -99.186   -101.943
   -109.000    -76.735    -76.904    -76.381    -76.474      0.169      0.094   -152.090   -151.960   -103.147   -106.627    -99.186   -101.943
   -112.000    -76.735    -76.875    -76.358    -76.462      0.141      0.105   -155.090   -154.960   -103.147   -106.627    -99.186   -101.943
