     20.000      8.059      7.996      8.131      8.106      0.063      0.025    -22.570    -22.670      8.059      7.996      8.131      8.106
     17.000      8.057      7.998      8.130      8.104      0.059      0.026    -25.570    -25.670      8.057      7.998      8.130      8.104
     14.000      7.984      7.905      8.075      8.044      0.079      0.031    -28.570    -28.670      7.984      7.905      8.075      8.044
     11.000      5.679      5.696      5.933      6.026     -0.017     -0.093    -31.570    -31.670      5.679      5.696      5.933      6.026
      8.000      2.955      3.061      3.223      3.421     -0.106     -0.198    -34.570    -34.670      2.955      3.061      3.223      3.421
      5.000      0.056      0.208      0.323      0.571     -0.152     -0.248    -37.570    -37.670      0.056      0.208      0.323      0.571
      2.000     -2.904     -2.723     -2.637     -2.359     -0.181     -0.278    -40.570    -40.670     -2.904     -2.723     -2.637     -2.359
     -1.000     -5.905     -5.702     -5.638     -5.337     -0.203     -0.301    -43.570    -43.670     -5.905     -5.702     -5.638     -5.337
     -4.000     -8.920     -8.705     -8.654     -8.340     -0.215     -0.314    -46.570    -46.670     -8.920     -8.705     -8.654     -8.340
     -7.000    -11.922    -11.696    -11.655    -11.329     -0.226     -0.326    -49.570    -49.670    -11.922    -11.696    -11.655    -11.329
    -10.000    -14.934    -14.696    -14.668    -14.330     -0.238     -0.338    -52.570    -52.670    -14.934    -14.696    -14.668    -14.330
    -13.000    -17.933    -17.691    -17.668    -17.325     -0.242     -0.343    -55.570    -55.670    -17.933    -17.691    -17.668    -17.325
    -16.000    -20.936    -20.694    -20.672    -20.329     -0.242     -0.343    -58.570    -58.670    -20.936    -20.694    -20.672    -20.329
    -19.000    -23.948    -23.706    -23.684    -23.340     -0.242     -0.344    -61.570    -61.670    -23.948    -23.706    -23.684    -23.340
    -22.000    -26.948    -26.707    -26.684    -26.342     -0.241     -0.342    -64.570    -64.670    -26.948    -26.707    -26.684    -26.342
    -25.000    -29.948    -29.710    -29.684    -29.344     -0.238     -0.340    -67.570    -67.670    -29.948    -29.710    -29.684    -29.344
    -28.000    -32.949    -32.704    -32.684    -32.339     -0.245     -0.345    -70.570    -70.670    -32.949    -32.704    -32.684    -32.339
    -31.000    -35.957    -35.714    -35.692    -35.348     -0.243     -0.344    -73.570    -73.670    -35.957    -35.714    -35.692    -35.348
    -34.000    -38.962    -38.724    -38.698    -38.358     -0.238     -0.340    -76.570    -76.670    -38.963    -38.725    -38.699    -38.359
    -37.000    -41.961    -41.724    -41.695    -41.359     -0.237     -0.336    -79.570    -79.670    -41.962    -41.725    -41.696    -41.360
    -40.000    -44.952    -44.712    -44.685    -44.347     -0.240     -0.338    -82.570    -82.670    -44.954    -44.714    -44.688    -44.349
    -43.000    -47.939    -47.692    -47.672    -47.327     -0.247     -0.345    -85.570    -85.670    -47.944    -47.697    -47.677    -47.332
    -46.000    -50.958    -50.709    -50.688    -50.340     -0.249     -0.348    -88.570    -88.670    -50.968    -50.718    -50.698    -50.350
    -49.000    -53.984    -53.739    -53.720    -53.372     -0.245     -0.348    -91.570    -91.670    -54.003    -53.758    -53.740    -53.392
    -52.000    -56.969    -56.732    -56.705    -56.362     -0.237     -0.343    -94.570    -94.670    -57.007    -56.770    -56.745    -56.402
    -55.000    -59.943    -59.712    -59.677    -59.337     -0.231     -0.340    -97.570    -97.670    -60.019    -59.788    -59.757    -59.416
    -58.000    -62.839    -62.604    -62.578    -62.232     -0.235     -0.346   -100.570   -100.670    -62.989    -62.753    -62.735    -62.388
    -61.000    -65.689    -65.446    -65.426    -65.065     -0.243     -0.361   -103.570   -103.670    -65.983    -65.737    -65.735    -65.370
    -64.000    -68.425    -68.164    -68.130    -67.773     -0.261     -0.357   -106.570   -106.670    -68.994    -68.724    -68.724    -68.360
    -67.000    -70.914    -70.675    -70.586    -70.243     -0.239     -0.343   -109.570   -109.670    -71.981    -71.731    -71.693    -71.339
    -70.000    -73.074    -72.846    -72.728    -72.414     -0.228     -0.314   -112.570   -112.670    -75.001    -74.756    -74.724    -74.405
    -73.000    -74.761    -74.516    -74.396    -74.033     -0.245     -0.363   -115.570   -115.670    -78.025    -77.728    -77.777    -77.349
    -76.000    -75.915    -75.685    -75.518    -75.212     -0.230     -0.306   -118.570   -118.670    -80.990    -80.689    -80.752    -80.448
    -79.000    -76.648    -76.428    -76.222    -75.908     -0.220     -0.314   -121.570   -121.670    -83.997    -83.680    -83.758    -83.410
    -82.000    -77.080    -76.865    -76.632    -76.288     -0.215     -0.344   -124.570   -124.670    -87.132    -86.764    -86.864    -86.178
    -85.000    -77.303    -77.089    -76.845    -76.497     -0.214     -0.348   -127.570   -127.670    -90.200    -89.697    -89.916    -88.839
    -88.000    -77.408    -77.209    -76.942    -76.627     -0.199     -0.315   -130.570   -130.670    -92.921    -92.680    -92.496    -91.898
    -91.000    -77.494    -77.257    -77.022    -76.715     -0.237     -0.307   -133.570   -133.670    -98.117    -94.809    -97.128    -96.781
    -94.000    -77.495    -77.290    -77.065    -76.712     -0.205     -0.353   -136.570   -136.670    -98.234    -97.256    -97.128    -96.487
    -97.000    -77.517    -77.334    -77.063    -76.724     -0.183     -0.339   -139.570   -139.670   -102.204    -97.256    -97.128    -97.806
   -100.000    -77.513    -77.326    -77.059    -76.759     -0.187     -0.300   -142.570   -142.670   -101.162    -97.256    -97.128    -97.806
   -103.000    -77.543    -77.339    -77.075    -76.736     -0.204     -0.339   -145.570   -145.670   -101.162    -97.256    -97.128    -97.806
   -106.000    -77.527    -77.336    -77.056    -76.770     -0.191     -0.286   -148.570   -148.670   -101.162    -97.256    -97.128    -97.806
   -109.000    -77.539    -77.328    -77.075    -76.768     -0.211     -0.307   -151.570   -151.670   -101.162    -97.256    -97.128    -97.806
   -112.000    -77.537    -77.341    -77.058    -76.757     -0.196     -0.301   -154.570   -154.670   -101.162    -97.256    -97.128    -97.806
