     11.000      5.875      6.176      5.858      6.236     -0.301     -0.378    -31.570    -31.670      5.875      6.176      5.858      6.236
      8.000      3.171      3.498      3.238      3.656     -0.327     -0.419    -34.570    -34.670      3.171      3.498      3.238      3.656
      5.000      0.276      0.609      0.387      0.814     -0.334     -0.426    -37.570    -37.670      0.276      0.609      0.387      0.814
      2.000     -2.686     -2.348     -2.543     -2.115     -0.338     -0.429    -40.570    -40.670     -2.686     -2.348     -2.543     -2.115
     -1.000     -5.680     -5.345     -5.518     -5.087     -0.334     -0.432    -43.570    -43.670     -5.680     -5.345     -5.518     -5.087
     -4.000     -8.721     -8.384     -8.544     -8.116     -0.338     -0.428    -46.570    -46.670     -8.721     -8.384     -8.544     -8.116
     -7.000    -11.720    -11.379    -11.533    -11.103     -0.340     -0.430    -49.570    -49.670    -11.720    -11.379    -11.533    -11.103
    -10.000    -14.735    -14.403    -14.544    -14.105     -0.333     -0.438    -52.570    -52.670    -14.735    -14.403    -14.544    -14.105
    -13.000    -17.744    -17.412    -17.546    -17.107     -0.331     -0.439    -55.570    -55.670    -17.744    -17.412    -17.546    -17.107
    -16.000    -20.751    -20.415    -20.547    -20.115     -0.336     -0.432    -58.570    -58.670    -20.751    -20.415    -20.547    -20.115
    -19.000    -23.766    -23.432    -23.563    -23.132     -0.335     -0.430    -61.570    -61.670    -23.766    -23.432    -23.563    -23.132
    -22.000    -26.765    -26.430    -26.566    -26.132     -0.336     -0.434    -64.570    -64.670    -26.766    -26.430    -26.566    -26.132
    -25.000    -29.773    -29.437    -29.573    -29.140     -0.335     -0.432    -67.570    -67.670    -29.773    -29.437    -29.573    -29.141
    -28.000    -32.768    -32.432    -32.574    -32.141     -0.337     -0.433    -70.570    -70.670    -32.768    -32.432    -32.574    -32.141
    -31.000    -35.785    -35.449    -35.582    -35.150     -0.337     -0.432    -73.570    -73.670    -35.786    -35.449    -35.582    -35.150
    -34.000    -38.797    -38.459    -38.598    -38.163     -0.338     -0.435    -76.570    -76.670    -38.798    -38.460    -38.599    -38.164
    -37.000    -41.799    -41.459    -41.602    -41.167     -0.339     -0.435    -79.570    -79.670    -41.800    -41.461    -41.603    -41.168
    -40.000    -44.795    -44.459    -44.605    -44.172     -0.336     -0.434    -82.570    -82.670    -44.798    -44.462    -44.608    -44.174
    -43.000    -47.783    -47.441    -47.591    -47.153     -0.342     -0.438    -85.570    -85.670    -47.787    -47.446    -47.596    -47.159
    -46.000    -50.806    -50.473    -50.624    -50.181     -0.334     -0.443    -88.570    -88.670    -50.816    -50.483    -50.634    -50.191
    -49.000    -53.856    -53.498    -53.650    -53.215     -0.358     -0.434    -91.570    -91.670    -53.876    -53.520    -53.669    -53.237
    -52.000    -56.859    -56.492    -56.654    -56.220     -0.367     -0.434    -94.570    -94.670    -56.899    -56.535    -56.693    -56.262
    -55.000    -59.866    -59.509    -59.622    -59.223     -0.357     -0.399    -97.570    -97.670    -59.946    -59.595    -59.702    -59.308
    -58.000    -62.818    -62.453    -62.535    -62.176     -0.365     -0.359   -100.570   -100.670    -62.979    -62.623    -62.692    -62.346
    -61.000    -65.698    -65.310    -65.393    -65.030     -0.388     -0.363   -103.570   -103.670    -66.015    -65.645    -65.701    -65.366
    -64.000    -68.456    -68.059    -68.117    -67.778     -0.397     -0.339   -106.570   -106.670    -69.076    -68.713    -68.713    -68.432
    -67.000    -70.985    -70.540    -70.617    -70.261     -0.445     -0.356   -109.570   -109.670    -72.166    -71.776    -71.741    -71.498
    -70.000    -73.186    -72.681    -72.753    -72.398     -0.505     -0.355   -112.570   -112.670    -75.371    -74.940    -74.779    -74.655
    -73.000    -74.828    -74.266    -74.460    -74.032     -0.562     -0.428   -115.570   -115.670    -78.565    -78.079    -77.952    -77.910
    -76.000    -75.939    -75.347    -75.573    -75.108     -0.592     -0.466   -118.570   -118.670    -81.879    -81.358    -81.007    -81.241
    -79.000    -76.599    -75.968    -76.236    -75.730     -0.631     -0.506   -121.570   -121.670    -85.381    -84.655    -83.970    -84.691
    -82.000    -76.956    -76.361    -76.643    -76.054     -0.594     -0.589   -124.570   -124.670    -89.308    -89.093    -87.254    -88.318
    -85.000    -77.122    -76.488    -76.827    -76.201     -0.634     -0.626   -127.570   -127.670    -93.787    -92.444    -90.066    -91.875
    -88.000    -77.191    -76.578    -76.927    -76.280     -0.612     -0.648   -130.570   -130.670    -99.567    -99.754    -92.938    -96.592
    -91.000    -77.211    -76.603    -76.980    -76.285     -0.608     -0.694   -133.570   -133.670   -106.287    -99.754    -95.767    -97.274
    -94.000    -77.228    -76.632    -76.998    -76.330     -0.596     -0.668   -136.570   -136.670   -106.287    -99.754    -97.391    -97.274
    -97.000    -77.238    -76.620    -77.024    -76.335     -0.619     -0.689   -139.570   -139.670   -106.287    -99.754   -101.896    -97.274
   -100.000    -77.235    -76.648    -77.017    -76.308     -0.587     -0.709   -142.570   -142.670   -106.287    -99.754   -100.186    -97.274
   -103.000    -77.227    -76.589    -77.032    -76.334     -0.638     -0.699   -145.570   -145.670   -106.287    -99.754   -106.165    -97.274
   -106.000    -77.195    -76.609    -77.017    -76.318     -0.586     -0.699   -148.570   -148.670   -106.287    -99.754   -100.213    -97.274
   -109.000    -77.242    -76.595    -77.040    -76.335     -0.648     -0.705   -151.570   -151.670   -106.287    -99.754   -100.213    -97.274
   -112.000    -77.183    -76.590    -77.014    -76.292     -0.593     -0.723   -154.570   -154.670   -106.287    -99.754   -100.213    -97.274
   -115.000    -77.201    -76.598    -77.033    -76.332     -0.603     -0.701   -157.570   -157.670   -106.287    -99.754   -100.213    -97.274
   -118.000    -77.198    -76.616    -77.031    -76.311     -0.582     -0.720   -160.570   -160.670   -106.287    -99.754   -100.213    -97.274
   -121.000    -77.216    -76.599    -77.038    -76.320     -0.617     -0.718   -163.570   -163.670   -106.287    -99.754   -100.213    -97.274
