     20.000      2.394      2.472      2.302      2.424     -0.078     -0.122    -22.570    -22.670      2.394      2.472      2.302      2.424
     17.000      2.393      2.471      2.302      2.424     -0.078     -0.122    -25.570    -25.670      2.393      2.471      2.302      2.424
     14.000      2.309      2.399      2.206      2.344     -0.090     -0.138    -28.570    -28.670      2.309      2.399      2.206      2.344
     11.000      0.075      0.272      0.058      0.337     -0.196     -0.279    -31.570    -31.670      0.075      0.272      0.058      0.337
      8.000     -2.631     -2.430     -2.557     -2.257     -0.201     -0.300    -34.570    -34.670     -2.631     -2.430     -2.557     -2.257
      5.000     -5.523     -5.326     -5.403     -5.103     -0.198     -0.300    -37.570    -37.670     -5.523     -5.326     -5.403     -5.103
      2.000     -8.482     -8.288     -8.332     -8.034     -0.195     -0.298    -40.570    -40.670     -8.482     -8.288     -8.332     -8.034
     -1.000    -11.478    -11.285    -11.307    -11.010     -0.193     -0.298    -43.570    -43.670    -11.478    -11.285    -11.307    -11.010
     -4.000    -14.493    -14.300    -14.308    -14.010     -0.192     -0.298    -46.570    -46.670    -14.493    -14.300    -14.308    -14.010
     -7.000    -17.500    -17.308    -17.300    -17.003     -0.192     -0.298    -49.570    -49.670    -17.500    -17.308    -17.300    -17.003
    -10.000    -20.506    -20.316    -20.299    -20.001     -0.191     -0.297    -52.570    -52.670    -20.506    -20.316    -20.299    -20.001
    -13.000    -23.501    -23.311    -23.291    -22.993     -0.190     -0.297    -55.570    -55.670    -23.501    -23.311    -23.291    -22.993
    -16.000    -26.506    -26.317    -26.295    -25.998     -0.190     -0.297    -58.570    -58.670    -26.506    -26.317    -26.295    -25.998
    -19.000    -29.517    -29.328    -29.307    -29.010     -0.190     -0.297    -61.570    -61.670    -29.517    -29.328    -29.307    -29.010
    -22.000    -32.517    -32.326    -32.308    -32.011     -0.190     -0.297    -64.570    -64.670    -32.517    -32.326    -32.308    -32.011
    -25.000    -35.523    -35.332    -35.308    -35.011     -0.191     -0.297    -67.570    -67.670    -35.523    -35.332    -35.309    -35.011
    -28.000    -38.516    -38.326    -38.304    -38.006     -0.190     -0.298    -70.570    -70.670    -38.516    -38.326    -38.304    -38.006
    -31.000    -41.526    -41.335    -41.317    -41.019     -0.191     -0.299    -73.570    -73.670    -41.527    -41.336    -41.318    -41.019
    -34.000    -44.530    -44.338    -44.323    -44.025     -0.192     -0.298    -76.570    -76.670    -44.531    -44.338    -44.324    -44.026
    -37.000    -47.527    -47.336    -47.321    -47.022     -0.191     -0.299    -79.570    -79.670    -47.529    -47.338    -47.322    -47.024
    -40.000    -50.525    -50.333    -50.311    -50.012     -0.192     -0.299    -82.570    -82.670    -50.529    -50.336    -50.315    -50.015
    -43.000    -53.500    -53.306    -53.285    -52.985     -0.194     -0.301    -85.570    -85.670    -53.507    -53.313    -53.293    -52.992
    -46.000    -56.532    -56.338    -56.316    -56.014     -0.194     -0.302    -88.570    -88.670    -56.546    -56.352    -56.331    -56.028
    -49.000    -59.550    -59.358    -59.340    -59.035     -0.192     -0.305    -91.570    -91.670    -59.579    -59.386    -59.369    -59.064
    -52.000    -62.512    -62.320    -62.303    -62.003     -0.192     -0.300    -94.570    -94.670    -62.570    -62.376    -62.362    -62.060
    -55.000    -65.446    -65.263    -65.233    -64.939     -0.182     -0.294    -97.570    -97.670    -65.559    -65.373    -65.348    -65.051
    -58.000    -68.329    -68.138    -68.102    -67.802     -0.192     -0.299   -100.570   -100.670    -68.552    -68.352    -68.328    -68.022
    -61.000    -71.120    -70.962    -70.900    -70.596     -0.159     -0.304   -103.570   -103.670    -71.554    -71.383    -71.341    -71.023
    -64.000    -73.745    -73.567    -73.501    -73.204     -0.178     -0.297   -106.570   -106.670    -74.574    -74.369    -74.342    -74.018
    -67.000    -76.066    -75.906    -75.794    -75.516     -0.159     -0.277   -109.570   -109.670    -77.594    -77.386    -77.331    -77.009
    -70.000    -77.962    -77.798    -77.698    -77.427     -0.164     -0.271   -112.570   -112.670    -80.630    -80.366    -80.393    -80.038
    -73.000    -79.316    -79.233    -79.023    -78.824     -0.083     -0.199   -115.570   -115.670    -83.599    -83.448    -83.310    -83.063
    -76.000    -80.199    -80.140    -79.924    -79.716     -0.059     -0.208   -118.570   -118.670    -86.551    -86.437    -86.341    -86.008
    -79.000    -80.743    -80.683    -80.465    -80.260     -0.060     -0.205   -121.570   -121.670    -89.635    -89.458    -89.469    -89.032
    -82.000    -81.044    -80.990    -80.730    -80.544     -0.054     -0.186   -124.570   -124.670    -92.804    -92.593    -92.229    -91.846
    -85.000    -81.181    -81.157    -80.881    -80.710     -0.025     -0.171   -127.570   -127.670    -95.546    -96.027    -95.104    -94.924
    -88.000    -81.248    -81.224    -80.985    -80.806     -0.025     -0.180   -130.570   -130.670    -97.895    -98.764    -99.398    -98.620
    -91.000    -81.306    -81.254    -81.001    -80.836     -0.052     -0.165   -133.570   -133.670   -101.970   -100.911   -100.636   -100.966
    -94.000    -81.333    -81.268    -81.030    -80.853     -0.065     -0.177   -136.570   -136.670   -107.464   -102.514   -104.807   -103.313
    -97.000    -81.337    -81.302    -81.039    -80.864     -0.035     -0.174   -139.570   -139.670   -109.750   -102.514   -107.447   -105.810
   -100.000    -81.355    -81.273    -81.046    -80.884     -0.082     -0.162   -142.570   -142.670   -109.750   -102.514   -113.284   -105.810
   -103.000    -81.358    -81.310    -81.041    -80.868     -0.048     -0.174   -145.570   -145.670   -109.750   -102.514   -108.958   -105.810
   -106.000    -81.345    -81.301    -81.053    -80.878     -0.044     -0.175   -148.570   -148.670   -109.750   -102.514   -108.958   -105.810
   -109.000    -81.336    -81.311    -81.050    -80.898     -0.024     -0.152   -151.570   -151.670   -109.750   -102.514   -108.958   -105.810
   -112.000    -81.324    -81.309    -81.051    -80.863     -0.015     -0.188   -154.570   -154.670   -109.750   -102.514   -108.958   -105.810
