     20.000      8.173      8.217      8.134      8.205     -0.044     -0.071    -22.570    -22.670      8.173      8.217      8.134      8.205
     17.000      8.173      8.216      8.134      8.205     -0.043     -0.071    -25.570    -25.670      8.173      8.216      8.134      8.205
     14.000      8.124      8.176      8.074      8.161     -0.052     -0.087    -28.570    -28.670      8.124      8.176      8.074      8.161
     11.000      6.080      6.254      6.076      6.342     -0.174     -0.265    -31.570    -31.670      6.080      6.254      6.076      6.342
      8.000      3.399      3.574      3.493      3.778     -0.175     -0.285    -34.570    -34.670      3.399      3.574      3.493      3.778
      5.000      0.511      0.680      0.654      0.937     -0.169     -0.283    -37.570    -37.670      0.511      0.680      0.654      0.937
      2.000     -2.446     -2.281     -2.273     -1.992     -0.165     -0.281    -40.570    -40.670     -2.446     -2.281     -2.273     -1.992
     -1.000     -5.446     -5.283     -5.249     -4.969     -0.163     -0.280    -43.570    -43.670     -5.446     -5.283     -5.249     -4.969
     -4.000     -8.472     -8.310     -8.262     -7.982     -0.162     -0.280    -46.570    -46.670     -8.472     -8.310     -8.262     -7.982
     -7.000    -11.473    -11.311    -11.251    -10.971     -0.161     -0.280    -49.570    -49.670    -11.473    -11.311    -11.251    -10.971
    -10.000    -14.490    -14.329    -14.256    -13.977     -0.161     -0.280    -52.570    -52.670    -14.490    -14.329    -14.256    -13.977
    -13.000    -17.494    -17.334    -17.256    -16.976     -0.160     -0.279    -55.570    -55.670    -17.494    -17.334    -17.256    -16.976
    -16.000    -20.500    -20.340    -20.260    -19.981     -0.160     -0.280    -58.570    -58.670    -20.500    -20.340    -20.260    -19.981
    -19.000    -23.514    -23.355    -23.275    -22.995     -0.160     -0.280    -61.570    -61.670    -23.514    -23.355    -23.275    -22.995
    -22.000    -26.516    -26.357    -26.278    -25.999     -0.160     -0.279    -64.570    -64.670    -26.516    -26.357    -26.278    -25.999
    -25.000    -29.518    -29.358    -29.283    -29.003     -0.159     -0.279    -67.570    -67.670    -29.518    -29.358    -29.283    -29.004
    -28.000    -32.520    -32.359    -32.280    -32.000     -0.160     -0.279    -70.570    -70.670    -32.520    -32.360    -32.280    -32.000
    -31.000    -35.531    -35.370    -35.291    -35.010     -0.160     -0.280    -73.570    -73.670    -35.531    -35.371    -35.291    -35.011
    -34.000    -38.539    -38.379    -38.302    -38.022     -0.160     -0.280    -76.570    -76.670    -38.539    -38.379    -38.303    -38.023
    -37.000    -41.537    -41.377    -41.305    -41.025     -0.160     -0.280    -79.570    -79.670    -41.539    -41.379    -41.306    -41.026
    -40.000    -44.532    -44.371    -44.296    -44.017     -0.161     -0.279    -82.570    -82.670    -44.535    -44.373    -44.298    -44.019
    -43.000    -47.523    -47.362    -47.278    -46.998     -0.161     -0.279    -85.570    -85.670    -47.528    -47.367    -47.282    -47.003
    -46.000    -50.537    -50.379    -50.294    -50.014     -0.159     -0.280    -88.570    -88.670    -50.547    -50.388    -50.303    -50.024
    -49.000    -53.573    -53.411    -53.331    -53.047     -0.162     -0.284    -91.570    -91.670    -53.593    -53.430    -53.350    -53.066
    -52.000    -56.557    -56.403    -56.318    -56.044     -0.154     -0.275    -94.570    -94.670    -56.597    -56.442    -56.357    -56.082
    -55.000    -59.533    -59.378    -59.303    -59.027     -0.155     -0.276    -97.570    -97.670    -59.612    -59.456    -59.381    -59.103
    -58.000    -62.428    -62.284    -62.198    -61.932     -0.143     -0.267   -100.570   -100.670    -62.582    -62.438    -62.352    -62.082
    -61.000    -65.283    -65.127    -65.053    -64.775     -0.156     -0.278   -103.570   -103.670    -65.587    -65.427    -65.354    -65.069
    -64.000    -67.997    -67.858    -67.754    -67.492     -0.139     -0.262   -106.570   -106.670    -68.582    -68.438    -68.332    -68.058
    -67.000    -70.453    -70.352    -70.224    -69.973     -0.101     -0.251   -109.570   -109.670    -71.544    -71.443    -71.305    -71.033
    -70.000    -72.641    -72.500    -72.404    -72.139     -0.141     -0.265   -112.570   -112.670    -74.632    -74.469    -74.368    -74.055
    -73.000    -74.261    -74.179    -74.041    -73.855     -0.082     -0.187   -115.570   -115.670    -77.578    -77.519    -77.324    -77.128
    -76.000    -75.413    -75.315    -75.194    -75.004     -0.098     -0.191   -118.570   -118.670    -80.586    -80.498    -80.305    -80.086
    -79.000    -76.144    -76.028    -75.921    -75.739     -0.116     -0.181   -121.570   -121.670    -83.683    -83.502    -83.312    -83.114
    -82.000    -76.524    -76.421    -76.338    -76.142     -0.103     -0.196   -124.570   -124.670    -86.484    -86.377    -86.338    -85.983
    -85.000    -76.753    -76.656    -76.551    -76.340     -0.097     -0.211   -127.570   -127.670    -89.579    -89.590    -89.182    -88.426
    -88.000    -76.863    -76.771    -76.688    -76.478     -0.092     -0.210   -130.570   -130.670    -92.413    -92.700    -92.819    -91.492
    -91.000    -76.927    -76.838    -76.724    -76.557     -0.089     -0.167   -133.570   -133.670    -95.631    -96.710    -94.611    -95.170
    -94.000    -76.988    -76.867    -76.782    -76.575     -0.121     -0.207   -136.570   -136.670    -95.631   -101.231   -102.062    -96.729
    -97.000    -76.996    -76.880    -76.784    -76.587     -0.116     -0.198   -139.570   -139.670    -95.631   -108.173   -102.869    -98.113
   -100.000    -76.998    -76.871    -76.783    -76.616     -0.127     -0.167   -142.570   -142.670    -95.631   -102.383   -102.465   -111.735
   -103.000    -76.989    -76.869    -76.807    -76.622     -0.120     -0.185   -145.570   -145.670    -95.631   -101.700   -102.465   -111.735
   -106.000    -76.990    -76.900    -76.795    -76.624     -0.091     -0.171   -148.570   -148.670    -95.631   -101.700   -102.465   -111.735
   -109.000    -76.977    -76.888    -76.801    -76.597     -0.089     -0.204   -151.570   -151.670    -95.631   -101.700   -102.465   -111.735
   -112.000    -76.975    -76.889    -76.789    -76.628     -0.086     -0.161   -154.570   -154.670    -95.631   -101.700   -102.465   -111.735
