     20.000      7.934      7.955      7.862      8.001     -0.022     -0.139    -22.570    -22.670      7.934      7.955      7.862      8.001
     17.000      7.933      7.953      7.862      8.001     -0.020     -0.139    -25.570    -25.670      7.933      7.953      7.862      8.001
     14.000      7.824      7.927      7.744      7.902     -0.103     -0.158    -28.570    -28.670      7.824      7.927      7.744      7.902
     11.000      5.448      5.652      5.472      5.763     -0.204     -0.291    -31.570    -31.670      5.448      5.652      5.472      5.763
      8.000      2.718      2.925      2.823      3.131     -0.207     -0.307    -34.570    -34.670      2.718      2.925      2.823      3.131
      5.000     -0.186      0.018     -0.037      0.271     -0.204     -0.308    -37.570    -37.670     -0.186      0.018     -0.037      0.271
      2.000     -3.148     -2.942     -2.968     -2.663     -0.206     -0.304    -40.570    -40.670     -3.148     -2.942     -2.968     -2.663
     -1.000     -6.145     -5.948     -5.950     -5.640     -0.197     -0.310    -43.570    -43.670     -6.145     -5.948     -5.950     -5.640
     -4.000     -9.170     -8.973     -8.963     -8.653     -0.197     -0.310    -46.570    -46.670     -9.170     -8.973     -8.963     -8.653
     -7.000    -12.179    -11.970    -11.954    -11.647     -0.209     -0.307    -49.570    -49.670    -12.179    -11.970    -11.954    -11.647
    -10.000    -15.188    -14.987    -14.953    -14.649     -0.201     -0.304    -52.570    -52.670    -15.188    -14.987    -14.953    -14.649
    -13.000    -18.184    -17.987    -17.950    -17.643     -0.197     -0.307    -55.570    -55.670    -18.184    -17.987    -17.950    -17.643
    -16.000    -21.188    -20.988    -20.952    -20.645     -0.200     -0.307    -58.570    -58.670    -21.188    -20.988    -20.952    -20.645
    -19.000    -24.202    -23.999    -23.963    -23.657     -0.202     -0.306    -61.570    -61.670    -24.202    -23.999    -23.963    -23.657
    -22.000    -27.199    -27.000    -26.966    -26.658     -0.199     -0.308    -64.570    -64.670    -27.199    -27.000    -26.966    -26.658
    -25.000    -30.202    -29.995    -29.968    -29.661     -0.207     -0.307    -67.570    -67.670    -30.202    -29.995    -29.968    -29.661
    -28.000    -33.202    -32.994    -32.961    -32.649     -0.208     -0.312    -70.570    -70.670    -33.203    -32.994    -32.961    -32.649
    -31.000    -36.207    -36.002    -35.973    -35.661     -0.206     -0.312    -73.570    -73.670    -36.208    -36.002    -35.974    -35.661
    -34.000    -39.213    -39.001    -38.979    -38.668     -0.213     -0.311    -76.570    -76.670    -39.214    -39.002    -38.980    -38.669
    -37.000    -42.220    -41.996    -41.981    -41.666     -0.224     -0.316    -79.570    -79.670    -42.221    -41.997    -41.983    -41.667
    -40.000    -45.224    -44.977    -44.969    -44.657     -0.247     -0.312    -82.570    -82.670    -45.227    -44.980    -44.972    -44.660
    -43.000    -48.215    -47.965    -47.955    -47.634     -0.250     -0.321    -85.570    -85.670    -48.220    -47.971    -47.960    -47.639
    -46.000    -51.231    -50.984    -50.979    -50.642     -0.247     -0.337    -88.570    -88.670    -51.242    -50.995    -50.989    -50.652
    -49.000    -54.276    -53.998    -54.009    -53.668     -0.278     -0.341    -91.570    -91.670    -54.298    -54.020    -54.030    -53.689
    -52.000    -57.290    -56.971    -57.005    -56.666     -0.319     -0.339    -94.570    -94.670    -57.333    -57.014    -57.048    -56.709
    -55.000    -60.280    -59.995    -59.963    -59.672     -0.284     -0.291    -97.570    -97.670    -60.366    -60.082    -60.047    -59.757
    -58.000    -63.203    -62.885    -62.839    -62.581     -0.318     -0.258   -100.570   -100.670    -63.374    -63.055    -63.004    -62.749
    -61.000    -66.099    -65.713    -65.671    -65.430     -0.386     -0.241   -103.570   -103.670    -66.439    -66.045    -65.992    -65.761
    -64.000    -68.844    -68.424    -68.343    -68.151     -0.420     -0.192   -106.570   -106.670    -69.507    -69.066    -68.958    -68.794
    -67.000    -71.337    -70.895    -70.759    -70.681     -0.442     -0.078   -109.570   -109.670    -72.596    -72.102    -71.896    -71.909
    -70.000    -73.514    -72.976    -72.873    -72.803     -0.538     -0.069   -112.570   -112.670    -75.845    -75.136    -74.913    -75.034
    -73.000    -75.133    -74.545    -74.510    -74.379     -0.588     -0.131   -115.570   -115.670    -79.145    -78.136    -77.945    -78.119
    -76.000    -76.202    -75.611    -75.619    -75.427     -0.591     -0.192   -118.570   -118.670    -82.609    -81.125    -80.931    -81.193
    -79.000    -76.789    -76.276    -76.279    -76.107     -0.513     -0.172   -121.570   -121.670    -86.100    -84.181    -83.761    -84.631
    -82.000    -77.078    -76.679    -76.629    -76.454     -0.399     -0.174   -124.570   -124.670    -89.564    -87.622    -86.226    -88.066
    -85.000    -77.286    -76.865    -76.891    -76.659     -0.421     -0.232   -127.570   -127.670    -97.197    -90.800    -89.536    -92.849
    -88.000    -77.336    -76.966    -76.967    -76.736     -0.370     -0.231   -130.570   -130.670    -97.197    -94.463    -91.220    -98.572
    -91.000    -77.339    -77.017    -77.032    -76.737     -0.321     -0.295   -133.570   -133.670    -97.197    -99.186    -93.421    -98.717
    -94.000    -77.316    -77.051    -77.086    -76.771     -0.265     -0.315   -136.570   -136.670    -97.197    -99.186    -96.767    -98.717
    -97.000    -77.305    -77.027    -77.084    -76.768     -0.278     -0.316   -139.570   -139.670    -97.197    -99.186    -96.515    -98.717
   -100.000    -77.321    -77.057    -77.122    -76.795     -0.264     -0.327   -142.570   -142.670    -97.197    -99.186   -103.071    -98.717
   -103.000    -77.338    -77.050    -77.136    -76.756     -0.289     -0.380   -145.570   -145.670    -97.197    -99.186   -103.071    -98.717
   -106.000    -77.325    -77.033    -77.124    -76.747     -0.292     -0.377   -148.570   -148.670    -97.197    -99.186   -103.071    -98.717
   -109.000    -77.339    -77.043    -77.156    -76.762     -0.296     -0.394   -151.570   -151.670    -97.197    -99.186   -103.071    -98.717
   -112.000    -77.328    -77.036    -77.128    -76.762     -0.292     -0.365   -154.570   -154.670    -97.197    -99.186   -103.071    -98.717
