     20.000      2.463      2.471      2.396      2.431     -0.007     -0.035    -22.570    -22.670      2.463      2.471      2.396      2.431
     17.000      2.462      2.469      2.396      2.430     -0.007     -0.035    -25.570    -25.670      2.462      2.469      2.396      2.430
     14.000      2.388      2.392      2.307      2.349     -0.004     -0.042    -28.570    -28.670      2.388      2.392      2.307      2.349
     11.000      0.227      0.226      0.215      0.306      0.002     -0.091    -31.570    -31.670      0.227      0.226      0.215      0.306
      8.000     -2.467     -2.472     -2.384     -2.297      0.005     -0.087    -34.570    -34.670     -2.467     -2.472     -2.384     -2.297
      5.000     -5.354     -5.373     -5.230     -5.147      0.018     -0.083    -37.570    -37.670     -5.354     -5.373     -5.230     -5.147
      2.000     -8.314     -8.331     -8.155     -8.081      0.017     -0.074    -40.570    -40.670     -8.314     -8.331     -8.155     -8.081
     -1.000    -11.310    -11.325    -11.129    -11.056      0.015     -0.074    -43.570    -43.670    -11.310    -11.325    -11.129    -11.056
     -4.000    -14.337    -14.359    -14.142    -14.063      0.022     -0.079    -46.570    -46.670    -14.337    -14.359    -14.142    -14.063
     -7.000    -17.343    -17.369    -17.136    -17.056      0.025     -0.080    -49.570    -49.670    -17.343    -17.369    -17.136    -17.056
    -10.000    -20.356    -20.377    -20.137    -20.063      0.021     -0.074    -52.570    -52.670    -20.356    -20.377    -20.137    -20.063
    -13.000    -23.354    -23.378    -23.132    -23.061      0.024     -0.071    -55.570    -55.670    -23.354    -23.378    -23.132    -23.061
    -16.000    -26.360    -26.384    -26.140    -26.064      0.024     -0.075    -58.570    -58.670    -26.360    -26.384    -26.140    -26.065
    -19.000    -29.378    -29.398    -29.154    -29.082      0.021     -0.071    -61.570    -61.670    -29.378    -29.398    -29.154    -29.082
    -22.000    -32.374    -32.400    -32.156    -32.086      0.026     -0.070    -64.570    -64.670    -32.374    -32.400    -32.156    -32.086
    -25.000    -35.386    -35.410    -35.155    -35.088      0.024     -0.067    -67.570    -67.670    -35.386    -35.410    -35.155    -35.088
    -28.000    -38.384    -38.408    -38.156    -38.086      0.025     -0.070    -70.570    -70.670    -38.384    -38.408    -38.156    -38.086
    -31.000    -41.399    -41.421    -41.169    -41.100      0.022     -0.068    -73.570    -73.670    -41.399    -41.421    -41.169    -41.101
    -34.000    -44.410    -44.434    -44.175    -44.119      0.024     -0.056    -76.570    -76.670    -44.411    -44.435    -44.176    -44.120
    -37.000    -47.404    -47.440    -47.175    -47.116      0.036     -0.060    -79.570    -79.670    -47.406    -47.442    -47.177    -47.117
    -40.000    -50.415    -50.451    -50.165    -50.110      0.036     -0.054    -82.570    -82.670    -50.418    -50.454    -50.168    -50.114
    -43.000    -53.406    -53.431    -53.134    -53.103      0.025     -0.031    -85.570    -85.670    -53.413    -53.438    -53.140    -53.110
    -46.000    -56.461    -56.472    -56.154    -56.148      0.011     -0.006    -88.570    -88.670    -56.475    -56.486    -56.168    -56.162
    -49.000    -59.492    -59.518    -59.171    -59.180      0.026      0.009    -91.570    -91.670    -59.521    -59.547    -59.199    -59.208
    -52.000    -62.445    -62.512    -62.130    -62.154      0.067      0.023    -94.570    -94.670    -62.501    -62.568    -62.185    -62.209
    -55.000    -65.368    -65.428    -64.967    -65.064      0.060      0.097    -97.570    -97.670    -65.479    -65.540    -65.072    -65.173
    -58.000    -68.253    -68.345    -67.793    -67.916      0.091      0.123   -100.570   -100.670    -68.472    -68.566    -67.996    -68.129
    -61.000    -71.080    -71.193    -70.564    -70.733      0.114      0.170   -103.570   -103.670    -71.508    -71.629    -70.957    -71.150
    -64.000    -73.669    -73.844    -73.106    -73.339      0.176      0.234   -106.570   -106.670    -74.480    -74.684    -73.841    -74.132
    -67.000    -75.966    -76.166    -75.347    -75.634      0.201      0.287   -109.570   -109.670    -77.448    -77.715    -76.659    -77.079
    -70.000    -77.915    -78.115    -77.253    -77.563      0.200      0.309   -112.570   -112.670    -80.535    -80.871    -79.504    -80.090
    -73.000    -79.355    -79.527    -78.654    -79.001      0.172      0.346   -115.570   -115.670    -83.685    -84.092    -82.204    -83.138
    -76.000    -80.255    -80.422    -79.649    -80.004      0.167      0.355   -118.570   -118.670    -86.757    -87.397    -84.910    -86.462
    -79.000    -80.740    -80.900    -80.244    -80.495      0.160      0.251   -121.570   -121.670    -89.535    -90.581    -87.349    -89.243
    -82.000    -81.025    -81.130    -80.614    -80.770      0.106      0.157   -124.570   -124.670    -92.376    -93.414    -89.709    -91.919
    -85.000    -81.185    -81.285    -80.840    -80.930      0.100      0.090   -127.570   -127.670    -95.335    -97.298    -92.016    -94.672
    -88.000    -81.256    -81.358    -80.954    -81.000      0.101      0.046   -130.570   -130.670    -97.749   -102.022    -93.822    -96.761
    -91.000    -81.329    -81.390    -81.047    -81.049      0.061      0.002   -133.570   -133.670   -103.635   -111.081    -96.111    -99.150
    -94.000    -81.320    -81.381    -81.093    -81.065      0.062     -0.029   -136.570   -136.670   -102.272   -106.472    -97.922   -100.270
    -97.000    -81.305    -81.348    -81.115    -81.101      0.043     -0.014   -139.570   -139.670   -100.741   -101.011    -99.103   -105.461
   -100.000    -81.336    -81.361    -81.134    -81.087      0.025     -0.047   -142.570   -142.670   -105.028   -102.493   -100.518   -102.678
   -103.000    -81.370    -81.407    -81.196    -81.110      0.037     -0.086   -145.570   -145.670   -105.028   -102.493   -100.518   -108.747
   -106.000    -81.349    -81.385    -81.204    -81.137      0.035     -0.066   -148.570   -148.670   -105.028   -102.493   -100.518   -108.747
   -109.000    -81.366    -81.419    -81.194    -81.133      0.053     -0.062   -151.570   -151.670   -105.028   -102.493   -100.518   -108.747
   -112.000    -81.353    -81.403    -81.195    -81.119      0.050     -0.076   -154.570   -154.670   -105.028   -102.493   -100.518   -108.747
