     20.000      5.151      5.231      5.037      5.162     -0.080     -0.125    -22.570    -22.670      5.151      5.231      5.037      5.162
     17.000      5.151      5.231      5.038      5.163     -0.080     -0.125    -25.570    -25.670      5.151      5.231      5.038      5.163
     14.000      5.060      5.153      4.937      5.077     -0.092     -0.141    -28.570    -28.670      5.060      5.153      4.937      5.077
     11.000      2.778      2.964      2.746      3.017     -0.186     -0.270    -31.570    -31.670      2.778      2.964      2.746      3.017
      8.000      0.062      0.252      0.119      0.408     -0.190     -0.289    -34.570    -34.670      0.062      0.252      0.119      0.408
      5.000     -2.832     -2.646     -2.730     -2.442     -0.187     -0.288    -37.570    -37.670     -2.832     -2.646     -2.730     -2.442
      2.000     -5.794     -5.610     -5.661     -5.375     -0.184     -0.286    -40.570    -40.670     -5.794     -5.610     -5.661     -5.375
     -1.000     -8.790     -8.608     -8.638     -8.351     -0.182     -0.286    -43.570    -43.670     -8.790     -8.608     -8.638     -8.351
     -4.000    -11.805    -11.623    -11.639    -11.352     -0.182     -0.287    -46.570    -46.670    -11.805    -11.623    -11.639    -11.352
     -7.000    -14.812    -14.630    -14.630    -14.344     -0.181     -0.286    -49.570    -49.670    -14.812    -14.630    -14.630    -14.344
    -10.000    -17.818    -17.638    -17.629    -17.343     -0.180     -0.286    -52.570    -52.670    -17.818    -17.638    -17.629    -17.343
    -13.000    -20.812    -20.633    -20.621    -20.335     -0.179     -0.285    -55.570    -55.670    -20.812    -20.633    -20.621    -20.335
    -16.000    -23.817    -23.638    -23.624    -23.338     -0.179     -0.285    -58.570    -58.670    -23.817    -23.638    -23.624    -23.338
    -19.000    -26.828    -26.649    -26.636    -26.350     -0.179     -0.286    -61.570    -61.670    -26.828    -26.649    -26.636    -26.350
    -22.000    -29.825    -29.646    -29.636    -29.350     -0.179     -0.286    -64.570    -64.670    -29.825    -29.646    -29.636    -29.350
    -25.000    -32.833    -32.653    -32.637    -32.351     -0.180     -0.286    -67.570    -67.670    -32.833    -32.653    -32.637    -32.351
    -28.000    -35.826    -35.647    -35.633    -35.346     -0.180     -0.287    -70.570    -70.670    -35.827    -35.647    -35.634    -35.346
    -31.000    -38.834    -38.655    -38.644    -38.358     -0.179     -0.286    -73.570    -73.670    -38.834    -38.656    -38.645    -38.359
    -34.000    -41.838    -41.658    -41.651    -41.365     -0.180     -0.286    -76.570    -76.670    -41.838    -41.658    -41.652    -41.366
    -37.000    -44.837    -44.654    -44.647    -44.361     -0.183     -0.286    -79.570    -79.670    -44.839    -44.656    -44.649    -44.363
    -40.000    -47.833    -47.653    -47.636    -47.350     -0.180     -0.286    -82.570    -82.670    -47.836    -47.656    -47.639    -47.353
    -43.000    -50.813    -50.626    -50.614    -50.326     -0.187     -0.288    -85.570    -85.670    -50.819    -50.632    -50.620    -50.332
    -46.000    -53.840    -53.662    -53.644    -53.356     -0.178     -0.288    -88.570    -88.670    -53.853    -53.674    -53.657    -53.368
    -49.000    -56.860    -56.681    -56.668    -56.384     -0.178     -0.284    -91.570    -91.670    -56.885    -56.705    -56.694    -56.408
    -52.000    -59.825    -59.644    -59.636    -59.351     -0.181     -0.284    -94.570    -94.670    -59.877    -59.692    -59.687    -59.399
    -55.000    -62.773    -62.600    -62.572    -62.294     -0.173     -0.278    -97.570    -97.670    -62.876    -62.696    -62.673    -62.388
    -58.000    -65.652    -65.484    -65.448    -65.175     -0.168     -0.273   -100.570   -100.670    -65.853    -65.671    -65.647    -65.360
    -61.000    -68.471    -68.310    -68.263    -68.006     -0.161     -0.257   -103.570   -103.670    -68.863    -68.677    -68.652    -68.369
    -64.000    -71.113    -71.002    -70.909    -70.667     -0.111     -0.242   -106.570   -106.670    -71.863    -71.710    -71.653    -71.362
    -67.000    -73.454    -73.388    -73.276    -73.070     -0.066     -0.207   -109.570   -109.670    -74.833    -74.700    -74.652    -74.360
    -70.000    -75.438    -75.410    -75.246    -75.102     -0.028     -0.144   -112.570   -112.670    -77.878    -77.740    -77.667    -77.398
    -73.000    -76.900    -76.906    -76.687    -76.605      0.007     -0.081   -115.570   -115.670    -80.898    -80.737    -80.617    -80.376
    -76.000    -77.855    -77.905    -77.671    -77.621      0.050     -0.050   -118.570   -118.670    -83.868    -83.713    -83.636    -83.359
    -79.000    -78.456    -78.508    -78.252    -78.272      0.051      0.020   -121.570   -121.670    -87.028    -86.672    -86.600    -86.563
    -82.000    -78.722    -78.836    -78.570    -78.558      0.114     -0.012   -124.570   -124.670    -89.450    -89.493    -89.470    -89.007
    -85.000    -78.923    -79.031    -78.739    -78.776      0.107      0.037   -127.570   -127.670    -92.773    -92.584    -92.215    -92.403
    -88.000    -79.004    -79.132    -78.840    -78.877      0.128      0.037   -130.570   -130.670    -95.343    -95.775    -95.352    -95.692
    -91.000    -79.061    -79.175    -78.861    -78.904      0.115      0.043   -133.570   -133.670    -98.889    -98.465    -96.396    -97.213
    -94.000    -79.073    -79.213    -78.905    -78.925      0.140      0.021   -136.570   -136.670   -100.260   -104.178   -100.026    -98.967
    -97.000    -79.082    -79.211    -78.922    -78.978      0.129      0.057   -139.570   -139.670   -101.606   -103.588   -103.050    -98.967
   -100.000    -79.097    -79.232    -78.909    -78.961      0.135      0.052   -142.570   -142.670   -105.828   -103.588   -100.621    -98.967
   -103.000    -79.115    -79.249    -78.966    -78.984      0.134      0.018   -145.570   -145.670   -105.828   -103.588   -100.621    -98.967
   -106.000    -79.120    -79.219    -78.938    -78.989      0.099      0.051   -148.570   -148.670   -105.828   -103.588   -100.621    -98.967
   -109.000    -79.096    -79.227    -78.922    -78.961      0.132      0.039   -151.570   -151.670   -105.828   -103.588   -100.621    -98.967
   -112.000    -79.103    -79.208    -78.957    -78.948      0.104     -0.009   -154.570   -154.670   -105.828   -103.588   -100.621    -98.967
