     20.000      8.016      6.202     -4.122      2.753      1.814     -6.875    -22.570    -22.670      8.016      6.202     -4.122      2.753
     17.000      8.016      6.401     -3.412      2.729      1.615     -6.141    -25.570    -25.670      8.016      6.401     -3.412      2.729
     14.000      7.677     -4.362    -15.055      6.443     12.038    -21.498    -28.570    -28.670      7.677     -4.362    -15.055      6.443
     11.000      6.231      6.596      6.194      6.644     -0.365     -0.450    -31.570    -31.670      6.231      6.596      6.194      6.644
      8.000      3.565      3.968      3.620      4.131     -0.403     -0.511    -34.570    -34.670      3.565      3.968      3.620      4.131
      5.000      0.664      1.075      0.766      1.292     -0.412     -0.526    -37.570    -37.670      0.664      1.075      0.766      1.292
      2.000     -2.323     -1.911     -2.189     -1.660     -0.412     -0.530    -40.570    -40.670     -2.323     -1.911     -2.189     -1.660
     -1.000     -5.337     -4.925     -5.185     -4.654     -0.412     -0.531    -43.570    -43.670     -5.337     -4.925     -5.185     -4.654
     -4.000     -8.307     -7.892     -8.135     -7.605     -0.415     -0.530    -46.570    -46.670     -8.307     -7.892     -8.135     -7.605
     -7.000    -11.342    -10.930    -11.163    -10.630     -0.412     -0.533    -49.570    -49.670    -11.342    -10.930    -11.163    -10.630
    -10.000    -14.311    -13.901    -14.133    -13.594     -0.410     -0.539    -52.570    -52.670    -14.311    -13.901    -14.133    -13.594
    -13.000    -17.288    -16.877    -17.103    -16.567     -0.411     -0.536    -55.570    -55.670    -17.288    -16.877    -17.103    -16.567
    -16.000    -20.340    -19.928    -20.144    -19.610     -0.412     -0.533    -58.570    -58.670    -20.340    -19.928    -20.144    -19.610
    -19.000    -23.307    -22.896    -23.110    -22.578     -0.411     -0.532    -61.570    -61.670    -23.307    -22.896    -23.110    -22.578
    -22.000    -26.342    -25.932    -26.148    -25.614     -0.411     -0.534    -64.570    -64.670    -26.342    -25.932    -26.148    -25.614
    -25.000    -29.306    -28.894    -29.111    -28.576     -0.412     -0.534    -67.570    -67.670    -29.306    -28.894    -29.111    -28.576
    -28.000    -32.337    -31.926    -32.146    -31.612     -0.411     -0.535    -70.570    -70.670    -32.337    -31.926    -32.147    -31.612
    -31.000    -35.329    -34.913    -35.132    -34.599     -0.416     -0.533    -73.570    -73.670    -35.330    -34.913    -35.132    -34.600
    -34.000    -38.306    -37.895    -38.109    -37.577     -0.411     -0.533    -76.570    -76.670    -38.307    -37.896    -38.110    -37.577
    -37.000    -41.344    -40.934    -41.152    -40.617     -0.410     -0.535    -79.570    -79.670    -41.345    -40.935    -41.153    -40.618
    -40.000    -44.324    -43.912    -44.137    -43.598     -0.412     -0.539    -82.570    -82.670    -44.326    -43.914    -44.139    -43.600
    -43.000    -47.298    -46.886    -47.110    -46.581     -0.413     -0.528    -85.570    -85.670    -47.303    -46.890    -47.115    -46.586
    -46.000    -50.322    -49.902    -50.133    -49.602     -0.420     -0.531    -88.570    -88.670    -50.331    -49.911    -50.143    -49.611
    -49.000    -53.316    -52.895    -53.110    -52.578     -0.421     -0.532    -91.570    -91.670    -53.335    -52.914    -53.129    -52.597
    -52.000    -56.357    -55.932    -56.149    -55.610     -0.425     -0.540    -94.570    -94.670    -56.396    -55.971    -56.187    -55.648
    -55.000    -59.380    -58.959    -59.137    -58.631     -0.421     -0.506    -97.570    -97.670    -59.457    -59.036    -59.213    -58.707
    -58.000    -62.288    -61.877    -62.017    -61.544     -0.411     -0.474   -100.570   -100.670    -62.440    -62.029    -62.166    -61.694
    -61.000    -65.212    -64.799    -64.906    -64.468     -0.414     -0.438   -103.570   -103.670    -65.516    -65.102    -65.200    -64.768
    -64.000    -67.938    -67.511    -67.606    -67.183     -0.427     -0.423   -106.570   -106.670    -68.526    -68.095    -68.169    -67.760
    -67.000    -70.517    -70.102    -70.141    -69.748     -0.414     -0.393   -109.570   -109.670    -71.648    -71.230    -71.210    -70.854
    -70.000    -72.689    -72.287    -72.248    -71.913     -0.402     -0.335   -112.570   -112.670    -74.752    -74.351    -74.149    -73.921
    -73.000    -74.409    -73.967    -73.963    -73.604     -0.442     -0.358   -115.570   -115.670    -77.991    -77.502    -77.205    -77.038
    -76.000    -75.555    -75.115    -75.148    -74.811     -0.440     -0.337   -118.570   -118.670    -81.264    -80.730    -80.249    -80.360
    -79.000    -76.261    -75.798    -75.862    -75.517     -0.463     -0.345   -121.570   -121.670    -84.813    -84.007    -83.180    -83.722
    -82.000    -76.615    -76.206    -76.244    -75.900     -0.409     -0.344   -124.570   -124.670    -88.393    -87.920    -85.805    -87.267
    -85.000    -76.804    -76.378    -76.501    -76.100     -0.427     -0.402   -127.570   -127.670    -92.846    -91.645    -88.996    -91.409
    -88.000    -76.876    -76.473    -76.621    -76.192     -0.403     -0.429   -130.570   -130.670    -97.542    -97.362    -91.865    -96.880
    -91.000    -76.924    -76.504    -76.657    -76.231     -0.420     -0.426   -133.570   -133.670    -97.542   -106.294    -93.274    -96.880
    -94.000    -76.910    -76.492    -76.683    -76.229     -0.418     -0.453   -136.570   -136.670    -97.542   -100.691    -94.615    -96.880
    -97.000    -76.911    -76.496    -76.696    -76.213     -0.415     -0.483   -139.570   -139.670    -97.542   -101.875    -95.526    -96.880
   -100.000    -76.918    -76.507    -76.718    -76.240     -0.411     -0.477   -142.570   -142.670    -97.542   -109.667    -97.610    -96.880
   -103.000    -76.896    -76.531    -76.757    -76.242     -0.365     -0.515   -145.570   -145.670    -97.542   -109.667    -97.610    -96.880
   -106.000    -76.914    -76.513    -76.760    -76.247     -0.401     -0.513   -148.570   -148.670    -97.542   -109.667    -97.610    -96.880
   -109.000    -76.935    -76.520    -76.736    -76.255     -0.415     -0.482   -151.570   -151.670    -97.542   -109.667    -97.610    -96.880
   -112.000    -76.921    -76.485    -76.734    -76.227     -0.437     -0.506   -154.570   -154.670    -97.542   -109.667    -97.610    -96.880
   -115.000    -76.918    -76.517    -76.724    -76.215     -0.401     -0.509   -157.570   -157.670    -97.542   -109.667    -97.610    -96.880
   -118.000    -76.906    -76.527    -76.766    -76.236     -0.379     -0.530   -160.570   -160.670    -97.542   -109.667    -97.610    -96.880
   -121.000    -76.896    -76.525    -76.762    -76.233     -0.371     -0.529   -163.570   -163.670    -97.542   -109.667    -97.610    -96.880
   -124.000    -76.929    -76.499    -76.746    -76.219     -0.431     -0.527   -166.570   -166.670    -97.542   -109.667    -97.610    -96.880
   -127.000    -76.919    -76.518    -76.737    -76.237     -0.401     -0.500   -169.570   -169.670    -97.542   -109.667    -97.610    -96.880
   -130.000    -76.910    -76.493    -76.767    -76.228     -0.417     -0.539   -172.570   -172.670    -97.542   -109.667    -97.610    -96.880
