     20.000      2.381      2.453      2.270      2.385     -0.072     -0.115    -22.570    -22.670      2.381      2.453      2.270      2.385
     17.000      2.380      2.452      2.270      2.385     -0.072     -0.115    -25.570    -25.670      2.380      2.452      2.270      2.385
     14.000      2.304      2.387      2.180      2.312     -0.083     -0.132    -28.570    -28.670      2.304      2.387      2.180      2.312
     11.000      0.141      0.334      0.074      0.355     -0.193     -0.281    -31.570    -31.670      0.141      0.334      0.074      0.355
      8.000     -2.553     -2.353     -2.529     -2.225     -0.200     -0.304    -34.570    -34.670     -2.553     -2.353     -2.529     -2.225
      5.000     -5.440     -5.243     -5.370     -5.065     -0.197     -0.305    -37.570    -37.670     -5.440     -5.243     -5.370     -5.065
      2.000     -8.397     -8.203     -8.298     -7.994     -0.194     -0.304    -40.570    -40.670     -8.397     -8.203     -8.298     -7.994
     -1.000    -11.391    -11.198    -11.272    -10.967     -0.193     -0.304    -43.570    -43.670    -11.391    -11.198    -11.272    -10.967
     -4.000    -14.414    -14.222    -14.282    -13.977     -0.193     -0.305    -46.570    -46.670    -14.414    -14.222    -14.282    -13.977
     -7.000    -17.421    -17.229    -17.273    -16.968     -0.192     -0.304    -49.570    -49.670    -17.421    -17.229    -17.273    -16.968
    -10.000    -20.430    -20.240    -20.274    -19.970     -0.191     -0.304    -52.570    -52.670    -20.430    -20.240    -20.274    -19.970
    -13.000    -23.428    -23.238    -23.269    -22.965     -0.190     -0.304    -55.570    -55.670    -23.428    -23.238    -23.269    -22.965
    -16.000    -26.432    -26.242    -26.272    -25.968     -0.190     -0.304    -58.570    -58.670    -26.432    -26.242    -26.272    -25.968
    -19.000    -29.445    -29.255    -29.286    -28.982     -0.190     -0.304    -61.570    -61.670    -29.445    -29.255    -29.286    -28.982
    -22.000    -32.442    -32.252    -32.285    -31.982     -0.190     -0.303    -64.570    -64.670    -32.442    -32.252    -32.285    -31.982
    -25.000    -35.450    -35.260    -35.287    -34.984     -0.191     -0.303    -67.570    -67.670    -35.450    -35.260    -35.287    -34.984
    -28.000    -38.446    -38.255    -38.286    -37.982     -0.191     -0.304    -70.570    -70.670    -38.446    -38.256    -38.286    -37.982
    -31.000    -41.453    -41.263    -41.295    -40.991     -0.190     -0.303    -73.570    -73.670    -41.454    -41.264    -41.295    -40.992
    -34.000    -44.457    -44.267    -44.303    -44.000     -0.190     -0.303    -76.570    -76.670    -44.458    -44.268    -44.304    -44.001
    -37.000    -47.458    -47.264    -47.300    -46.996     -0.194     -0.303    -79.570    -79.670    -47.460    -47.266    -47.301    -46.998
    -40.000    -50.455    -50.263    -50.290    -49.988     -0.192     -0.301    -82.570    -82.670    -50.459    -50.267    -50.293    -49.992
    -43.000    -53.431    -53.239    -53.266    -52.963     -0.192     -0.303    -85.570    -85.670    -53.438    -53.246    -53.273    -52.970
    -46.000    -56.461    -56.269    -56.291    -55.992     -0.193     -0.300    -88.570    -88.670    -56.476    -56.282    -56.306    -56.006
    -49.000    -59.483    -59.292    -59.321    -59.020     -0.191     -0.300    -91.570    -91.670    -59.512    -59.320    -59.350    -59.048
    -52.000    -62.446    -62.253    -62.283    -61.993     -0.194     -0.290    -94.570    -94.670    -62.505    -62.308    -62.341    -62.049
    -55.000    -65.380    -65.191    -65.211    -64.920     -0.189     -0.291    -97.570    -97.670    -65.495    -65.300    -65.327    -65.029
    -58.000    -68.259    -68.080    -68.084    -67.791     -0.179     -0.293   -100.570   -100.670    -68.485    -68.295    -68.311    -68.006
    -61.000    -71.062    -70.878    -70.862    -70.594     -0.183     -0.268   -103.570   -103.670    -71.504    -71.299    -71.303    -71.014
    -64.000    -73.670    -73.512    -73.478    -73.215     -0.158     -0.263   -106.570   -106.670    -74.513    -74.317    -74.321    -74.017
    -67.000    -75.979    -75.844    -75.805    -75.543     -0.135     -0.262   -109.570   -109.670    -77.530    -77.327    -77.363    -77.019
    -70.000    -77.874    -77.768    -77.670    -77.451     -0.106     -0.219   -112.570   -112.670    -80.588    -80.368    -80.372    -80.025
    -73.000    -79.245    -79.139    -79.004    -78.859     -0.106     -0.145   -115.570   -115.670    -83.648    -83.316    -83.320    -83.044
    -76.000    -80.094    -80.081    -79.909    -79.777     -0.013     -0.132   -118.570   -118.670    -86.566    -86.416    -86.399    -86.048
    -79.000    -80.611    -80.604    -80.418    -80.329     -0.007     -0.089   -121.570   -121.670    -89.561    -89.323    -89.347    -89.106
    -82.000    -80.909    -80.906    -80.694    -80.644     -0.002     -0.050   -124.570   -124.670    -92.752    -92.340    -92.195    -92.366
    -85.000    -81.029    -81.044    -80.884    -80.791      0.015     -0.092   -127.570   -127.670    -95.094    -94.812    -96.236    -95.354
    -88.000    -81.116    -81.143    -80.954    -80.881      0.027     -0.073   -130.570   -130.670    -98.148    -98.144    -99.672    -99.162
    -91.000    -81.192    -81.200    -80.985    -80.877      0.008     -0.109   -133.570   -133.670   -107.153   -102.764   -103.046    -98.877
    -94.000    -81.187    -81.207    -81.027    -80.925      0.021     -0.102   -136.570   -136.670   -105.655   -104.006   -103.046   -104.128
    -97.000    -81.197    -81.209    -81.020    -80.933      0.012     -0.087   -139.570   -139.670   -109.940   -104.336   -103.046   -106.300
   -100.000    -81.186    -81.216    -81.000    -80.936      0.030     -0.064   -142.570   -142.670   -105.464   -106.050   -103.046   -107.219
   -103.000    -81.204    -81.245    -81.021    -80.940      0.041     -0.081   -145.570   -145.670   -105.464   -106.050   -103.046   -109.316
   -106.000    -81.208    -81.212    -81.009    -80.974      0.004     -0.035   -148.570   -148.670   -105.464   -106.050   -103.046   -109.316
   -109.000    -81.192    -81.237    -81.018    -80.942      0.046     -0.076   -151.570   -151.670   -105.464   -106.050   -103.046   -109.316
   -112.000    -81.222    -81.241    -81.014    -80.939      0.019     -0.075   -154.570   -154.670   -105.464   -106.050   -103.046   -109.316
