     20.000      2.476      2.478      2.406      2.435     -0.003     -0.029    -22.570    -22.670      2.476      2.478      2.406      2.435
     17.000      2.475      2.478      2.406      2.435     -0.002     -0.029    -25.570    -25.670      2.475      2.478      2.406      2.435
     14.000      2.402      2.401      2.319      2.353      0.001     -0.034    -28.570    -28.670      2.402      2.401      2.319      2.353
     11.000      0.265      0.246      0.246      0.319      0.019     -0.073    -31.570    -31.670      0.265      0.246      0.246      0.319
      8.000     -2.424     -2.455     -2.347     -2.282      0.031     -0.065    -34.570    -34.670     -2.424     -2.455     -2.347     -2.282
      5.000     -5.310     -5.347     -5.188     -5.131      0.037     -0.056    -37.570    -37.670     -5.310     -5.347     -5.188     -5.131
      2.000     -8.270     -8.312     -8.116     -8.060      0.042     -0.056    -40.570    -40.670     -8.270     -8.312     -8.116     -8.060
     -1.000    -11.265    -11.308    -11.089    -11.035      0.043     -0.053    -43.570    -43.670    -11.265    -11.308    -11.089    -11.035
     -4.000    -14.295    -14.327    -14.095    -14.050      0.032     -0.045    -46.570    -46.670    -14.295    -14.327    -14.095    -14.050
     -7.000    -17.299    -17.336    -17.088    -17.044      0.037     -0.044    -49.570    -49.670    -17.299    -17.336    -17.088    -17.044
    -10.000    -20.308    -20.354    -20.093    -20.044      0.046     -0.049    -52.570    -52.670    -20.308    -20.354    -20.093    -20.044
    -13.000    -23.308    -23.352    -23.091    -23.040      0.044     -0.050    -55.570    -55.670    -23.308    -23.352    -23.091    -23.040
    -16.000    -26.315    -26.359    -26.093    -26.049      0.044     -0.045    -58.570    -58.670    -26.315    -26.359    -26.093    -26.049
    -19.000    -29.326    -29.375    -29.110    -29.062      0.049     -0.048    -61.570    -61.670    -29.326    -29.375    -29.110    -29.062
    -22.000    -32.330    -32.374    -32.113    -32.066      0.044     -0.047    -64.570    -64.670    -32.330    -32.374    -32.113    -32.066
    -25.000    -35.340    -35.389    -35.120    -35.069      0.049     -0.050    -67.570    -67.670    -35.340    -35.389    -35.120    -35.070
    -28.000    -38.339    -38.387    -38.118    -38.072      0.047     -0.046    -70.570    -70.670    -38.340    -38.387    -38.118    -38.072
    -31.000    -41.353    -41.397    -41.132    -41.089      0.044     -0.043    -73.570    -73.670    -41.353    -41.397    -41.132    -41.090
    -34.000    -44.359    -44.407    -44.143    -44.102      0.048     -0.041    -76.570    -76.670    -44.360    -44.408    -44.144    -44.103
    -37.000    -47.373    -47.415    -47.145    -47.110      0.042     -0.035    -79.570    -79.670    -47.375    -47.417    -47.147    -47.111
    -40.000    -50.376    -50.428    -50.142    -50.111      0.053     -0.031    -82.570    -82.670    -50.379    -50.432    -50.145    -50.115
    -43.000    -53.363    -53.406    -53.109    -53.097      0.043     -0.012    -85.570    -85.670    -53.370    -53.413    -53.116    -53.104
    -46.000    -56.408    -56.451    -56.147    -56.138      0.043     -0.009    -88.570    -88.670    -56.422    -56.465    -56.161    -56.152
    -49.000    -59.461    -59.505    -59.181    -59.191      0.044      0.010    -91.570    -91.670    -59.489    -59.533    -59.209    -59.220
    -52.000    -62.481    -62.521    -62.168    -62.195      0.040      0.027    -94.570    -94.670    -62.538    -62.578    -62.225    -62.252
    -55.000    -65.397    -65.480    -65.025    -65.108      0.083      0.083    -97.570    -97.670    -65.509    -65.593    -65.135    -65.219
    -58.000    -68.315    -68.396    -67.871    -68.027      0.081      0.156   -100.570   -100.670    -68.539    -68.620    -68.084    -68.248
    -61.000    -71.197    -71.271    -70.640    -70.892      0.073      0.252   -103.570   -103.670    -71.642    -71.715    -71.053    -71.331
    -64.000    -73.838    -73.976    -73.210    -73.548      0.138      0.337   -106.570   -106.670    -74.692    -74.845    -73.987    -74.394
    -67.000    -76.182    -76.357    -75.458    -75.883      0.175      0.426   -109.570   -109.670    -77.771    -77.992    -76.853    -77.452
    -70.000    -78.133    -78.336    -77.375    -77.846      0.203      0.471   -112.570   -112.670    -80.974    -81.302    -79.796    -80.656
    -73.000    -79.545    -79.730    -78.805    -79.263      0.185      0.458   -115.570   -115.670    -84.290    -84.709    -82.719    -83.951
    -76.000    -80.422    -80.612    -79.741    -80.141      0.190      0.400   -118.570   -118.670    -87.711    -88.459    -85.537    -87.312
    -79.000    -80.860    -81.044    -80.300    -80.602      0.184      0.302   -121.570   -121.670    -90.849    -92.194    -88.199    -90.538
    -82.000    -81.130    -81.254    -80.586    -80.855      0.123      0.269   -124.570   -124.670    -94.850    -96.324    -90.371    -94.090
    -85.000    -81.233    -81.361    -80.809    -80.982      0.128      0.173   -127.570   -127.670    -98.304   -102.945    -93.186    -98.121
    -88.000    -81.302    -81.404    -80.894    -81.029      0.101      0.135   -130.570   -130.670   -105.503   -102.945    -94.943   -101.633
    -91.000    -81.326    -81.415    -80.956    -81.056      0.089      0.100   -133.570   -133.670   -105.503   -102.945    -96.890   -107.357
    -94.000    -81.301    -81.408    -80.991    -81.055      0.107      0.064   -136.570   -136.670   -105.503   -102.945    -98.522   -106.885
    -97.000    -81.313    -81.398    -81.016    -81.068      0.085      0.052   -139.570   -139.670   -105.503   -102.945   -100.223   -106.885
   -100.000    -81.318    -81.396    -81.041    -81.082      0.078      0.041   -142.570   -142.670   -105.503   -102.945   -103.086   -106.885
   -103.000    -81.323    -81.386    -81.066    -81.065      0.063     -0.001   -145.570   -145.670   -105.503   -102.945   -113.968   -106.885
   -106.000    -81.328    -81.381    -81.078    -81.069      0.052     -0.009   -148.570   -148.670   -105.503   -102.945   -113.968   -106.885
   -109.000    -81.329    -81.393    -81.077    -81.061      0.064     -0.016   -151.570   -151.670   -105.503   -102.945   -113.968   -106.885
   -112.000    -81.297    -81.398    -81.079    -81.056      0.101     -0.023   -154.570   -154.670   -105.503   -102.945   -113.968   -106.885
