     20.000      2.326      2.437      2.244      2.401     -0.111     -0.157    -22.570    -22.670      2.326      2.437      2.244      2.401
     17.000      2.326      2.436      2.244      2.401     -0.110     -0.156    -25.570    -25.670      2.326      2.436      2.244      2.401
     14.000      2.247      2.374      2.156      2.334     -0.127     -0.178    -28.570    -28.670      2.247      2.374      2.156      2.334
     11.000     -0.016      0.289     -0.031      0.350     -0.305     -0.381    -31.570    -31.670     -0.016      0.289     -0.031      0.350
      8.000     -2.733     -2.397     -2.662     -2.237     -0.336     -0.425    -34.570    -34.670     -2.733     -2.397     -2.662     -2.237
      5.000     -5.629     -5.288     -5.513     -5.078     -0.341     -0.435    -37.570    -37.670     -5.629     -5.288     -5.513     -5.078
      2.000     -8.588     -8.242     -8.442     -8.008     -0.345     -0.433    -40.570    -40.670     -8.588     -8.242     -8.442     -8.008
     -1.000    -11.584    -11.238    -11.419    -10.983     -0.345     -0.436    -43.570    -43.670    -11.584    -11.238    -11.419    -10.983
     -4.000    -14.634    -14.289    -14.454    -14.010     -0.345     -0.444    -46.570    -46.670    -14.634    -14.289    -14.454    -14.010
     -7.000    -17.641    -17.296    -17.448    -17.002     -0.345     -0.447    -49.570    -49.670    -17.641    -17.296    -17.448    -17.002
    -10.000    -20.652    -20.307    -20.452    -20.012     -0.344     -0.440    -52.570    -52.670    -20.652    -20.307    -20.452    -20.012
    -13.000    -23.652    -23.309    -23.450    -23.010     -0.343     -0.440    -55.570    -55.670    -23.652    -23.309    -23.450    -23.010
    -16.000    -26.658    -26.316    -26.455    -26.013     -0.342     -0.442    -58.570    -58.670    -26.658    -26.316    -26.455    -26.013
    -19.000    -29.674    -29.330    -29.471    -29.030     -0.345     -0.441    -61.570    -61.670    -29.674    -29.330    -29.471    -29.030
    -22.000    -32.668    -32.329    -32.473    -32.030     -0.339     -0.443    -64.570    -64.670    -32.668    -32.329    -32.473    -32.030
    -25.000    -35.682    -35.337    -35.477    -35.036     -0.345     -0.441    -67.570    -67.670    -35.682    -35.338    -35.477    -35.036
    -28.000    -38.677    -38.333    -38.481    -38.033     -0.344     -0.448    -70.570    -70.670    -38.677    -38.333    -38.481    -38.033
    -31.000    -41.686    -41.341    -41.492    -41.040     -0.345     -0.452    -73.570    -73.670    -41.686    -41.341    -41.493    -41.041
    -34.000    -44.695    -44.346    -44.503    -44.055     -0.349     -0.448    -76.570    -76.670    -44.696    -44.347    -44.504    -44.056
    -37.000    -47.677    -47.341    -47.507    -47.041     -0.336     -0.466    -79.570    -79.670    -47.679    -47.343    -47.508    -47.043
    -40.000    -50.678    -50.335    -50.504    -50.028     -0.343     -0.476    -82.570    -82.670    -50.681    -50.338    -50.508    -50.032
    -43.000    -53.662    -53.298    -53.488    -53.016     -0.364     -0.472    -85.570    -85.670    -53.669    -53.305    -53.494    -53.023
    -46.000    -56.683    -56.307    -56.518    -56.036     -0.375     -0.481    -88.570    -88.670    -56.696    -56.321    -56.531    -56.050
    -49.000    -59.677    -59.311    -59.568    -59.053     -0.366     -0.515    -91.570    -91.670    -59.703    -59.339    -59.595    -59.080
    -52.000    -62.582    -62.254    -62.547    -61.978     -0.328     -0.569    -94.570    -94.670    -62.634    -62.308    -62.600    -62.031
    -55.000    -65.559    -65.161    -65.521    -64.961     -0.398     -0.561    -97.570    -97.670    -65.664    -65.268    -65.628    -65.067
    -58.000    -68.426    -68.017    -68.486    -67.828     -0.409     -0.658   -100.570   -100.670    -68.632    -68.226    -68.699    -68.037
    -61.000    -71.195    -70.770    -71.354    -70.612     -0.425     -0.742   -103.570   -103.670    -71.593    -71.171    -71.776    -71.017
    -64.000    -73.855    -73.390    -74.114    -73.273     -0.464     -0.841   -106.570   -106.670    -74.620    -74.154    -74.948    -74.053
    -67.000    -76.226    -75.703    -76.564    -75.654     -0.523     -0.910   -109.570   -109.670    -77.647    -77.099    -78.158    -77.107
    -70.000    -78.157    -77.597    -78.591    -77.610     -0.560     -0.981   -112.570   -112.670    -80.638    -80.002    -81.515    -80.178
    -73.000    -79.521    -78.959    -79.971    -78.996     -0.562     -0.976   -115.570   -115.670    -83.454    -82.745    -84.831    -83.132
    -76.000    -80.456    -79.893    -80.866    -79.898     -0.564     -0.968   -118.570   -118.670    -86.288    -85.441    -88.497    -86.025
    -79.000    -81.039    -80.522    -81.364    -80.507     -0.517     -0.856   -121.570   -121.670    -89.134    -88.313    -92.783    -89.364
    -82.000    -81.398    -80.859    -81.628    -80.833     -0.540     -0.795   -124.570   -124.670    -92.258    -90.901   -100.236    -92.882
    -85.000    -81.566    -81.072    -81.711    -80.968     -0.494     -0.743   -127.570   -127.670    -94.936    -93.777   -100.236    -95.823
    -88.000    -81.686    -81.186    -81.754    -81.069     -0.501     -0.685   -130.570   -130.670    -98.867    -96.632   -100.236   -101.042
    -91.000    -81.732    -81.249    -81.749    -81.106     -0.483     -0.643   -133.570   -133.670   -102.272    -99.693   -100.236   -109.104
    -94.000    -81.771    -81.286    -81.742    -81.141     -0.484     -0.601   -136.570   -136.670   -102.272   -103.650   -100.236   -109.104
    -97.000    -81.775    -81.317    -81.729    -81.143     -0.458     -0.585   -139.570   -139.670   -102.272   -103.650   -100.236   -109.104
   -100.000    -81.769    -81.333    -81.732    -81.151     -0.436     -0.580   -142.570   -142.670   -102.272   -103.650   -100.236   -109.104
   -103.000    -81.751    -81.314    -81.718    -81.151     -0.436     -0.567   -145.570   -145.670   -102.272   -103.650   -100.236   -109.104
   -106.000    -81.774    -81.314    -81.708    -81.141     -0.461     -0.566   -148.570   -148.670   -102.272   -103.650   -100.236   -109.104
   -109.000    -81.783    -81.300    -81.706    -81.132     -0.483     -0.575   -151.570   -151.670   -102.272   -103.650   -100.236   -109.104
   -112.000    -81.776    -81.305    -81.686    -81.115     -0.470     -0.571   -154.570   -154.670   -102.272   -103.650   -100.236   -109.104
   -115.000    -81.760    -81.333    -81.702    -81.111     -0.427     -0.591   -157.570   -157.670   -102.272   -103.650   -100.236   -109.104
   -118.000    -81.780    -81.320    -81.683    -81.124     -0.460     -0.559   -160.570   -160.670   -102.272   -103.650   -100.236   -109.104
   -121.000    -81.770    -81.312    -81.689    -81.113     -0.459     -0.576   -163.570   -163.670   -102.272   -103.650   -100.236   -109.104
