    -10.000      8.474      8.573      7.185      8.116     -0.099     -0.931    -26.330    -26.270      8.474      8.573      7.185      8.116
    -12.000      8.251      8.345      7.190      8.083     -0.094     -0.893    -28.330    -28.270      8.251      8.345      7.190      8.083
    -14.000      7.401      7.561      7.501      7.748     -0.160     -0.247    -30.330    -30.270      7.401      7.561      7.501      7.748
    -16.000      5.907      6.109      6.068      6.376     -0.202     -0.308    -32.330    -32.270      5.907      6.109      6.068      6.376
    -18.000      4.209      4.422      4.422      4.750     -0.212     -0.329    -34.330    -34.270      4.209      4.422      4.422      4.750
    -20.000      2.331      2.546      2.579      2.914     -0.216     -0.335    -36.330    -36.270      2.331      2.546      2.579      2.914
    -22.000      0.395      0.612      0.669      1.006     -0.216     -0.336    -38.330    -38.270      0.395      0.612      0.669      1.005
    -24.000     -1.503     -1.284     -1.210     -0.873     -0.219     -0.337    -40.330    -40.270     -1.503     -1.284     -1.210     -0.873
    -26.000     -3.496     -3.280     -3.188     -2.851     -0.216     -0.338    -42.330    -42.270     -3.496     -3.280     -3.188     -2.851
    -28.000     -5.502     -5.285     -5.181     -4.842     -0.217     -0.339    -44.330    -44.270     -5.502     -5.285     -5.181     -4.842
    -30.000     -7.467     -7.254     -7.141     -6.801     -0.213     -0.339    -46.330    -46.270     -7.467     -7.254     -7.141     -6.801
    -32.000     -9.486     -9.275     -9.154     -8.815     -0.211     -0.339    -48.330    -48.270     -9.486     -9.275     -9.154     -8.815
    -34.000    -11.457    -11.241    -11.114    -10.775     -0.216     -0.339    -50.330    -50.270    -11.457    -11.241    -11.114    -10.775
    -36.000    -13.485    -13.265    -13.133    -12.794     -0.219     -0.338    -52.330    -52.270    -13.485    -13.266    -13.133    -12.795
    -38.000    -15.458    -15.230    -15.094    -14.757     -0.228     -0.337    -54.330    -54.270    -15.458    -15.230    -15.094    -14.757
    -40.000    -17.485    -17.269    -17.124    -16.787     -0.216     -0.337    -56.330    -56.270    -17.485    -17.269    -17.124    -16.787
    -42.000    -19.508    -19.293    -19.151    -18.812     -0.215     -0.339    -58.330    -58.270    -19.508    -19.293    -19.151    -18.812
    -44.000    -21.483    -21.270    -21.127    -20.789     -0.212     -0.338    -60.330    -60.270    -21.483    -21.270    -21.127    -20.789
    -46.000    -23.488    -23.274    -23.132    -22.792     -0.214     -0.340    -62.330    -62.270    -23.488    -23.275    -23.132    -22.792
    -48.000    -25.454    -25.237    -25.099    -24.760     -0.218     -0.339    -64.330    -64.270    -25.454    -25.237    -25.100    -24.760
    -50.000    -27.484    -27.271    -27.126    -26.787     -0.213     -0.339    -66.330    -66.270    -27.484    -27.271    -27.126    -26.787
    -52.000    -29.511    -29.287    -29.147    -28.809     -0.224     -0.338    -68.330    -68.270    -29.511    -29.287    -29.147    -28.809
    -54.000    -31.518    -31.304    -31.155    -30.815     -0.214     -0.340    -70.330    -70.270    -31.518    -31.304    -31.155    -30.815
    -56.000    -33.537    -33.321    -33.179    -32.840     -0.216     -0.339    -72.330    -72.270    -33.537    -33.321    -33.179    -32.840
    -58.000    -35.483    -35.265    -35.126    -34.789     -0.218     -0.337    -74.330    -74.270    -35.483    -35.265    -35.126    -34.790
    -60.000    -37.521    -37.301    -37.148    -36.811     -0.220     -0.337    -76.330    -76.270    -37.522    -37.302    -37.149    -36.812
    -62.000    -39.538    -39.319    -39.167    -38.829     -0.219     -0.338    -78.330    -78.270    -39.538    -39.319    -39.168    -38.830
    -64.000    -41.481    -41.283    -41.104    -40.767     -0.197     -0.337    -80.330    -80.270    -41.482    -41.284    -41.105    -40.769
    -66.000    -43.538    -43.320    -43.115    -42.781     -0.218     -0.334    -82.330    -82.270    -43.539    -43.321    -43.117    -42.783
    -68.000    -45.497    -45.280    -45.068    -44.737     -0.217     -0.331    -84.330    -84.270    -45.500    -45.283    -45.070    -44.739
    -70.000    -47.520    -47.303    -47.084    -46.753     -0.218     -0.332    -86.330    -86.270    -47.524    -47.307    -47.089    -46.757
    -72.000    -49.542    -49.320    -49.097    -48.764     -0.223     -0.333    -88.330    -88.270    -49.549    -49.326    -49.103    -48.770
    -74.000    -51.509    -51.289    -51.075    -50.732     -0.220     -0.344    -90.330    -90.270    -51.519    -51.299    -51.085    -50.742
    -76.000    -53.526    -53.300    -53.109    -52.766     -0.225     -0.343    -92.330    -92.270    -53.542    -53.317    -53.125    -52.782
    -78.000    -55.467    -55.240    -55.061    -54.720     -0.226     -0.342    -94.330    -94.270    -55.493    -55.266    -55.087    -54.745
    -80.000    -57.466    -57.249    -57.073    -56.734     -0.217     -0.339    -96.330    -96.270    -57.507    -57.290    -57.113    -56.774
    -82.000    -59.416    -59.175    -59.011    -58.676     -0.240     -0.334    -98.330    -98.270    -59.480    -59.240    -59.074    -58.739
    -84.000    -61.395    -61.157    -60.990    -60.668     -0.239     -0.323   -100.330   -100.270    -61.498    -61.259    -61.090    -60.767
    -86.000    -63.331    -63.090    -62.927    -62.608     -0.241     -0.319   -102.330   -102.270    -63.492    -63.250    -63.084    -62.764
    -88.000    -65.229    -64.977    -64.822    -64.500     -0.252     -0.322   -104.330   -104.270    -65.481    -65.227    -65.068    -64.745
    -90.000    -67.099    -66.857    -66.699    -66.384     -0.242     -0.315   -106.330   -106.270    -67.493    -67.249    -67.083    -66.768
    -92.000    -68.862    -68.622    -68.460    -68.130     -0.240     -0.330   -108.330   -108.270    -69.468    -69.224    -69.049    -68.717
    -94.000    -70.570    -70.337    -70.172    -69.846     -0.233     -0.326   -110.330   -110.270    -71.501    -71.264    -71.078    -70.749
    -96.000    -72.061    -71.851    -71.682    -71.358     -0.210     -0.323   -112.330   -112.270    -73.440    -73.232    -73.028    -72.701
    -98.000    -73.447    -73.251    -73.078    -72.741     -0.196     -0.336   -114.330   -114.270    -75.483    -75.299    -75.069    -74.719
   -100.000    -74.638    -74.387    -74.247    -73.926     -0.251     -0.320   -116.330   -116.270    -77.581    -77.298    -77.097    -76.770
   -102.000    -75.515    -75.286    -75.151    -74.858     -0.229     -0.293   -118.330   -118.270    -79.523    -79.274    -79.051    -78.788
   -104.000    -76.237    -76.009    -75.877    -75.557     -0.228     -0.320   -120.330   -120.270    -81.636    -81.380    -81.114    -80.778
   -106.000    -76.730    -76.510    -76.400    -76.087     -0.220     -0.313   -122.330   -122.270    -83.657    -83.422    -83.180    -82.869
   -108.000    -77.078    -76.835    -76.737    -76.426     -0.243     -0.310   -124.330   -124.270    -85.729    -85.320    -85.089    -84.796
   -110.000    -77.292    -77.079    -77.018    -76.682     -0.213     -0.336   -126.330   -126.270    -87.615    -87.438    -87.522    -86.964
   -112.000    -77.449    -77.220    -77.142    -76.837     -0.229     -0.306   -128.330   -128.270    -89.713    -89.287    -89.185    -88.993
   -114.000    -77.549    -77.340    -77.257    -76.953     -0.210     -0.305   -130.330   -130.270    -91.810    -91.778    -91.530    -91.454
   -116.000    -77.597    -77.377    -77.307    -77.019     -0.220     -0.288   -132.330   -132.270    -93.309    -92.952    -93.107    -93.868
   -118.000    -77.638    -77.428    -77.360    -77.037     -0.209     -0.323   -134.330   -134.270    -95.158    -95.379    -95.806    -94.875
   -120.000    -77.677    -77.465    -77.365    -77.091     -0.211     -0.274   -136.330   -136.270    -98.224    -98.624    -96.162   -100.794
   -122.000    -77.700    -77.493    -77.404    -77.085     -0.208     -0.319   -138.330   -138.270   -102.366   -106.030   -101.080    -99.521
   -124.000    -77.713    -77.500    -77.417    -77.099     -0.213     -0.318   -140.330   -140.270   -111.177   -106.030   -106.499   -103.332
   -126.000    -77.727    -77.491    -77.407    -77.110     -0.236     -0.297   -142.330   -142.270   -111.177   -106.030   -101.842   -103.332
   -128.000    -77.736    -77.504    -77.443    -77.113     -0.232     -0.330   -144.330   -144.270   -111.177   -106.030   -101.842   -103.332
   -130.000    -77.721    -77.510    -77.441    -77.126     -0.211     -0.315   -146.330   -146.270   -111.177   -106.030   -101.842   -103.332
   -132.000    -77.729    -77.511    -77.440    -77.121     -0.218     -0.319   -148.330   -148.270   -111.177   -106.030   -101.842   -103.332
   -134.000    -77.718    -77.495    -77.443    -77.133     -0.223     -0.310   -150.330   -150.270   -111.177   -106.030   -101.842   -103.332
   -136.000    -77.715    -77.519    -77.444    -77.108     -0.197     -0.337   -152.330   -152.270   -111.177   -106.030   -101.842   -103.332
