     20.000      2.266      2.181      2.386      2.351      0.085      0.035    -22.570    -22.670      2.266      2.181      2.386      2.351
     17.000      2.266      2.181      2.386      2.351      0.085      0.035    -25.570    -25.670      2.266      2.181      2.386      2.351
     14.000      2.183      2.090      2.321      2.280      0.093      0.041    -28.570    -28.670      2.183      2.090      2.321      2.280
     11.000     -0.133     -0.143      0.182      0.252      0.010     -0.070    -31.570    -31.670     -0.133     -0.143      0.182      0.252
      8.000     -2.860     -2.786     -2.515     -2.349     -0.074     -0.166    -34.570    -34.670     -2.860     -2.786     -2.515     -2.349
      5.000     -5.755     -5.641     -5.404     -5.196     -0.114     -0.208    -37.570    -37.670     -5.755     -5.641     -5.404     -5.196
      2.000     -8.721     -8.575     -8.366     -8.127     -0.146     -0.239    -40.570    -40.670     -8.721     -8.575     -8.366     -8.127
     -1.000    -11.716    -11.553    -11.363    -11.101     -0.163     -0.262    -43.570    -43.670    -11.716    -11.553    -11.363    -11.101
     -4.000    -14.753    -14.584    -14.405    -14.125     -0.169     -0.280    -46.570    -46.670    -14.753    -14.584    -14.405    -14.125
     -7.000    -17.761    -17.574    -17.412    -17.117     -0.187     -0.295    -49.570    -49.670    -17.761    -17.574    -17.412    -17.117
    -10.000    -20.778    -20.578    -20.424    -20.123     -0.200     -0.301    -52.570    -52.670    -20.778    -20.578    -20.424    -20.123
    -13.000    -23.776    -23.575    -23.423    -23.121     -0.201     -0.302    -55.570    -55.670    -23.776    -23.575    -23.423    -23.121
    -16.000    -26.779    -26.577    -26.427    -26.122     -0.202     -0.305    -58.570    -58.670    -26.779    -26.577    -26.427    -26.122
    -19.000    -29.793    -29.592    -29.441    -29.137     -0.201     -0.304    -61.570    -61.670    -29.793    -29.592    -29.441    -29.137
    -22.000    -32.788    -32.594    -32.434    -32.137     -0.194     -0.297    -64.570    -64.670    -32.788    -32.594    -32.434    -32.137
    -25.000    -35.799    -35.599    -35.444    -35.143     -0.200     -0.301    -67.570    -67.670    -35.799    -35.599    -35.444    -35.143
    -28.000    -38.791    -38.595    -38.437    -38.137     -0.196     -0.300    -70.570    -70.670    -38.791    -38.595    -38.437    -38.137
    -31.000    -41.796    -41.607    -41.444    -41.144     -0.189     -0.300    -73.570    -73.670    -41.796    -41.607    -41.444    -41.144
    -34.000    -44.799    -44.621    -44.445    -44.155     -0.178     -0.290    -76.570    -76.670    -44.800    -44.622    -44.446    -44.156
    -37.000    -47.791    -47.614    -47.428    -47.149     -0.177     -0.279    -79.570    -79.670    -47.793    -47.616    -47.430    -47.151
    -40.000    -50.793    -50.616    -50.426    -50.145     -0.177     -0.281    -82.570    -82.670    -50.796    -50.619    -50.430    -50.148
    -43.000    -53.776    -53.617    -53.408    -53.111     -0.159     -0.297    -85.570    -85.670    -53.783    -53.624    -53.415    -53.118
    -46.000    -56.800    -56.660    -56.433    -56.133     -0.140     -0.300    -88.570    -88.670    -56.814    -56.674    -56.447    -56.147
    -49.000    -59.802    -59.704    -59.431    -59.163     -0.098     -0.268    -91.570    -91.670    -59.830    -59.732    -59.459    -59.191
    -52.000    -62.744    -62.652    -62.336    -62.130     -0.092     -0.206    -94.570    -94.670    -62.799    -62.707    -62.391    -62.185
    -55.000    -65.731    -65.668    -65.324    -65.098     -0.063     -0.226    -97.570    -97.670    -65.840    -65.778    -65.434    -65.208
    -58.000    -68.630    -68.615    -68.199    -67.992     -0.015     -0.207   -100.570   -100.670    -68.845    -68.834    -68.416    -68.208
    -61.000    -71.436    -71.500    -70.976    -70.813      0.064     -0.163   -103.570   -103.670    -71.857    -71.937    -71.396    -71.237
    -64.000    -74.101    -74.245    -73.610    -73.491      0.144     -0.119   -106.570   -106.670    -74.913    -75.107    -74.415    -74.313
    -67.000    -76.500    -76.677    -75.932    -75.910      0.177     -0.022   -109.570   -109.670    -78.026    -78.321    -77.413    -77.464
    -70.000    -78.414    -78.683    -77.816    -77.840      0.269      0.024   -112.570   -112.670    -81.093    -81.695    -80.379    -80.591
    -73.000    -79.789    -80.092    -79.165    -79.199      0.303      0.034   -115.570   -115.670    -84.129    -85.205    -83.234    -83.656
    -76.000    -80.655    -80.949    -80.113    -80.104      0.294     -0.009   -118.570   -118.670    -87.062    -88.984    -86.248    -86.888
    -79.000    -81.236    -81.410    -80.693    -80.629      0.174     -0.064   -121.570   -121.670    -90.506    -93.429    -89.376    -90.288
    -82.000    -81.523    -81.624    -80.988    -80.941      0.101     -0.047   -124.570   -124.670    -93.884    -99.724    -92.257    -94.735
    -85.000    -81.668    -81.740    -81.136    -81.046      0.072     -0.090   -127.570   -127.670    -97.504    -99.724    -94.844    -98.423
    -88.000    -81.751    -81.725    -81.249    -81.119     -0.026     -0.130   -130.570   -130.670   -103.121    -99.724    -98.859   -108.941
    -91.000    -81.761    -81.725    -81.299    -81.130     -0.036     -0.169   -133.570   -133.670   -104.767    -99.724   -103.546   -108.941
    -94.000    -81.807    -81.722    -81.320    -81.164     -0.085     -0.156   -136.570   -136.670   -104.767    -99.724   -110.743   -108.941
    -97.000    -81.808    -81.718    -81.341    -81.140     -0.090     -0.201   -139.570   -139.670   -104.767    -99.724   -110.743   -108.941
   -100.000    -81.791    -81.697    -81.308    -81.147     -0.094     -0.161   -142.570   -142.670   -104.767    -99.724   -110.743   -108.941
   -103.000    -81.770    -81.691    -81.355    -81.137     -0.079     -0.218   -145.570   -145.670   -104.767    -99.724   -110.743   -108.941
   -106.000    -81.787    -81.687    -81.315    -81.121     -0.100     -0.194   -148.570   -148.670   -104.767    -99.724   -110.743   -108.941
   -109.000    -81.777    -81.686    -81.336    -81.119     -0.091     -0.217   -151.570   -151.670   -104.767    -99.724   -110.743   -108.941
   -112.000    -81.789    -81.698    -81.311    -81.107     -0.091     -0.204   -154.570   -154.670   -104.767    -99.724   -110.743   -108.941
