     20.000      8.046      7.958   -999.900   -999.900      0.088      0.000    -23.500    -23.300      8.046      7.958   -999.900   -999.900
     17.000      8.045      7.958   -999.900   -999.900      0.088      0.000    -26.500    -26.300      8.045      7.958   -999.900   -999.900
     14.000      8.018      7.905   -999.900   -999.900      0.113      0.000    -29.500    -29.300      8.018      7.905   -999.900   -999.900
     11.000      6.232      5.817   -999.900   -999.900      0.415      0.000    -32.500    -32.300      6.232      5.817   -999.900   -999.900
      8.000      3.610      3.198   -999.900   -999.900      0.412      0.000    -35.500    -35.300      3.610      3.198   -999.900   -999.900
      5.000      0.728      0.331   -999.900   -999.900      0.397      0.000    -38.500    -38.300      0.728      0.331   -999.900   -999.900
      2.000     -2.214     -2.595   -999.900   -999.900      0.381      0.000    -41.500    -41.300     -2.214     -2.595   -999.900   -999.900
     -1.000     -5.198     -5.563   -999.900   -999.900      0.365      0.000    -44.500    -44.300     -5.198     -5.563   -999.900   -999.900
     -4.000     -8.227     -8.583   -999.900   -999.900      0.356      0.000    -47.500    -47.300     -8.227     -8.583   -999.900   -999.900
     -7.000    -11.217    -11.566   -999.900   -999.900      0.349      0.000    -50.500    -50.300    -11.217    -11.566   -999.900   -999.900
    -10.000    -14.245    -14.583   -999.900   -999.900      0.338      0.000    -53.500    -53.300    -14.245    -14.583   -999.900   -999.900
    -13.000    -17.256    -17.587   -999.900   -999.900      0.331      0.000    -56.500    -56.300    -17.256    -17.587   -999.900   -999.900
    -16.000    -20.253    -20.583   -999.900   -999.900      0.330      0.000    -59.500    -59.300    -20.254    -20.583   -999.900   -999.900
    -19.000    -23.253    -23.583   -999.900   -999.900      0.330      0.000    -62.500    -62.300    -23.253    -23.583   -999.900   -999.900
    -22.000    -26.264    -26.597   -999.900   -999.900      0.333      0.000    -65.500    -65.300    -26.264    -26.597   -999.900   -999.900
    -25.000    -29.248    -29.583   -999.900   -999.900      0.335      0.000    -68.500    -68.300    -29.248    -29.583   -999.900   -999.900
    -28.000    -32.252    -32.583   -999.900   -999.900      0.331      0.000    -71.500    -71.300    -32.252    -32.583   -999.900   -999.900
    -31.000    -35.253    -35.584   -999.900   -999.900      0.332      0.000    -74.500    -74.300    -35.253    -35.585   -999.900   -999.900
    -34.000    -38.266    -38.601   -999.900   -999.900      0.335      0.000    -77.500    -77.300    -38.267    -38.602   -999.900   -999.900
    -37.000    -41.254    -41.595   -999.900   -999.900      0.340      0.000    -80.500    -80.300    -41.256    -41.596   -999.900   -999.900
    -40.000    -44.263    -44.603   -999.900   -999.900      0.340      0.000    -83.500    -83.300    -44.265    -44.606   -999.900   -999.900
    -43.000    -47.236    -47.571   -999.900   -999.900      0.335      0.000    -86.500    -86.300    -47.241    -47.576   -999.900   -999.900
    -46.000    -50.239    -50.579   -999.900   -999.900      0.340      0.000    -89.500    -89.300    -50.249    -50.590   -999.900   -999.900
    -49.000    -53.275    -53.616   -999.900   -999.900      0.342      0.000    -92.500    -92.300    -53.295    -53.638   -999.900   -999.900
    -52.000    -56.253    -56.600   -999.900   -999.900      0.347      0.000    -95.500    -95.300    -56.294    -56.644   -999.900   -999.900
    -55.000    -59.234    -59.579   -999.900   -999.900      0.345      0.000    -98.500    -98.300    -59.316    -59.665   -999.900   -999.900
    -58.000    -62.132    -62.467   -999.900   -999.900      0.334      0.000   -101.500   -101.300    -62.294    -62.636   -999.900   -999.900
    -61.000    -64.985    -65.305   -999.900   -999.900      0.320      0.000   -104.500   -104.300    -65.301    -65.636   -999.900   -999.900
    -64.000    -67.669    -67.976   -999.900   -999.900      0.307      0.000   -107.500   -107.300    -68.277    -68.609   -999.900   -999.900
    -67.000    -70.130    -70.424   -999.900   -999.900      0.294      0.000   -110.500   -110.300    -71.265    -71.607   -999.900   -999.900
    -70.000    -72.259    -72.515   -999.900   -999.900      0.256      0.000   -113.500   -113.300    -74.305    -74.634   -999.900   -999.900
    -73.000    -73.882    -74.101   -999.900   -999.900      0.219      0.000   -116.500   -116.300    -77.310    -77.630   -999.900   -999.900
    -76.000    -75.009    -75.164   -999.900   -999.900      0.154      0.000   -119.500   -119.300    -80.349    -80.546   -999.900   -999.900
    -79.000    -75.684    -75.822   -999.900   -999.900      0.138      0.000   -122.500   -122.300    -83.291    -83.436   -999.900   -999.900
    -82.000    -76.091    -76.192   -999.900   -999.900      0.102      0.000   -125.500   -125.300    -86.435    -86.205   -999.900   -999.900
    -85.000    -76.299    -76.444   -999.900   -999.900      0.145      0.000   -128.500   -128.300    -89.520    -89.826   -999.900   -999.900
    -88.000    -76.389    -76.530   -999.900   -999.900      0.142      0.000   -131.500   -131.300    -91.931    -92.247   -999.900   -999.900
    -91.000    -76.451    -76.604   -999.900   -999.900      0.154      0.000   -134.500   -134.300    -95.014    -96.564   -999.900   -999.900
    -94.000    -76.477    -76.587   -999.900   -999.900      0.110      0.000   -137.500   -137.300    -97.484    -95.097   -999.900   -999.900
    -97.000    -76.491    -76.579   -999.900   -999.900      0.088      0.000   -140.500   -140.300    -99.732    -94.596   -999.900   -999.900
   -100.000    -76.511    -76.649   -999.900   -999.900      0.138      0.000   -143.500   -143.300   -118.186    -94.596   -999.900   -999.900
   -103.000    -76.523    -76.660   -999.900   -999.900      0.137      0.000   -146.500   -146.300   -118.186    -94.596   -999.900   -999.900
   -106.000    -76.528    -76.652   -999.900   -999.900      0.124      0.000   -149.500   -149.300   -118.186    -94.596   -999.900   -999.900
   -109.000    -76.495    -76.644   -999.900   -999.900      0.150      0.000   -152.500   -152.300   -118.186    -94.596   -999.900   -999.900
   -112.000    -76.501    -76.636   -999.900   -999.900      0.135      0.000   -155.500   -155.300   -118.186    -94.596   -999.900   -999.900
