     20.000      8.238      8.084   -999.900   -999.900      0.154      0.000    -23.090    -22.960      8.238      8.084   -999.900   -999.900
     17.000      8.237      8.084   -999.900   -999.900      0.153      0.000    -26.090    -25.960      8.237      8.084   -999.900   -999.900
     14.000      8.172      7.987   -999.900   -999.900      0.185      0.000    -29.090    -28.960      8.172      7.987   -999.900   -999.900
     11.000      6.245      5.912   -999.900   -999.900      0.333      0.000    -32.090    -31.960      6.245      5.912   -999.900   -999.900
      8.000      3.601      3.303   -999.900   -999.900      0.298      0.000    -35.090    -34.960      3.601      3.303   -999.900   -999.900
      5.000      0.723      0.453   -999.900   -999.900      0.270      0.000    -38.090    -37.960      0.723      0.453   -999.900   -999.900
      2.000     -2.225     -2.477   -999.900   -999.900      0.252      0.000    -41.090    -40.960     -2.225     -2.477   -999.900   -999.900
     -1.000     -5.220     -5.456   -999.900   -999.900      0.236      0.000    -44.090    -43.960     -5.220     -5.456   -999.900   -999.900
     -4.000     -8.257     -8.478   -999.900   -999.900      0.221      0.000    -47.090    -46.960     -8.257     -8.478   -999.900   -999.900
     -7.000    -11.253    -11.464   -999.900   -999.900      0.211      0.000    -50.090    -49.960    -11.253    -11.464   -999.900   -999.900
    -10.000    -14.266    -14.465   -999.900   -999.900      0.199      0.000    -53.090    -52.960    -14.266    -14.466   -999.900   -999.900
    -13.000    -17.271    -17.465   -999.900   -999.900      0.194      0.000    -56.090    -55.960    -17.271    -17.465   -999.900   -999.900
    -16.000    -20.275    -20.468   -999.900   -999.900      0.193      0.000    -59.090    -58.960    -20.275    -20.468   -999.900   -999.900
    -19.000    -23.285    -23.476   -999.900   -999.900      0.191      0.000    -62.090    -61.960    -23.285    -23.476   -999.900   -999.900
    -22.000    -26.287    -26.477   -999.900   -999.900      0.191      0.000    -65.090    -64.960    -26.287    -26.477   -999.900   -999.900
    -25.000    -29.284    -29.476   -999.900   -999.900      0.193      0.000    -68.090    -67.960    -29.284    -29.476   -999.900   -999.900
    -28.000    -32.280    -32.468   -999.900   -999.900      0.188      0.000    -71.090    -70.960    -32.280    -32.468   -999.900   -999.900
    -31.000    -35.294    -35.473   -999.900   -999.900      0.179      0.000    -74.090    -73.960    -35.295    -35.474   -999.900   -999.900
    -34.000    -38.302    -38.478   -999.900   -999.900      0.176      0.000    -77.090    -76.960    -38.303    -38.479   -999.900   -999.900
    -37.000    -41.302    -41.476   -999.900   -999.900      0.174      0.000    -80.090    -79.960    -41.303    -41.477   -999.900   -999.900
    -40.000    -44.295    -44.453   -999.900   -999.900      0.157      0.000    -83.090    -82.960    -44.298    -44.455   -999.900   -999.900
    -43.000    -47.284    -47.421   -999.900   -999.900      0.137      0.000    -86.090    -85.960    -47.289    -47.427   -999.900   -999.900
    -46.000    -50.314    -50.438   -999.900   -999.900      0.123      0.000    -89.090    -88.960    -50.325    -50.449   -999.900   -999.900
    -49.000    -53.355    -53.460   -999.900   -999.900      0.105      0.000    -92.090    -91.960    -53.376    -53.483   -999.900   -999.900
    -52.000    -56.365    -56.423   -999.900   -999.900      0.057      0.000    -95.090    -94.960    -56.406    -56.468   -999.900   -999.900
    -55.000    -59.335    -59.416   -999.900   -999.900      0.081      0.000    -98.090    -97.960    -59.416    -59.505   -999.900   -999.900
    -58.000    -62.254    -62.301   -999.900   -999.900      0.047      0.000   -101.090   -100.960    -62.416    -62.476   -999.900   -999.900
    -61.000    -65.137    -65.096   -999.900   -999.900     -0.042      0.000   -104.090   -103.960    -65.456    -65.436   -999.900   -999.900
    -64.000    -67.866    -67.773   -999.900   -999.900     -0.092      0.000   -107.090   -106.960    -68.484    -68.427   -999.900   -999.900
    -67.000    -70.353    -70.210   -999.900   -999.900     -0.143      0.000   -110.090   -109.960    -71.519    -71.430   -999.900   -999.900
    -70.000    -72.528    -72.263   -999.900   -999.900     -0.265      0.000   -113.090   -112.960    -74.663    -74.429   -999.900   -999.900
    -73.000    -74.198    -73.780   -999.900   -999.900     -0.418      0.000   -116.090   -115.960    -77.867    -77.315   -999.900   -999.900
    -76.000    -75.318    -74.850   -999.900   -999.900     -0.468      0.000   -119.090   -118.960    -81.137    -80.261   -999.900   -999.900
    -79.000    -75.957    -75.524   -999.900   -999.900     -0.434      0.000   -122.090   -121.960    -84.350    -83.268   -999.900   -999.900
    -82.000    -76.297    -75.896   -999.900   -999.900     -0.401      0.000   -125.090   -124.960    -87.532    -86.183   -999.900   -999.900
    -85.000    -76.487    -76.106   -999.900   -999.900     -0.381      0.000   -128.090   -127.960    -91.192    -89.238   -999.900   -999.900
    -88.000    -76.553    -76.221   -999.900   -999.900     -0.332      0.000   -131.090   -130.960    -93.741    -92.573   -999.900   -999.900
    -91.000    -76.617    -76.272   -999.900   -999.900     -0.345      0.000   -134.090   -133.960    -99.993    -95.595   -999.900   -999.900
    -94.000    -76.593    -76.317   -999.900   -999.900     -0.276      0.000   -137.090   -136.960    -96.557   -104.879   -999.900   -999.900
    -97.000    -76.612    -76.317   -999.900   -999.900     -0.295      0.000   -140.090   -139.960    -99.121   -105.208   -999.900   -999.900
   -100.000    -76.634    -76.331   -999.900   -999.900     -0.303      0.000   -143.090   -142.960   -108.539   -105.208   -999.900   -999.900
   -103.000    -76.657    -76.322   -999.900   -999.900     -0.335      0.000   -146.090   -145.960   -108.539   -105.208   -999.900   -999.900
   -106.000    -76.628    -76.320   -999.900   -999.900     -0.309      0.000   -149.090   -148.960   -108.539   -105.208   -999.900   -999.900
   -109.000    -76.640    -76.315   -999.900   -999.900     -0.325      0.000   -152.090   -151.960   -108.539   -105.208   -999.900   -999.900
   -112.000    -76.624    -76.326   -999.900   -999.900     -0.297      0.000   -155.090   -154.960   -108.539   -105.208   -999.900   -999.900
