     20.000      2.406      2.409   -999.900   -999.900     -0.003      0.000    -22.570    -22.670      2.406      2.409   -999.900   -999.900
     17.000      2.405      2.409   -999.900   -999.900     -0.004      0.000    -25.570    -25.670      2.405      2.409   -999.900   -999.900
     14.000      2.332      2.338   -999.900   -999.900     -0.006      0.000    -28.570    -28.670      2.332      2.338   -999.900   -999.900
     11.000      0.214      0.418   -999.900   -999.900     -0.204      0.000    -31.570    -31.670      0.214      0.418   -999.900   -999.900
      8.000     -2.472     -2.153   -999.900   -999.900     -0.319      0.000    -34.570    -34.670     -2.472     -2.153   -999.900   -999.900
      5.000     -5.358     -4.992   -999.900   -999.900     -0.365      0.000    -37.570    -37.670     -5.358     -4.992   -999.900   -999.900
      2.000     -8.316     -7.921   -999.900   -999.900     -0.395      0.000    -40.570    -40.670     -8.316     -7.921   -999.900   -999.900
     -1.000    -11.310    -10.895   -999.900   -999.900     -0.415      0.000    -43.570    -43.670    -11.310    -10.895   -999.900   -999.900
     -4.000    -14.333    -13.904   -999.900   -999.900     -0.429      0.000    -46.570    -46.670    -14.333    -13.904   -999.900   -999.900
     -7.000    -17.339    -16.895   -999.900   -999.900     -0.444      0.000    -49.570    -49.670    -17.339    -16.895   -999.900   -999.900
    -10.000    -20.350    -19.899   -999.900   -999.900     -0.452      0.000    -52.570    -52.670    -20.350    -19.899   -999.900   -999.900
    -13.000    -23.349    -22.895   -999.900   -999.900     -0.454      0.000    -55.570    -55.670    -23.349    -22.895   -999.900   -999.900
    -16.000    -26.354    -25.898   -999.900   -999.900     -0.456      0.000    -58.570    -58.670    -26.354    -25.898   -999.900   -999.900
    -19.000    -29.369    -28.914   -999.900   -999.900     -0.454      0.000    -61.570    -61.670    -29.369    -28.914   -999.900   -999.900
    -22.000    -32.367    -31.915   -999.900   -999.900     -0.452      0.000    -64.570    -64.670    -32.367    -31.915   -999.900   -999.900
    -25.000    -35.375    -34.918   -999.900   -999.900     -0.457      0.000    -67.570    -67.670    -35.375    -34.918   -999.900   -999.900
    -28.000    -38.371    -37.915   -999.900   -999.900     -0.456      0.000    -70.570    -70.670    -38.371    -37.915   -999.900   -999.900
    -31.000    -41.381    -40.927   -999.900   -999.900     -0.453      0.000    -73.570    -73.670    -41.381    -40.928   -999.900   -999.900
    -34.000    -44.386    -43.936   -999.900   -999.900     -0.450      0.000    -76.570    -76.670    -44.387    -43.937   -999.900   -999.900
    -37.000    -47.383    -46.933   -999.900   -999.900     -0.450      0.000    -79.570    -79.670    -47.385    -46.935   -999.900   -999.900
    -40.000    -50.382    -49.926   -999.900   -999.900     -0.457      0.000    -82.570    -82.670    -50.386    -49.929   -999.900   -999.900
    -43.000    -53.358    -52.901   -999.900   -999.900     -0.457      0.000    -85.570    -85.670    -53.365    -52.908   -999.900   -999.900
    -46.000    -56.390    -55.930   -999.900   -999.900     -0.460      0.000    -88.570    -88.670    -56.405    -55.944   -999.900   -999.900
    -49.000    -59.410    -58.959   -999.900   -999.900     -0.452      0.000    -91.570    -91.670    -59.440    -58.986   -999.900   -999.900
    -52.000    -62.372    -61.925   -999.900   -999.900     -0.447      0.000    -94.570    -94.670    -62.430    -61.980   -999.900   -999.900
    -55.000    -65.310    -64.864   -999.900   -999.900     -0.446      0.000    -97.570    -97.670    -65.424    -64.973   -999.900   -999.900
    -58.000    -68.203    -67.729   -999.900   -999.900     -0.474      0.000   -100.570   -100.670    -68.430    -67.943   -999.900   -999.900
    -61.000    -70.984    -70.528   -999.900   -999.900     -0.456      0.000   -103.570   -103.670    -71.424    -70.946   -999.900   -999.900
    -64.000    -73.604    -73.148   -999.900   -999.900     -0.457      0.000   -106.570   -106.670    -74.446    -73.945   -999.900   -999.900
    -67.000    -75.914    -75.482   -999.900   -999.900     -0.432      0.000   -109.570   -109.670    -77.460    -76.951   -999.900   -999.900
    -70.000    -77.792    -77.392   -999.900   -999.900     -0.400      0.000   -112.570   -112.670    -80.483    -79.953   -999.900   -999.900
    -73.000    -79.155    -78.813   -999.900   -999.900     -0.343      0.000   -115.570   -115.670    -83.497    -82.991   -999.900   -999.900
    -76.000    -80.030    -79.726   -999.900   -999.900     -0.304      0.000   -118.570   -118.670    -86.470    -85.970   -999.900   -999.900
    -79.000    -80.540    -80.263   -999.900   -999.900     -0.278      0.000   -121.570   -121.670    -89.383    -88.889   -999.900   -999.900
    -82.000    -80.847    -80.568   -999.900   -999.900     -0.279      0.000   -124.570   -124.670    -92.598    -91.856   -999.900   -999.900
    -85.000    -80.978    -80.732   -999.900   -999.900     -0.245      0.000   -127.570   -127.670    -95.135    -94.865   -999.900   -999.900
    -88.000    -81.091    -80.820   -999.900   -999.900     -0.271      0.000   -130.570   -130.670    -99.956    -97.999   -999.900   -999.900
    -91.000    -81.108    -80.862   -999.900   -999.900     -0.246      0.000   -133.570   -133.670   -101.546   -101.064   -999.900   -999.900
    -94.000    -81.115    -80.858   -999.900   -999.900     -0.257      0.000   -136.570   -136.670   -102.319   -100.693   -999.900   -999.900
    -97.000    -81.144    -80.904   -999.900   -999.900     -0.240      0.000   -139.570   -139.670   -111.757   -100.693   -999.900   -999.900
   -100.000    -81.148    -80.899   -999.900   -999.900     -0.249      0.000   -142.570   -142.670   -123.831   -100.693   -999.900   -999.900
   -103.000    -81.155    -80.908   -999.900   -999.900     -0.247      0.000   -145.570   -145.670   -123.831   -100.693   -999.900   -999.900
   -106.000    -81.152    -80.900   -999.900   -999.900     -0.252      0.000   -148.570   -148.670   -123.831   -100.693   -999.900   -999.900
   -109.000    -81.149    -80.904   -999.900   -999.900     -0.246      0.000   -151.570   -151.670   -123.831   -100.693   -999.900   -999.900
   -112.000    -81.136    -80.907   -999.900   -999.900     -0.229      0.000   -154.570   -154.670   -123.831   -100.693   -999.900   -999.900
