     20.000      7.955      8.019   -999.900   -999.900     -0.064      0.000    -22.570    -22.670      7.955      8.019   -999.900   -999.900
     17.000      7.954      8.019   -999.900   -999.900     -0.065      0.000    -25.570    -25.670      7.954      8.019   -999.900   -999.900
     14.000      7.850      7.923   -999.900   -999.900     -0.074      0.000    -28.570    -28.670      7.850      7.923   -999.900   -999.900
     11.000      5.506      5.814   -999.900   -999.900     -0.308      0.000    -31.570    -31.670      5.506      5.814   -999.900   -999.900
      8.000      2.781      3.191   -999.900   -999.900     -0.410      0.000    -34.570    -34.670      2.781      3.191   -999.900   -999.900
      5.000     -0.119      0.336   -999.900   -999.900     -0.454      0.000    -37.570    -37.670     -0.119      0.336   -999.900   -999.900
      2.000     -3.083     -2.598   -999.900   -999.900     -0.485      0.000    -40.570    -40.670     -3.083     -2.598   -999.900   -999.900
     -1.000     -6.077     -5.574   -999.900   -999.900     -0.503      0.000    -43.570    -43.670     -6.077     -5.574   -999.900   -999.900
     -4.000     -9.103     -8.587   -999.900   -999.900     -0.516      0.000    -46.570    -46.670     -9.103     -8.587   -999.900   -999.900
     -7.000    -12.112    -11.580   -999.900   -999.900     -0.531      0.000    -49.570    -49.670    -12.112    -11.580   -999.900   -999.900
    -10.000    -15.123    -14.582   -999.900   -999.900     -0.541      0.000    -52.570    -52.670    -15.123    -14.582   -999.900   -999.900
    -13.000    -18.118    -17.577   -999.900   -999.900     -0.541      0.000    -55.570    -55.670    -18.118    -17.577   -999.900   -999.900
    -16.000    -21.121    -20.579   -999.900   -999.900     -0.542      0.000    -58.570    -58.670    -21.121    -20.579   -999.900   -999.900
    -19.000    -24.134    -23.590   -999.900   -999.900     -0.543      0.000    -61.570    -61.670    -24.134    -23.590   -999.900   -999.900
    -22.000    -27.132    -26.591   -999.900   -999.900     -0.541      0.000    -64.570    -64.670    -27.132    -26.591   -999.900   -999.900
    -25.000    -30.135    -29.594   -999.900   -999.900     -0.541      0.000    -67.570    -67.670    -30.135    -29.594   -999.900   -999.900
    -28.000    -33.135    -32.582   -999.900   -999.900     -0.553      0.000    -70.570    -70.670    -33.135    -32.583   -999.900   -999.900
    -31.000    -36.141    -35.594   -999.900   -999.900     -0.547      0.000    -73.570    -73.670    -36.141    -35.594   -999.900   -999.900
    -34.000    -39.146    -38.602   -999.900   -999.900     -0.544      0.000    -76.570    -76.670    -39.147    -38.603   -999.900   -999.900
    -37.000    -42.153    -41.600   -999.900   -999.900     -0.553      0.000    -79.570    -79.670    -42.154    -41.601   -999.900   -999.900
    -40.000    -45.155    -44.589   -999.900   -999.900     -0.565      0.000    -82.570    -82.670    -45.157    -44.592   -999.900   -999.900
    -43.000    -48.145    -47.567   -999.900   -999.900     -0.578      0.000    -85.570    -85.670    -48.151    -47.573   -999.900   -999.900
    -46.000    -51.163    -50.574   -999.900   -999.900     -0.589      0.000    -88.570    -88.670    -51.173    -50.584   -999.900   -999.900
    -49.000    -54.206    -53.601   -999.900   -999.900     -0.605      0.000    -91.570    -91.670    -54.228    -53.622   -999.900   -999.900
    -52.000    -57.220    -56.594   -999.900   -999.900     -0.626      0.000    -94.570    -94.670    -57.263    -56.636   -999.900   -999.900
    -55.000    -60.202    -59.608   -999.900   -999.900     -0.594      0.000    -97.570    -97.670    -60.288    -59.693   -999.900   -999.900
    -58.000    -63.129    -62.515   -999.900   -999.900     -0.614      0.000   -100.570   -100.670    -63.300    -62.684   -999.900   -999.900
    -61.000    -66.016    -65.365   -999.900   -999.900     -0.651      0.000   -103.570   -103.670    -66.356    -65.696   -999.900   -999.900
    -64.000    -68.762    -68.107   -999.900   -999.900     -0.655      0.000   -106.570   -106.670    -69.425    -68.751   -999.900   -999.900
    -67.000    -71.251    -70.615   -999.900   -999.900     -0.636      0.000   -109.570   -109.670    -72.507    -71.840   -999.900   -999.900
    -70.000    -73.415    -72.741   -999.900   -999.900     -0.675      0.000   -112.570   -112.670    -75.733    -74.965   -999.900   -999.900
    -73.000    -75.033    -74.321   -999.900   -999.900     -0.712      0.000   -115.570   -115.670    -79.014    -78.055   -999.900   -999.900
    -76.000    -76.089    -75.403   -999.900   -999.900     -0.687      0.000   -118.570   -118.670    -82.385    -81.252   -999.900   -999.900
    -79.000    -76.687    -76.057   -999.900   -999.900     -0.630      0.000   -121.570   -121.670    -85.830    -84.602   -999.900   -999.900
    -82.000    -77.007    -76.429   -999.900   -999.900     -0.577      0.000   -124.570   -124.670    -89.625    -88.448   -999.900   -999.900
    -85.000    -77.167    -76.590   -999.900   -999.900     -0.577      0.000   -127.570   -127.670    -94.364    -92.210   -999.900   -999.900
    -88.000    -77.235    -76.682   -999.900   -999.900     -0.553      0.000   -130.570   -130.670   -101.605    -98.473   -999.900   -999.900
    -91.000    -77.276    -76.707   -999.900   -999.900     -0.569      0.000   -133.570   -133.670   -101.605   -106.760   -999.900   -999.900
    -94.000    -77.227    -76.728   -999.900   -999.900     -0.499      0.000   -136.570   -136.670   -101.605   -106.760   -999.900   -999.900
    -97.000    -77.249    -76.729   -999.900   -999.900     -0.520      0.000   -139.570   -139.670   -101.605   -106.760   -999.900   -999.900
   -100.000    -77.262    -76.750   -999.900   -999.900     -0.513      0.000   -142.570   -142.670   -101.605   -106.760   -999.900   -999.900
   -103.000    -77.236    -76.698   -999.900   -999.900     -0.538      0.000   -145.570   -145.670   -101.605   -106.760   -999.900   -999.900
   -106.000    -77.251    -76.706   -999.900   -999.900     -0.544      0.000   -148.570   -148.670   -101.605   -106.760   -999.900   -999.900
   -109.000    -77.250    -76.691   -999.900   -999.900     -0.559      0.000   -151.570   -151.670   -101.605   -106.760   -999.900   -999.900
   -112.000    -77.256    -76.711   -999.900   -999.900     -0.545      0.000   -154.570   -154.670   -101.605   -106.760   -999.900   -999.900
