     20.000      8.065      7.955   -999.900   -999.900      0.111      0.000    -23.500    -23.300      8.065      7.955   -999.900   -999.900
     17.000      8.065      7.955   -999.900   -999.900      0.110      0.000    -26.500    -26.300      8.065      7.955   -999.900   -999.900
     14.000      8.039      7.902   -999.900   -999.900      0.137      0.000    -29.500    -29.300      8.039      7.902   -999.900   -999.900
     11.000      6.307      5.816   -999.900   -999.900      0.491      0.000    -32.500    -32.300      6.307      5.816   -999.900   -999.900
      8.000      3.697      3.198   -999.900   -999.900      0.499      0.000    -35.500    -35.300      3.697      3.198   -999.900   -999.900
      5.000      0.819      0.332   -999.900   -999.900      0.488      0.000    -38.500    -38.300      0.819      0.332   -999.900   -999.900
      2.000     -2.121     -2.593   -999.900   -999.900      0.472      0.000    -41.500    -41.300     -2.121     -2.593   -999.900   -999.900
     -1.000     -5.107     -5.565   -999.900   -999.900      0.458      0.000    -44.500    -44.300     -5.107     -5.565   -999.900   -999.900
     -4.000     -8.134     -8.585   -999.900   -999.900      0.450      0.000    -47.500    -47.300     -8.134     -8.585   -999.900   -999.900
     -7.000    -11.125    -11.567   -999.900   -999.900      0.443      0.000    -50.500    -50.300    -11.125    -11.567   -999.900   -999.900
    -10.000    -14.154    -14.585   -999.900   -999.900      0.431      0.000    -53.500    -53.300    -14.154    -14.585   -999.900   -999.900
    -13.000    -17.165    -17.591   -999.900   -999.900      0.426      0.000    -56.500    -56.300    -17.165    -17.591   -999.900   -999.900
    -16.000    -20.163    -20.588   -999.900   -999.900      0.425      0.000    -59.500    -59.300    -20.163    -20.588   -999.900   -999.900
    -19.000    -23.165    -23.588   -999.900   -999.900      0.423      0.000    -62.500    -62.300    -23.165    -23.588   -999.900   -999.900
    -22.000    -26.178    -26.602   -999.900   -999.900      0.424      0.000    -65.500    -65.300    -26.178    -26.602   -999.900   -999.900
    -25.000    -29.161    -29.589   -999.900   -999.900      0.428      0.000    -68.500    -68.300    -29.161    -29.589   -999.900   -999.900
    -28.000    -32.168    -32.591   -999.900   -999.900      0.423      0.000    -71.500    -71.300    -32.168    -32.591   -999.900   -999.900
    -31.000    -35.170    -35.593   -999.900   -999.900      0.424      0.000    -74.500    -74.300    -35.170    -35.593   -999.900   -999.900
    -34.000    -38.186    -38.612   -999.900   -999.900      0.426      0.000    -77.500    -77.300    -38.187    -38.613   -999.900   -999.900
    -37.000    -41.174    -41.607   -999.900   -999.900      0.433      0.000    -80.500    -80.300    -41.176    -41.608   -999.900   -999.900
    -40.000    -44.184    -44.616   -999.900   -999.900      0.432      0.000    -83.500    -83.300    -44.186    -44.618   -999.900   -999.900
    -43.000    -47.156    -47.585   -999.900   -999.900      0.429      0.000    -86.500    -86.300    -47.161    -47.590   -999.900   -999.900
    -46.000    -50.163    -50.593   -999.900   -999.900      0.431      0.000    -89.500    -89.300    -50.173    -50.604   -999.900   -999.900
    -49.000    -53.197    -53.635   -999.900   -999.900      0.438      0.000    -92.500    -92.300    -53.218    -53.658   -999.900   -999.900
    -52.000    -56.176    -56.615   -999.900   -999.900      0.439      0.000    -95.500    -95.300    -56.218    -56.660   -999.900   -999.900
    -55.000    -59.162    -59.586   -999.900   -999.900      0.424      0.000    -98.500    -98.300    -59.244    -59.675   -999.900   -999.900
    -58.000    -62.059    -62.480   -999.900   -999.900      0.421      0.000   -101.500   -101.300    -62.221    -62.655   -999.900   -999.900
    -61.000    -64.514    -65.294   -999.900   -999.900      0.780      0.000   -104.500   -104.300    -64.804    -65.635   -999.900   -999.900
    -64.000    -67.586    -67.948   -999.900   -999.900      0.362      0.000   -107.500   -107.300    -68.196    -68.600   -999.900   -999.900
    -67.000    -70.051    -70.436   -999.900   -999.900      0.384      0.000   -110.500   -110.300    -71.193    -71.669   -999.900   -999.900
    -70.000    -72.166    -72.512   -999.900   -999.900      0.347      0.000   -113.500   -113.300    -74.215    -74.722   -999.900   -999.900
    -73.000    -73.799    -74.093   -999.900   -999.900      0.294      0.000   -116.500   -116.300    -77.246    -77.798   -999.900   -999.900
    -76.000    -74.913    -75.150   -999.900   -999.900      0.237      0.000   -119.500   -119.300    -80.260    -80.870   -999.900   -999.900
    -79.000    -74.936    -75.294   -999.900   -999.900      0.358      0.000   -122.500   -122.300    -80.340    -81.436   -999.900   -999.900
    -82.000    -74.703    -75.998   -999.900   -999.900      1.295      0.000   -125.500   -125.300    -79.579    -85.581   -999.900   -999.900
    -85.000    -76.189    -76.383   -999.900   -999.900      0.194      0.000   -128.500   -128.300    -89.185    -91.967   -999.900   -999.900
    -88.000    -76.295    -76.255   -999.900   -999.900     -0.040      0.000   -131.500   -131.300    -92.044    -88.789   -999.900   -999.900
    -91.000    -76.352    -76.540   -999.900   -999.900      0.188      0.000   -134.500   -134.300    -94.991    -88.789   -999.900   -999.900
    -94.000    -76.382    -76.554   -999.900   -999.900      0.172      0.000   -137.500   -137.300    -97.972    -88.789   -999.900   -999.900
    -97.000    -76.397    -76.564   -999.900   -999.900      0.168      0.000   -140.500   -140.300   -100.804    -88.789   -999.900   -999.900
   -100.000    -76.432    -76.602   -999.900   -999.900      0.170      0.000   -143.500   -143.300   -100.804    -88.789   -999.900   -999.900
   -103.000    -76.355    -76.137   -999.900   -999.900     -0.218      0.000   -146.500   -146.300   -100.804    -88.789   -999.900   -999.900
   -106.000    -76.429    -76.599   -999.900   -999.900      0.170      0.000   -149.500   -149.300   -100.804    -88.789   -999.900   -999.900
   -109.000    -76.427    -76.615   -999.900   -999.900      0.187      0.000   -152.500   -152.300   -100.804    -88.789   -999.900   -999.900
   -112.000    -76.419    -76.589   -999.900   -999.900      0.171      0.000   -155.500   -155.300   -100.804    -88.789   -999.900   -999.900
