     20.000      2.426      2.452   -999.900   -999.900     -0.026      0.000    -22.570    -22.670      2.426      2.452   -999.900   -999.900
     17.000      2.425      2.451   -999.900   -999.900     -0.026      0.000    -25.570    -25.670      2.425      2.451   -999.900   -999.900
     14.000      2.345      2.375   -999.900   -999.900     -0.030      0.000    -28.570    -28.670      2.345      2.375   -999.900   -999.900
     11.000      0.155      0.405   -999.900   -999.900     -0.250      0.000    -31.570    -31.670      0.155      0.405   -999.900   -999.900
      8.000     -2.543     -2.178   -999.900   -999.900     -0.364      0.000    -34.570    -34.670     -2.543     -2.178   -999.900   -999.900
      5.000     -5.430     -5.020   -999.900   -999.900     -0.410      0.000    -37.570    -37.670     -5.430     -5.020   -999.900   -999.900
      2.000     -8.389     -7.949   -999.900   -999.900     -0.440      0.000    -40.570    -40.670     -8.389     -7.949   -999.900   -999.900
     -1.000    -11.382    -10.922   -999.900   -999.900     -0.459      0.000    -43.570    -43.670    -11.382    -10.922   -999.900   -999.900
     -4.000    -14.395    -13.922   -999.900   -999.900     -0.473      0.000    -46.570    -46.670    -14.395    -13.922   -999.900   -999.900
     -7.000    -17.402    -16.913   -999.900   -999.900     -0.488      0.000    -49.570    -49.670    -17.402    -16.913   -999.900   -999.900
    -10.000    -20.408    -19.912   -999.900   -999.900     -0.497      0.000    -52.570    -52.670    -20.408    -19.912   -999.900   -999.900
    -13.000    -23.402    -22.903   -999.900   -999.900     -0.499      0.000    -55.570    -55.670    -23.402    -22.903   -999.900   -999.900
    -16.000    -26.407    -25.906   -999.900   -999.900     -0.501      0.000    -58.570    -58.670    -26.407    -25.906   -999.900   -999.900
    -19.000    -29.417    -28.917   -999.900   -999.900     -0.499      0.000    -61.570    -61.670    -29.417    -28.917   -999.900   -999.900
    -22.000    -32.414    -31.917   -999.900   -999.900     -0.497      0.000    -64.570    -64.670    -32.414    -31.917   -999.900   -999.900
    -25.000    -35.420    -34.917   -999.900   -999.900     -0.503      0.000    -67.570    -67.670    -35.420    -34.917   -999.900   -999.900
    -28.000    -38.413    -37.911   -999.900   -999.900     -0.502      0.000    -70.570    -70.670    -38.413    -37.911   -999.900   -999.900
    -31.000    -41.422    -40.923   -999.900   -999.900     -0.499      0.000    -73.570    -73.670    -41.422    -40.924   -999.900   -999.900
    -34.000    -44.424    -43.929   -999.900   -999.900     -0.495      0.000    -76.570    -76.670    -44.425    -43.930   -999.900   -999.900
    -37.000    -47.423    -46.924   -999.900   -999.900     -0.499      0.000    -79.570    -79.670    -47.424    -46.926   -999.900   -999.900
    -40.000    -50.419    -49.913   -999.900   -999.900     -0.506      0.000    -82.570    -82.670    -50.423    -49.917   -999.900   -999.900
    -43.000    -53.393    -52.886   -999.900   -999.900     -0.508      0.000    -85.570    -85.670    -53.401    -52.893   -999.900   -999.900
    -46.000    -56.423    -55.912   -999.900   -999.900     -0.511      0.000    -88.570    -88.670    -56.437    -55.926   -999.900   -999.900
    -49.000    -59.439    -58.934   -999.900   -999.900     -0.505      0.000    -91.570    -91.670    -59.468    -58.962   -999.900   -999.900
    -52.000    -62.401    -61.897   -999.900   -999.900     -0.504      0.000    -94.570    -94.670    -62.458    -61.953   -999.900   -999.900
    -55.000    -65.341    -64.830   -999.900   -999.900     -0.511      0.000    -97.570    -97.670    -65.453    -64.941   -999.900   -999.900
    -58.000    -68.212    -67.699   -999.900   -999.900     -0.513      0.000   -100.570   -100.670    -68.431    -67.916   -999.900   -999.900
    -61.000    -71.015    -70.489   -999.900   -999.900     -0.526      0.000   -103.570   -103.670    -71.444    -70.912   -999.900   -999.900
    -64.000    -73.634    -73.110   -999.900   -999.900     -0.524      0.000   -106.570   -106.670    -74.452    -73.917   -999.900   -999.900
    -67.000    -75.937    -75.430   -999.900   -999.900     -0.507      0.000   -109.570   -109.670    -77.436    -76.913   -999.900   -999.900
    -70.000    -77.855    -77.359   -999.900   -999.900     -0.496      0.000   -112.570   -112.670    -80.483    -79.964   -999.900   -999.900
    -73.000    -79.240    -78.733   -999.900   -999.900     -0.507      0.000   -115.570   -115.670    -83.493    -82.923   -999.900   -999.900
    -76.000    -80.136    -79.661   -999.900   -999.900     -0.475      0.000   -118.570   -118.670    -86.473    -85.976   -999.900   -999.900
    -79.000    -80.660    -80.178   -999.900   -999.900     -0.482      0.000   -121.570   -121.670    -89.389    -88.820   -999.900   -999.900
    -82.000    -80.959    -80.501   -999.900   -999.900     -0.457      0.000   -124.570   -124.670    -92.362    -92.053   -999.900   -999.900
    -85.000    -81.121    -80.642   -999.900   -999.900     -0.479      0.000   -127.570   -127.670    -95.424    -94.682   -999.900   -999.900
    -88.000    -81.211    -80.721   -999.900   -999.900     -0.490      0.000   -130.570   -130.670    -98.917    -97.346   -999.900   -999.900
    -91.000    -81.237    -80.768   -999.900   -999.900     -0.470      0.000   -133.570   -133.670   -100.852   -100.280   -999.900   -999.900
    -94.000    -81.259    -80.800   -999.900   -999.900     -0.459      0.000   -136.570   -136.670   -103.410   -104.925   -999.900   -999.900
    -97.000    -81.268    -80.809   -999.900   -999.900     -0.459      0.000   -139.570   -139.670   -105.314   -108.252   -999.900   -999.900
   -100.000    -81.271    -80.816   -999.900   -999.900     -0.454      0.000   -142.570   -142.670   -106.071   -126.610   -999.900   -999.900
   -103.000    -81.288    -80.814   -999.900   -999.900     -0.474      0.000   -145.570   -145.670   -106.071   -114.243   -999.900   -999.900
   -106.000    -81.280    -80.837   -999.900   -999.900     -0.443      0.000   -148.570   -148.670   -106.071   -114.243   -999.900   -999.900
   -109.000    -81.296    -80.795   -999.900   -999.900     -0.501      0.000   -151.570   -151.670   -106.071   -114.243   -999.900   -999.900
   -112.000    -81.290    -80.819   -999.900   -999.900     -0.470      0.000   -154.570   -154.670   -106.071   -114.243   -999.900   -999.900
