     20.000      8.031      7.952   -999.900   -999.900      0.079      0.000    -23.500    -23.300      8.031      7.952   -999.900   -999.900
     17.000      8.030      7.952   -999.900   -999.900      0.079      0.000    -26.500    -26.300      8.030      7.952   -999.900   -999.900
     14.000      8.006      7.900   -999.900   -999.900      0.106      0.000    -29.500    -29.300      8.006      7.900   -999.900   -999.900
     11.000      6.277      5.819   -999.900   -999.900      0.458      0.000    -32.500    -32.300      6.277      5.819   -999.900   -999.900
      8.000      3.663      3.197   -999.900   -999.900      0.466      0.000    -35.500    -35.300      3.663      3.197   -999.900   -999.900
      5.000      0.781      0.328   -999.900   -999.900      0.453      0.000    -38.500    -38.300      0.781      0.328   -999.900   -999.900
      2.000     -2.160     -2.599   -999.900   -999.900      0.439      0.000    -41.500    -41.300     -2.160     -2.599   -999.900   -999.900
     -1.000     -5.145     -5.568   -999.900   -999.900      0.423      0.000    -44.500    -44.300     -5.145     -5.568   -999.900   -999.900
     -4.000     -8.174     -8.587   -999.900   -999.900      0.413      0.000    -47.500    -47.300     -8.174     -8.587   -999.900   -999.900
     -7.000    -11.165    -11.571   -999.900   -999.900      0.405      0.000    -50.500    -50.300    -11.165    -11.571   -999.900   -999.900
    -10.000    -14.194    -14.589   -999.900   -999.900      0.395      0.000    -53.500    -53.300    -14.194    -14.589   -999.900   -999.900
    -13.000    -17.205    -17.594   -999.900   -999.900      0.389      0.000    -56.500    -56.300    -17.205    -17.594   -999.900   -999.900
    -16.000    -20.202    -20.590   -999.900   -999.900      0.389      0.000    -59.500    -59.300    -20.202    -20.590   -999.900   -999.900
    -19.000    -23.202    -23.591   -999.900   -999.900      0.388      0.000    -62.500    -62.300    -23.202    -23.591   -999.900   -999.900
    -22.000    -26.216    -26.605   -999.900   -999.900      0.389      0.000    -65.500    -65.300    -26.216    -26.605   -999.900   -999.900
    -25.000    -29.200    -29.591   -999.900   -999.900      0.392      0.000    -68.500    -68.300    -29.200    -29.591   -999.900   -999.900
    -28.000    -32.204    -32.592   -999.900   -999.900      0.388      0.000    -71.500    -71.300    -32.204    -32.592   -999.900   -999.900
    -31.000    -35.206    -35.593   -999.900   -999.900      0.387      0.000    -74.500    -74.300    -35.206    -35.593   -999.900   -999.900
    -34.000    -38.221    -38.611   -999.900   -999.900      0.390      0.000    -77.500    -77.300    -38.221    -38.611   -999.900   -999.900
    -37.000    -41.210    -41.603   -999.900   -999.900      0.393      0.000    -80.500    -80.300    -41.211    -41.604   -999.900   -999.900
    -40.000    -44.219    -44.611   -999.900   -999.900      0.392      0.000    -83.500    -83.300    -44.222    -44.614   -999.900   -999.900
    -43.000    -47.193    -47.578   -999.900   -999.900      0.386      0.000    -86.500    -86.300    -47.198    -47.584   -999.900   -999.900
    -46.000    -50.198    -50.582   -999.900   -999.900      0.384      0.000    -89.500    -89.300    -50.208    -50.593   -999.900   -999.900
    -49.000    -53.236    -53.620   -999.900   -999.900      0.384      0.000    -92.500    -92.300    -53.256    -53.642   -999.900   -999.900
    -52.000    -56.216    -56.602   -999.900   -999.900      0.386      0.000    -95.500    -95.300    -56.255    -56.646   -999.900   -999.900
    -55.000    -59.200    -59.575   -999.900   -999.900      0.375      0.000    -98.500    -98.300    -59.279    -59.663   -999.900   -999.900
    -58.000    -62.100    -62.465   -999.900   -999.900      0.366      0.000   -101.500   -101.300    -62.254    -62.637   -999.900   -999.900
    -61.000    -64.957    -65.304   -999.900   -999.900      0.347      0.000   -104.500   -104.300    -65.260    -65.640   -999.900   -999.900
    -64.000    -67.653    -67.981   -999.900   -999.900      0.328      0.000   -107.500   -107.300    -68.236    -68.625   -999.900   -999.900
    -67.000    -70.139    -70.414   -999.900   -999.900      0.275      0.000   -110.500   -110.300    -71.233    -71.614   -999.900   -999.900
    -70.000    -72.278    -72.486   -999.900   -999.900      0.208      0.000   -113.500   -113.300    -74.246    -74.627   -999.900   -999.900
    -73.000    -73.931    -74.052   -999.900   -999.900      0.120      0.000   -116.500   -116.300    -77.240    -77.597   -999.900   -999.900
    -76.000    -75.090    -75.140   -999.900   -999.900      0.050      0.000   -119.500   -119.300    -80.266    -80.620   -999.900   -999.900
    -79.000    -75.798    -75.786   -999.900   -999.900     -0.011      0.000   -122.500   -122.300    -83.231    -83.531   -999.900   -999.900
    -82.000    -76.213    -76.189   -999.900   -999.900     -0.023      0.000   -125.500   -125.300    -86.282    -86.780   -999.900   -999.900
    -85.000    -76.425    -76.391   -999.900   -999.900     -0.034      0.000   -128.500   -128.300    -89.173    -89.982   -999.900   -999.900
    -88.000    -76.541    -76.501   -999.900   -999.900     -0.040      0.000   -131.500   -131.300    -92.121    -93.633   -999.900   -999.900
    -91.000    -76.596    -76.497   -999.900   -999.900     -0.099      0.000   -134.500   -134.300    -94.764    -93.439   -999.900   -999.900
    -94.000    -76.625    -76.545   -999.900   -999.900     -0.080      0.000   -137.500   -137.300    -97.279    -96.823   -999.900   -999.900
    -97.000    -76.633    -76.543   -999.900   -999.900     -0.089      0.000   -140.500   -140.300    -98.265    -96.656   -999.900   -999.900
   -100.000    -76.649    -76.593   -999.900   -999.900     -0.056      0.000   -143.500   -143.300   -101.826    -96.656   -999.900   -999.900
   -103.000    -76.674    -76.620   -999.900   -999.900     -0.054      0.000   -146.500   -146.300   -101.826    -96.656   -999.900   -999.900
   -106.000    -76.659    -76.593   -999.900   -999.900     -0.066      0.000   -149.500   -149.300   -101.826    -96.656   -999.900   -999.900
   -109.000    -76.667    -76.568   -999.900   -999.900     -0.099      0.000   -152.500   -152.300   -101.826    -96.656   -999.900   -999.900
   -112.000    -76.663    -76.555   -999.900   -999.900     -0.108      0.000   -155.500   -155.300   -101.826    -96.656   -999.900   -999.900
