     20.000      5.177      5.185   -999.900   -999.900     -0.008      0.000    -22.570    -22.670      5.177      5.185   -999.900   -999.900
     17.000      5.177      5.185   -999.900   -999.900     -0.009      0.000    -25.570    -25.670      5.177      5.185   -999.900   -999.900
     14.000      5.090      5.103   -999.900   -999.900     -0.012      0.000    -28.570    -28.670      5.090      5.103   -999.900   -999.900
     11.000      2.844      3.073   -999.900   -999.900     -0.229      0.000    -31.570    -31.670      2.844      3.073   -999.900   -999.900
      8.000      0.135      0.473   -999.900   -999.900     -0.338      0.000    -34.570    -34.670      0.135      0.473   -999.900   -999.900
      5.000     -2.758     -2.375   -999.900   -999.900     -0.383      0.000    -37.570    -37.670     -2.758     -2.375   -999.900   -999.900
      2.000     -5.718     -5.307   -999.900   -999.900     -0.411      0.000    -40.570    -40.670     -5.718     -5.307   -999.900   -999.900
     -1.000     -8.713     -8.282   -999.900   -999.900     -0.431      0.000    -43.570    -43.670     -8.713     -8.282   -999.900   -999.900
     -4.000    -11.727    -11.283   -999.900   -999.900     -0.444      0.000    -46.570    -46.670    -11.727    -11.283   -999.900   -999.900
     -7.000    -14.734    -14.275   -999.900   -999.900     -0.459      0.000    -49.570    -49.670    -14.734    -14.275   -999.900   -999.900
    -10.000    -17.742    -17.274   -999.900   -999.900     -0.467      0.000    -52.570    -52.670    -17.742    -17.274   -999.900   -999.900
    -13.000    -20.735    -20.266   -999.900   -999.900     -0.469      0.000    -55.570    -55.670    -20.735    -20.266   -999.900   -999.900
    -16.000    -23.740    -23.270   -999.900   -999.900     -0.470      0.000    -58.570    -58.670    -23.740    -23.270   -999.900   -999.900
    -19.000    -26.752    -26.282   -999.900   -999.900     -0.469      0.000    -61.570    -61.670    -26.752    -26.282   -999.900   -999.900
    -22.000    -29.749    -29.283   -999.900   -999.900     -0.467      0.000    -64.570    -64.670    -29.750    -29.283   -999.900   -999.900
    -25.000    -32.756    -32.284   -999.900   -999.900     -0.473      0.000    -67.570    -67.670    -32.756    -32.284   -999.900   -999.900
    -28.000    -35.750    -35.278   -999.900   -999.900     -0.471      0.000    -70.570    -70.670    -35.750    -35.279   -999.900   -999.900
    -31.000    -38.759    -38.291   -999.900   -999.900     -0.468      0.000    -73.570    -73.670    -38.759    -38.291   -999.900   -999.900
    -34.000    -41.760    -41.296   -999.900   -999.900     -0.465      0.000    -76.570    -76.670    -41.761    -41.297   -999.900   -999.900
    -37.000    -44.758    -44.292   -999.900   -999.900     -0.466      0.000    -79.570    -79.670    -44.760    -44.294   -999.900   -999.900
    -40.000    -47.755    -47.282   -999.900   -999.900     -0.473      0.000    -82.570    -82.670    -47.758    -47.285   -999.900   -999.900
    -43.000    -50.731    -50.254   -999.900   -999.900     -0.477      0.000    -85.570    -85.670    -50.737    -50.260   -999.900   -999.900
    -46.000    -53.764    -53.285   -999.900   -999.900     -0.479      0.000    -88.570    -88.670    -53.777    -53.297   -999.900   -999.900
    -49.000    -56.781    -56.310   -999.900   -999.900     -0.471      0.000    -91.570    -91.670    -56.807    -56.334   -999.900   -999.900
    -52.000    -59.751    -59.280   -999.900   -999.900     -0.470      0.000    -94.570    -94.670    -59.802    -59.328   -999.900   -999.900
    -55.000    -62.688    -62.224   -999.900   -999.900     -0.464      0.000    -97.570    -97.670    -62.790    -62.318   -999.900   -999.900
    -58.000    -65.575    -65.105   -999.900   -999.900     -0.470      0.000   -100.570   -100.670    -65.775    -65.289   -999.900   -999.900
    -61.000    -68.401    -67.938   -999.900   -999.900     -0.463      0.000   -103.570   -103.670    -68.794    -68.298   -999.900   -999.900
    -64.000    -71.039    -70.608   -999.900   -999.900     -0.431      0.000   -106.570   -106.670    -71.790    -71.300   -999.900   -999.900
    -67.000    -73.389    -72.994   -999.900   -999.900     -0.395      0.000   -109.570   -109.670    -74.772    -74.274   -999.900   -999.900
    -70.000    -75.365    -75.043   -999.900   -999.900     -0.322      0.000   -112.570   -112.670    -77.804    -77.326   -999.900   -999.900
    -73.000    -76.824    -76.559   -999.900   -999.900     -0.265      0.000   -115.570   -115.670    -80.818    -80.324   -999.900   -999.900
    -76.000    -77.793    -77.572   -999.900   -999.900     -0.221      0.000   -118.570   -118.670    -83.841    -83.292   -999.900   -999.900
    -79.000    -78.368    -78.224   -999.900   -999.900     -0.144      0.000   -121.570   -121.670    -86.846    -86.482   -999.900   -999.900
    -82.000    -78.690    -78.548   -999.900   -999.900     -0.141      0.000   -124.570   -124.670    -89.882    -89.341   -999.900   -999.900
    -85.000    -78.845    -78.720   -999.900   -999.900     -0.125      0.000   -127.570   -127.670    -92.571    -92.055   -999.900   -999.900
    -88.000    -78.960    -78.833   -999.900   -999.900     -0.128      0.000   -130.570   -130.670    -96.757    -95.547   -999.900   -999.900
    -91.000    -78.995    -78.878   -999.900   -999.900     -0.117      0.000   -133.570   -133.670    -99.649    -98.439   -999.900   -999.900
    -94.000    -79.018    -78.898   -999.900   -999.900     -0.120      0.000   -136.570   -136.670   -103.722   -100.841   -999.900   -999.900
    -97.000    -79.049    -78.920   -999.900   -999.900     -0.129      0.000   -139.570   -139.670   -103.722   -107.668   -999.900   -999.900
   -100.000    -79.027    -78.916   -999.900   -999.900     -0.111      0.000   -142.570   -142.670   -103.722   -105.118   -999.900   -999.900
   -103.000    -79.033    -78.922   -999.900   -999.900     -0.112      0.000   -145.570   -145.670   -103.722   -108.675   -999.900   -999.900
   -106.000    -79.034    -78.927   -999.900   -999.900     -0.107      0.000   -148.570   -148.670   -103.722   -108.675   -999.900   -999.900
   -109.000    -79.039    -78.936   -999.900   -999.900     -0.104      0.000   -151.570   -151.670   -103.722   -108.675   -999.900   -999.900
   -112.000    -79.031    -78.931   -999.900   -999.900     -0.100      0.000   -154.570   -154.670   -103.722   -108.675   -999.900   -999.900
