     20.000      2.293      2.369   -999.900   -999.900     -0.076      0.000    -22.570    -22.670      2.293      2.369   -999.900   -999.900
     17.000      2.293      2.369   -999.900   -999.900     -0.076      0.000    -25.570    -25.670      2.293      2.369   -999.900   -999.900
     14.000      2.214      2.299   -999.900   -999.900     -0.085      0.000    -28.570    -28.670      2.214      2.299   -999.900   -999.900
     11.000     -0.074      0.289   -999.900   -999.900     -0.363      0.000    -31.570    -31.670     -0.074      0.289   -999.900   -999.900
      8.000     -2.797     -2.308   -999.900   -999.900     -0.489      0.000    -34.570    -34.670     -2.797     -2.308   -999.900   -999.900
      5.000     -5.691     -5.153   -999.900   -999.900     -0.539      0.000    -37.570    -37.670     -5.691     -5.153   -999.900   -999.900
      2.000     -8.657     -8.084   -999.900   -999.900     -0.573      0.000    -40.570    -40.670     -8.657     -8.084   -999.900   -999.900
     -1.000    -11.651    -11.057   -999.900   -999.900     -0.594      0.000    -43.570    -43.670    -11.651    -11.057   -999.900   -999.900
     -4.000    -14.686    -14.078   -999.900   -999.900     -0.608      0.000    -46.570    -46.670    -14.686    -14.078   -999.900   -999.900
     -7.000    -17.695    -17.070   -999.900   -999.900     -0.626      0.000    -49.570    -49.670    -17.695    -17.070   -999.900   -999.900
    -10.000    -20.710    -20.077   -999.900   -999.900     -0.633      0.000    -52.570    -52.670    -20.710    -20.077   -999.900   -999.900
    -13.000    -23.709    -23.075   -999.900   -999.900     -0.634      0.000    -55.570    -55.670    -23.709    -23.075   -999.900   -999.900
    -16.000    -26.712    -26.077   -999.900   -999.900     -0.635      0.000    -58.570    -58.670    -26.712    -26.077   -999.900   -999.900
    -19.000    -29.727    -29.092   -999.900   -999.900     -0.636      0.000    -61.570    -61.670    -29.727    -29.092   -999.900   -999.900
    -22.000    -32.722    -32.091   -999.900   -999.900     -0.631      0.000    -64.570    -64.670    -32.722    -32.091   -999.900   -999.900
    -25.000    -35.733    -35.095   -999.900   -999.900     -0.639      0.000    -67.570    -67.670    -35.733    -35.095   -999.900   -999.900
    -28.000    -38.726    -38.090   -999.900   -999.900     -0.636      0.000    -70.570    -70.670    -38.726    -38.091   -999.900   -999.900
    -31.000    -41.732    -41.097   -999.900   -999.900     -0.634      0.000    -73.570    -73.670    -41.732    -41.098   -999.900   -999.900
    -34.000    -44.737    -44.111   -999.900   -999.900     -0.626      0.000    -76.570    -76.670    -44.738    -44.112   -999.900   -999.900
    -37.000    -47.728    -47.096   -999.900   -999.900     -0.632      0.000    -79.570    -79.670    -47.730    -47.098   -999.900   -999.900
    -40.000    -50.720    -50.100   -999.900   -999.900     -0.620      0.000    -82.570    -82.670    -50.723    -50.104   -999.900   -999.900
    -43.000    -53.708    -53.072   -999.900   -999.900     -0.635      0.000    -85.570    -85.670    -53.715    -53.079   -999.900   -999.900
    -46.000    -56.737    -56.086   -999.900   -999.900     -0.651      0.000    -88.570    -88.670    -56.751    -56.100   -999.900   -999.900
    -49.000    -59.732    -59.110   -999.900   -999.900     -0.622      0.000    -91.570    -91.670    -59.760    -59.138   -999.900   -999.900
    -52.000    -62.656    -62.075   -999.900   -999.900     -0.582      0.000    -94.570    -94.670    -62.710    -62.130   -999.900   -999.900
    -55.000    -65.664    -65.052   -999.900   -999.900     -0.612      0.000    -97.570    -97.670    -65.773    -65.161   -999.900   -999.900
    -58.000    -68.544    -67.934   -999.900   -999.900     -0.610      0.000   -100.570   -100.670    -68.758    -68.149   -999.900   -999.900
    -61.000    -71.333    -70.730   -999.900   -999.900     -0.604      0.000   -103.570   -103.670    -71.749    -71.150   -999.900   -999.900
    -64.000    -73.999    -73.413   -999.900   -999.900     -0.586      0.000   -106.570   -106.670    -74.802    -74.229   -999.900   -999.900
    -67.000    -76.365    -75.774   -999.900   -999.900     -0.591      0.000   -109.570   -109.670    -77.859    -77.290   -999.900   -999.900
    -70.000    -78.293    -77.727   -999.900   -999.900     -0.566      0.000   -112.570   -112.670    -80.919    -80.420   -999.900   -999.900
    -73.000    -79.653    -79.114   -999.900   -999.900     -0.539      0.000   -115.570   -115.670    -83.860    -83.502   -999.900   -999.900
    -76.000    -80.549    -79.993   -999.900   -999.900     -0.555      0.000   -118.570   -118.670    -86.793    -86.541   -999.900   -999.900
    -79.000    -81.132    -80.564   -999.900   -999.900     -0.569      0.000   -121.570   -121.670    -90.070    -90.066   -999.900   -999.900
    -82.000    -81.442    -80.861   -999.900   -999.900     -0.582      0.000   -124.570   -124.670    -93.437    -93.940   -999.900   -999.900
    -85.000    -81.577    -80.977   -999.900   -999.900     -0.600      0.000   -127.570   -127.670    -96.291    -97.262   -999.900   -999.900
    -88.000    -81.660    -81.060   -999.900   -999.900     -0.600      0.000   -130.570   -130.670    -99.862   -104.382   -999.900   -999.900
    -91.000    -81.717    -81.083   -999.900   -999.900     -0.634      0.000   -133.570   -133.670   -108.540   -104.382   -999.900   -999.900
    -94.000    -81.740    -81.105   -999.900   -999.900     -0.635      0.000   -136.570   -136.670   -108.540   -104.382   -999.900   -999.900
    -97.000    -81.758    -81.118   -999.900   -999.900     -0.640      0.000   -139.570   -139.670   -108.540   -104.382   -999.900   -999.900
   -100.000    -81.737    -81.107   -999.900   -999.900     -0.631      0.000   -142.570   -142.670   -108.540   -104.382   -999.900   -999.900
   -103.000    -81.715    -81.077   -999.900   -999.900     -0.638      0.000   -145.570   -145.670   -108.540   -104.382   -999.900   -999.900
   -106.000    -81.719    -81.077   -999.900   -999.900     -0.642      0.000   -148.570   -148.670   -108.540   -104.382   -999.900   -999.900
   -109.000    -81.732    -81.085   -999.900   -999.900     -0.647      0.000   -151.570   -151.670   -108.540   -104.382   -999.900   -999.900
   -112.000    -81.726    -81.055   -999.900   -999.900     -0.670      0.000   -154.570   -154.670   -108.540   -104.382   -999.900   -999.900
