     20.000      8.077      8.118   -999.900   -999.900     -0.041      0.000    -22.570    -22.670      8.077      8.118   -999.900   -999.900
     17.000      8.076      8.118   -999.900   -999.900     -0.042      0.000    -25.570    -25.670      8.076      8.118   -999.900   -999.900
     14.000      8.008      8.059   -999.900   -999.900     -0.051      0.000    -28.570    -28.670      8.008      8.059   -999.900   -999.900
     11.000      5.744      6.075   -999.900   -999.900     -0.331      0.000    -31.570    -31.670      5.744      6.075   -999.900   -999.900
      8.000      3.027      3.480   -999.900   -999.900     -0.453      0.000    -34.570    -34.670      3.027      3.480   -999.900   -999.900
      5.000      0.131      0.633   -999.900   -999.900     -0.502      0.000    -37.570    -37.670      0.131      0.633   -999.900   -999.900
      2.000     -2.827     -2.297   -999.900   -999.900     -0.530      0.000    -40.570    -40.670     -2.827     -2.297   -999.900   -999.900
     -1.000     -5.827     -5.274   -999.900   -999.900     -0.553      0.000    -43.570    -43.670     -5.827     -5.274   -999.900   -999.900
     -4.000     -8.841     -8.275   -999.900   -999.900     -0.566      0.000    -46.570    -46.670     -8.841     -8.275   -999.900   -999.900
     -7.000    -11.841    -11.264   -999.900   -999.900     -0.577      0.000    -49.570    -49.670    -11.841    -11.264   -999.900   -999.900
    -10.000    -14.853    -14.264   -999.900   -999.900     -0.589      0.000    -52.570    -52.670    -14.853    -14.264   -999.900   -999.900
    -13.000    -17.852    -17.259   -999.900   -999.900     -0.593      0.000    -55.570    -55.670    -17.852    -17.259   -999.900   -999.900
    -16.000    -20.854    -20.262   -999.900   -999.900     -0.592      0.000    -58.570    -58.670    -20.854    -20.262   -999.900   -999.900
    -19.000    -23.866    -23.273   -999.900   -999.900     -0.593      0.000    -61.570    -61.670    -23.866    -23.273   -999.900   -999.900
    -22.000    -26.866    -26.275   -999.900   -999.900     -0.591      0.000    -64.570    -64.670    -26.866    -26.275   -999.900   -999.900
    -25.000    -29.865    -29.276   -999.900   -999.900     -0.589      0.000    -67.570    -67.670    -29.865    -29.276   -999.900   -999.900
    -28.000    -32.865    -32.270   -999.900   -999.900     -0.595      0.000    -70.570    -70.670    -32.865    -32.270   -999.900   -999.900
    -31.000    -35.873    -35.279   -999.900   -999.900     -0.594      0.000    -73.570    -73.670    -35.873    -35.279   -999.900   -999.900
    -34.000    -38.878    -38.288   -999.900   -999.900     -0.590      0.000    -76.570    -76.670    -38.879    -38.289   -999.900   -999.900
    -37.000    -41.875    -41.289   -999.900   -999.900     -0.586      0.000    -79.570    -79.670    -41.876    -41.290   -999.900   -999.900
    -40.000    -44.866    -44.276   -999.900   -999.900     -0.590      0.000    -82.570    -82.670    -44.868    -44.278   -999.900   -999.900
    -43.000    -47.853    -47.255   -999.900   -999.900     -0.598      0.000    -85.570    -85.670    -47.858    -47.260   -999.900   -999.900
    -46.000    -50.868    -50.268   -999.900   -999.900     -0.600      0.000    -88.570    -88.670    -50.878    -50.278   -999.900   -999.900
    -49.000    -53.899    -53.296   -999.900   -999.900     -0.603      0.000    -91.570    -91.670    -53.918    -53.316   -999.900   -999.900
    -52.000    -56.880    -56.286   -999.900   -999.900     -0.594      0.000    -94.570    -94.670    -56.918    -56.326   -999.900   -999.900
    -55.000    -59.850    -59.262   -999.900   -999.900     -0.588      0.000    -97.570    -97.670    -59.926    -59.341   -999.900   -999.900
    -58.000    -62.749    -62.157   -999.900   -999.900     -0.592      0.000   -100.570   -100.670    -62.898    -62.313   -999.900   -999.900
    -61.000    -65.598    -64.990   -999.900   -999.900     -0.608      0.000   -103.570   -103.670    -65.890    -65.294   -999.900   -999.900
    -64.000    -68.325    -67.697   -999.900   -999.900     -0.628      0.000   -106.570   -106.670    -68.889    -68.282   -999.900   -999.900
    -67.000    -70.819    -70.167   -999.900   -999.900     -0.652      0.000   -109.570   -109.670    -71.877    -71.260   -999.900   -999.900
    -70.000    -72.998    -72.322   -999.900   -999.900     -0.676      0.000   -112.570   -112.670    -74.917    -74.298   -999.900   -999.900
    -73.000    -74.689    -73.975   -999.900   -999.900     -0.714      0.000   -115.570   -115.670    -77.943    -77.300   -999.900   -999.900
    -76.000    -75.853    -75.140   -999.900   -999.900     -0.713      0.000   -118.570   -118.670    -80.929    -80.361   -999.900   -999.900
    -79.000    -76.560    -75.837   -999.900   -999.900     -0.723      0.000   -121.570   -121.670    -83.799    -83.315   -999.900   -999.900
    -82.000    -76.970    -76.238   -999.900   -999.900     -0.732      0.000   -124.570   -124.670    -86.614    -86.269   -999.900   -999.900
    -85.000    -77.239    -76.464   -999.900   -999.900     -0.775      0.000   -127.570   -127.670    -90.114    -89.372   -999.900   -999.900
    -88.000    -77.346    -76.586   -999.900   -999.900     -0.760      0.000   -130.570   -130.670    -92.886    -92.756   -999.900   -999.900
    -91.000    -77.406    -76.640   -999.900   -999.900     -0.766      0.000   -133.570   -133.670    -95.822    -95.868   -999.900   -999.900
    -94.000    -77.428    -76.666   -999.900   -999.900     -0.762      0.000   -136.570   -136.670    -97.699    -98.875   -999.900   -999.900
    -97.000    -77.450    -76.676   -999.900   -999.900     -0.774      0.000   -139.570   -139.670   -101.050   -100.968   -999.900   -999.900
   -100.000    -77.467    -76.682   -999.900   -999.900     -0.785      0.000   -142.570   -142.670   -110.840   -102.981   -999.900   -999.900
   -103.000    -77.464    -76.700   -999.900   -999.900     -0.764      0.000   -145.570   -145.670   -106.856   -102.981   -999.900   -999.900
   -106.000    -77.474    -76.695   -999.900   -999.900     -0.779      0.000   -148.570   -148.670   -106.856   -102.981   -999.900   -999.900
   -109.000    -77.466    -76.697   -999.900   -999.900     -0.769      0.000   -151.570   -151.670   -106.856   -102.981   -999.900   -999.900
   -112.000    -77.474    -76.687   -999.900   -999.900     -0.787      0.000   -154.570   -154.670   -106.856   -102.981   -999.900   -999.900
