     14.000      8.103      7.919   -999.900   -999.900      0.184      0.000    -29.500    -29.300      8.103      7.919   -999.900   -999.900
     11.000      6.990      6.504   -999.900   -999.900      0.486      0.000    -32.500    -32.300      6.990      6.504   -999.900   -999.900
      8.000      4.599      3.955   -999.900   -999.900      0.644      0.000    -35.500    -35.300      4.599      3.955   -999.900   -999.900
      5.000      1.718      1.086   -999.900   -999.900      0.632      0.000    -38.500    -38.300      1.718      1.086   -999.900   -999.900
      2.000     -1.221     -1.837   -999.900   -999.900      0.616      0.000    -41.500    -41.300     -1.221     -1.837   -999.900   -999.900
     -1.000     -4.202     -4.806   -999.900   -999.900      0.604      0.000    -44.500    -44.300     -4.202     -4.806   -999.900   -999.900
     -4.000     -7.225     -7.822   -999.900   -999.900      0.597      0.000    -47.500    -47.300     -7.225     -7.822   -999.900   -999.900
     -7.000    -10.217    -10.806   -999.900   -999.900      0.589      0.000    -50.500    -50.300    -10.217    -10.806   -999.900   -999.900
    -10.000    -13.238    -13.819   -999.900   -999.900      0.581      0.000    -53.500    -53.300    -13.238    -13.819   -999.900   -999.900
    -13.000    -16.230    -16.811   -999.900   -999.900      0.581      0.000    -56.500    -56.300    -16.230    -16.811   -999.900   -999.900
    -16.000    -19.231    -19.811   -999.900   -999.900      0.580      0.000    -59.500    -59.300    -19.231    -19.811   -999.900   -999.900
    -19.000    -22.230    -22.808   -999.900   -999.900      0.578      0.000    -62.500    -62.300    -22.230    -22.808   -999.900   -999.900
    -22.000    -25.240    -25.815   -999.900   -999.900      0.575      0.000    -65.500    -65.300    -25.240    -25.815   -999.900   -999.900
    -25.000    -28.223    -28.800   -999.900   -999.900      0.577      0.000    -68.500    -68.300    -28.223    -28.800   -999.900   -999.900
    -28.000    -31.224    -31.799   -999.900   -999.900      0.576      0.000    -71.500    -71.300    -31.224    -31.799   -999.900   -999.900
    -31.000    -34.225    -34.801   -999.900   -999.900      0.576      0.000    -74.500    -74.300    -34.225    -34.801   -999.900   -999.900
    -34.000    -37.240    -37.816   -999.900   -999.900      0.576      0.000    -77.500    -77.300    -37.241    -37.817   -999.900   -999.900
    -37.000    -40.233    -40.806   -999.900   -999.900      0.574      0.000    -80.500    -80.300    -40.234    -40.808   -999.900   -999.900
    -40.000    -43.244    -43.820   -999.900   -999.900      0.577      0.000    -83.500    -83.300    -43.247    -43.824   -999.900   -999.900
    -43.000    -46.206    -46.788   -999.900   -999.900      0.582      0.000    -86.500    -86.300    -46.212    -46.795   -999.900   -999.900
    -46.000    -49.206    -49.793   -999.900   -999.900      0.587      0.000    -89.500    -89.300    -49.218    -49.806   -999.900   -999.900
    -49.000    -52.214    -52.810   -999.900   -999.900      0.596      0.000    -92.500    -92.300    -52.238    -52.836   -999.900   -999.900
    -52.000    -55.175    -55.776   -999.900   -999.900      0.602      0.000    -95.500    -95.300    -55.221    -55.827   -999.900   -999.900
    -55.000    -58.156    -58.759   -999.900   -999.900      0.603      0.000    -98.500    -98.300    -58.249    -58.860   -999.900   -999.900
    -58.000    -61.071    -61.661   -999.900   -999.900      0.590      0.000   -101.500   -101.300    -61.255    -61.860   -999.900   -999.900
    -61.000    -63.905    -64.489   -999.900   -999.900      0.584      0.000   -104.500   -104.300    -64.267    -64.880   -999.900   -999.900
    -64.000    -66.555    -67.099   -999.900   -999.900      0.544      0.000   -107.500   -107.300    -67.246    -67.841   -999.900   -999.900
    -67.000    -68.968    -69.470   -999.900   -999.900      0.502      0.000   -110.500   -110.300    -70.256    -70.845   -999.900   -999.900
    -70.000    -70.986    -71.456   -999.900   -999.900      0.471      0.000   -113.500   -113.300    -73.266    -73.889   -999.900   -999.900
    -73.000    -72.505    -72.924   -999.900   -999.900      0.419      0.000   -116.500   -116.300    -76.268    -76.917   -999.900   -999.900
    -76.000    -73.511    -73.870   -999.900   -999.900      0.358      0.000   -119.500   -119.300    -79.206    -79.846   -999.900   -999.900
    -79.000    -74.149    -74.467   -999.900   -999.900      0.317      0.000   -122.500   -122.300    -82.277    -82.931   -999.900   -999.900
    -82.000    -74.513    -74.792   -999.900   -999.900      0.279      0.000   -125.500   -125.300    -85.483    -86.003   -999.900   -999.900
    -85.000    -74.664    -74.960   -999.900   -999.900      0.296      0.000   -128.500   -128.300    -87.905    -89.033   -999.900   -999.900
    -88.000    -74.769    -75.039   -999.900   -999.900      0.269      0.000   -131.500   -131.300    -90.967    -91.674   -999.900   -999.900
    -91.000    -74.840    -75.096   -999.900   -999.900      0.256      0.000   -134.500   -134.300    -95.769    -95.685   -999.900   -999.900
    -94.000    -74.846    -75.120   -999.900   -999.900      0.274      0.000   -137.500   -137.300    -96.579   -100.052   -999.900   -999.900
    -97.000    -74.860    -75.119   -999.900   -999.900      0.259      0.000   -140.500   -140.300    -99.621    -99.832   -999.900   -999.900
   -100.000    -74.868    -75.122   -999.900   -999.900      0.253      0.000   -143.500   -143.300   -102.969   -100.645   -999.900   -999.900
   -103.000    -74.875    -75.150   -999.900   -999.900      0.275      0.000   -146.500   -146.300   -102.969   -100.645   -999.900   -999.900
   -106.000    -74.884    -75.128   -999.900   -999.900      0.244      0.000   -149.500   -149.300   -102.969   -100.645   -999.900   -999.900
   -109.000    -74.874    -75.145   -999.900   -999.900      0.271      0.000   -152.500   -152.300   -102.969   -100.645   -999.900   -999.900
   -112.000    -74.864    -75.122   -999.900   -999.900      0.257      0.000   -155.500   -155.300   -102.969   -100.645   -999.900   -999.900
   -115.000    -74.887    -75.134   -999.900   -999.900      0.247      0.000   -158.500   -158.300   -102.969   -100.645   -999.900   -999.900
   -118.000    -74.872    -75.137   -999.900   -999.900      0.265      0.000   -161.500   -161.300   -102.969   -100.645   -999.900   -999.900
