    -14.000      8.864      8.097      8.377      6.417      0.767      1.960    -29.710    -29.770      8.864      8.097      8.377      6.417
    -16.000      7.055      6.780      6.705      6.144      0.274      0.562    -31.710    -31.770      7.055      6.780      6.705      6.144
    -18.000      4.973      5.328      4.838      5.263     -0.355     -0.425    -33.710    -33.770      4.973      5.328      4.838      5.263
    -20.000      3.105      3.471      3.007      3.445     -0.365     -0.438    -35.710    -35.770      3.105      3.471      3.007      3.445
    -22.000      1.177      1.545      1.103      1.545     -0.368     -0.442    -37.710    -37.770      1.177      1.545      1.103      1.545
    -24.000     -0.730     -0.351     -0.777     -0.339     -0.379     -0.437    -39.710    -39.770     -0.730     -0.351     -0.777     -0.339
    -26.000     -2.712     -2.338     -2.749     -2.303     -0.373     -0.447    -41.710    -41.770     -2.712     -2.338     -2.749     -2.303
    -28.000     -4.715     -4.340     -4.740     -4.292     -0.375     -0.448    -43.710    -43.770     -4.715     -4.340     -4.740     -4.292
    -30.000     -6.681     -6.308     -6.698     -6.251     -0.373     -0.447    -45.710    -45.770     -6.681     -6.308     -6.698     -6.251
    -32.000     -8.701     -8.325     -8.709     -8.260     -0.376     -0.449    -47.710    -47.770     -8.701     -8.325     -8.709     -8.260
    -34.000    -10.673    -10.299    -10.677    -10.229     -0.374     -0.447    -49.710    -49.770    -10.673    -10.299    -10.677    -10.230
    -36.000    -12.699    -12.321    -12.698    -12.243     -0.377     -0.455    -51.710    -51.770    -12.699    -12.321    -12.698    -12.243
    -38.000    -14.662    -14.288    -14.650    -14.206     -0.374     -0.444    -53.710    -53.770    -14.662    -14.288    -14.650    -14.206
    -40.000    -16.676    -16.306    -16.669    -16.222     -0.370     -0.447    -55.710    -55.770    -16.676    -16.306    -16.669    -16.222
    -42.000    -18.698    -18.327    -18.691    -18.242     -0.370     -0.449    -57.710    -57.770    -18.698    -18.327    -18.691    -18.242
    -44.000    -20.676    -20.304    -20.670    -20.223     -0.372     -0.448    -59.710    -59.770    -20.676    -20.304    -20.670    -20.223
    -46.000    -22.674    -22.306    -22.668    -22.222     -0.368     -0.446    -61.710    -61.770    -22.674    -22.306    -22.668    -22.222
    -48.000    -24.650    -24.283    -24.634    -24.187     -0.368     -0.447    -63.710    -63.770    -24.650    -24.283    -24.634    -24.187
    -50.000    -26.666    -26.295    -26.656    -26.211     -0.371     -0.445    -65.710    -65.770    -26.666    -26.295    -26.656    -26.211
    -52.000    -28.685    -28.316    -28.676    -28.231     -0.369     -0.445    -67.710    -67.770    -28.685    -28.316    -28.676    -28.231
    -54.000    -30.699    -30.327    -30.689    -30.241     -0.372     -0.449    -69.710    -69.770    -30.699    -30.327    -30.690    -30.241
    -56.000    -32.718    -32.348    -32.709    -32.258     -0.371     -0.451    -71.710    -71.770    -32.719    -32.348    -32.709    -32.258
    -58.000    -34.674    -34.301    -34.664    -34.212     -0.373     -0.451    -73.710    -73.770    -34.674    -34.301    -34.664    -34.213
    -60.000    -36.695    -36.325    -36.685    -36.233     -0.370     -0.453    -75.710    -75.770    -36.695    -36.326    -36.686    -36.233
    -62.000    -38.715    -38.343    -38.705    -38.250     -0.373     -0.455    -77.710    -77.770    -38.716    -38.344    -38.706    -38.251
    -64.000    -40.669    -40.288    -40.655    -40.196     -0.381     -0.459    -79.710    -79.770    -40.671    -40.290    -40.657    -40.197
    -66.000    -42.691    -42.311    -42.673    -42.213     -0.381     -0.460    -81.710    -81.770    -42.694    -42.313    -42.676    -42.216
    -68.000    -44.649    -44.265    -44.636    -44.176     -0.384     -0.460    -83.710    -83.770    -44.652    -44.269    -44.640    -44.180
    -70.000    -46.661    -46.281    -46.653    -46.193     -0.380     -0.460    -85.710    -85.770    -46.666    -46.287    -46.659    -46.199
    -72.000    -48.468    -48.079    -48.454    -48.006     -0.389     -0.447    -87.710    -87.770    -48.477    -48.088    -48.462    -48.015
    -74.000    -50.632    -50.255    -50.630    -50.179     -0.377     -0.451    -89.710    -89.770    -50.646    -50.269    -50.644    -50.194
    -76.000    -52.632    -52.255    -52.636    -52.187     -0.377     -0.449    -91.710    -91.770    -52.655    -52.278    -52.658    -52.210
    -78.000    -54.569    -54.191    -54.576    -54.132     -0.378     -0.444    -93.710    -93.770    -54.605    -54.227    -54.611    -54.168
    -80.000    -56.569    -56.186    -56.579    -56.132     -0.383     -0.447    -95.710    -95.770    -56.625    -56.244    -56.635    -56.190
    -82.000    -58.499    -58.119    -58.516    -58.069     -0.380     -0.447    -97.710    -97.770    -58.588    -58.209    -58.604    -58.160
    -84.000    -60.471    -60.090    -60.486    -60.043     -0.380     -0.442    -99.710    -99.770    -60.611    -60.233    -60.625    -60.188
    -86.000    -62.397    -62.013    -62.410    -61.959     -0.384     -0.450   -101.710   -101.770    -62.616    -62.237    -62.629    -62.186
    -88.000    -64.266    -63.877    -64.293    -63.828     -0.389     -0.466   -103.710   -103.770    -64.609    -64.226    -64.636    -64.182
    -90.000    -66.096    -65.717    -66.119    -65.657     -0.379     -0.462   -105.710   -105.770    -66.629    -66.263    -66.653    -66.209
    -92.000    -67.782    -67.412    -67.834    -67.336     -0.370     -0.498   -107.710   -107.770    -68.593    -68.243    -68.652    -68.175
    -94.000    -69.390    -69.015    -69.425    -68.938     -0.375     -0.488   -109.710   -109.770    -70.620    -70.277    -70.661    -70.211
    -96.000    -70.773    -70.385    -70.826    -70.304     -0.389     -0.522   -111.710   -111.770    -72.573    -72.227    -72.642    -72.161
    -98.000    -72.009    -71.587    -72.039    -71.519     -0.422     -0.520   -113.710   -113.770    -74.613    -74.231    -74.650    -74.197
   -100.000    -72.990    -72.580    -73.025    -72.504     -0.410     -0.521   -115.710   -115.770    -76.607    -76.277    -76.661    -76.246
   -102.000    -73.740    -73.312    -73.776    -73.219     -0.427     -0.557   -117.710   -117.770    -78.576    -78.238    -78.644    -78.178
   -104.000    -74.320    -73.879    -74.351    -73.782     -0.441     -0.569   -119.710   -119.770    -80.661    -80.318    -80.723    -80.263
   -106.000    -74.699    -74.260    -74.718    -74.144     -0.439     -0.574   -121.710   -121.770    -82.594    -82.323    -82.608    -82.173
   -108.000    -74.970    -74.513    -75.006    -74.392     -0.458     -0.614   -123.710   -123.770    -84.623    -84.274    -84.785    -84.058
   -110.000    -75.167    -74.689    -75.184    -74.589     -0.478     -0.595   -125.710   -125.770    -86.911    -86.332    -86.877    -86.362
   -112.000    -75.245    -74.791    -75.279    -74.704     -0.454     -0.575   -127.710   -127.770    -88.238    -88.110    -88.536    -88.528
   -114.000    -75.353    -74.858    -75.374    -74.767     -0.495     -0.607   -129.710   -129.770    -91.187    -89.861    -91.192    -90.359
   -116.000    -75.411    -74.927    -75.412    -74.811     -0.484     -0.602   -131.710   -131.770    -94.225    -92.847    -92.982    -92.340
   -118.000    -75.440    -74.940    -75.445    -74.840     -0.500     -0.606   -133.710   -133.770    -97.307    -93.729    -95.453    -94.393
   -120.000    -75.459    -74.979    -75.446    -74.881     -0.480     -0.565   -135.710   -135.770   -102.423    -98.700    -95.513   -102.687
   -122.000    -75.449    -74.996    -75.483    -74.886     -0.453     -0.597   -137.710   -137.770    -98.970   -109.980   -103.753   -107.641
   -124.000    -75.454    -74.973    -75.487    -74.885     -0.481     -0.602   -139.710   -139.770   -100.332    -97.405   -109.143   -106.075
   -126.000    -75.472    -75.006    -75.498    -74.882     -0.465     -0.616   -141.710   -141.770   -100.332    -97.405   -109.143   -103.702
   -128.000    -75.460    -74.997    -75.496    -74.886     -0.463     -0.610   -143.710   -143.770   -100.332    -97.405   -109.143   -107.834
   -130.000    -75.463    -74.997    -75.481    -74.887     -0.466     -0.594   -145.710   -145.770   -100.332    -97.405   -109.143   -110.115
   -132.000    -75.469    -74.996    -75.490    -74.897     -0.473     -0.593   -147.710   -147.770   -100.332    -97.405   -109.143   -110.115
   -134.000    -75.480    -75.022    -75.502    -74.889     -0.458     -0.614   -149.710   -149.770   -100.332    -97.405   -109.143   -110.115
   -136.000    -75.489    -75.010    -75.491    -74.884     -0.479     -0.607   -151.710   -151.770   -100.332    -97.405   -109.143   -110.115
   -138.000    -75.475    -75.010    -75.497    -74.887     -0.465     -0.610   -153.710   -153.770   -100.332    -97.405   -109.143   -110.115
   -140.000    -75.480    -74.989    -75.508    -74.907     -0.492     -0.601   -155.710   -155.770   -100.332    -97.405   -109.143   -110.115
