     14.000      8.106      8.108      8.049      8.038     -0.002      0.010    -28.570    -28.670      8.106      8.108      8.049      8.038
     11.000      6.663      6.668      6.745      6.737     -0.005      0.008    -31.570    -31.670      6.663      6.668      6.745      6.737
      8.000      4.064      4.067      4.270      4.267     -0.003      0.003    -34.570    -34.670      4.064      4.067      4.270      4.267
      5.000      1.172      1.175      1.422      1.419     -0.003      0.003    -37.570    -37.670      1.172      1.175      1.422      1.419
      2.000     -1.785     -1.782     -1.507     -1.510     -0.003      0.003    -40.570    -40.670     -1.785     -1.782     -1.507     -1.510
     -1.000     -4.776     -4.778     -4.483     -4.480      0.002     -0.002    -43.570    -43.670     -4.776     -4.778     -4.483     -4.480
     -4.000     -7.805     -7.808     -7.500     -7.498      0.002     -0.002    -46.570    -46.670     -7.805     -7.808     -7.500     -7.498
     -7.000    -10.806    -10.808    -10.490    -10.488      0.003     -0.002    -49.570    -49.670    -10.806    -10.808    -10.490    -10.488
    -10.000    -13.811    -13.814    -13.490    -13.487      0.002     -0.002    -52.570    -52.670    -13.811    -13.814    -13.490    -13.487
    -13.000    -16.798    -16.800    -16.474    -16.471      0.002     -0.002    -55.570    -55.670    -16.798    -16.800    -16.474    -16.471
    -16.000    -19.804    -19.806    -19.479    -19.477      0.002     -0.002    -58.570    -58.670    -19.804    -19.806    -19.479    -19.477
    -19.000    -22.814    -22.816    -22.489    -22.486      0.002     -0.002    -61.570    -61.670    -22.814    -22.816    -22.489    -22.486
    -22.000    -25.811    -25.813    -25.483    -25.481      0.002     -0.002    -64.570    -64.670    -25.811    -25.813    -25.483    -25.481
    -25.000    -28.810    -28.812    -28.482    -28.480      0.002     -0.002    -67.570    -67.670    -28.810    -28.812    -28.482    -28.481
    -28.000    -31.804    -31.800    -31.471    -31.475     -0.004      0.004    -70.570    -70.670    -31.805    -31.800    -31.471    -31.475
    -31.000    -34.812    -34.808    -34.478    -34.482     -0.004      0.004    -73.570    -73.670    -34.813    -34.808    -34.479    -34.483
    -34.000    -37.817    -37.813    -37.485    -37.488     -0.004      0.003    -76.570    -76.670    -37.818    -37.813    -37.486    -37.489
    -37.000    -40.786    -40.785    -40.474    -40.474     -0.001     -0.000    -79.570    -79.670    -40.788    -40.787    -40.476    -40.476
    -40.000    -43.788    -43.768    -43.528    -43.479     -0.020     -0.050    -82.570    -82.670    -43.791    -43.771    -43.531    -43.482
    -43.000    -46.858    -46.676    -46.820    -46.529     -0.182     -0.291    -85.570    -85.670    -46.864    -46.682    -46.826    -46.535
    -46.000    -49.854    -49.672    -49.831    -49.538     -0.182     -0.293    -88.570    -88.670    -49.867    -49.684    -49.844    -49.550
    -49.000    -52.844    -52.668    -52.835    -52.539     -0.176     -0.296    -91.570    -91.670    -52.870    -52.692    -52.860    -52.563
    -52.000    -55.807    -55.630    -55.802    -55.509     -0.177     -0.293    -94.570    -94.670    -55.858    -55.678    -55.853    -55.557
    -55.000    -58.776    -58.603    -58.781    -58.488     -0.173     -0.293    -97.570    -97.670    -58.878    -58.700    -58.883    -58.584
    -58.000    -61.661    -61.495    -61.672    -61.385     -0.166     -0.288   -100.570   -100.670    -61.861    -61.684    -61.872    -61.573
    -61.000    -64.467    -64.321    -64.476    -64.208     -0.146     -0.268   -103.570   -103.670    -64.858    -64.692    -64.866    -64.577
    -64.000    -67.107    -66.993    -67.114    -66.862     -0.114     -0.252   -106.570   -106.670    -67.854    -67.705    -67.859    -67.568
    -67.000    -69.474    -69.365    -69.482    -69.266     -0.109     -0.216   -109.570   -109.670    -70.857    -70.679    -70.860    -70.580
    -70.000    -71.464    -71.380    -71.462    -71.267     -0.084     -0.195   -112.570   -112.670    -73.914    -73.711    -73.895    -73.587
    -73.000    -72.896    -72.867    -72.914    -72.771     -0.029     -0.143   -115.570   -115.670    -76.871    -76.685    -76.884    -76.592
    -76.000    -73.865    -73.891    -73.866    -73.802      0.026     -0.064   -118.570   -118.670    -79.877    -79.747    -79.817    -79.684
    -79.000    -74.422    -74.472    -74.445    -74.379      0.050     -0.066   -121.570   -121.670    -82.726    -82.606    -82.750    -82.537
    -82.000    -74.778    -74.823    -74.776    -74.708      0.045     -0.068   -124.570   -124.670    -86.028    -85.665    -85.741    -85.367
    -85.000    -74.955    -74.996    -74.952    -74.913      0.042     -0.039   -127.570   -127.670    -89.315    -88.454    -88.719    -88.692
    -88.000    -75.039    -75.081    -75.048    -75.016      0.042     -0.032   -130.570   -130.670    -92.544    -90.897    -91.879    -92.238
    -91.000    -75.070    -75.147    -75.109    -75.056      0.077     -0.053   -133.570   -133.670    -94.728    -94.545    -96.799    -95.176
    -94.000    -75.092    -75.173    -75.119    -75.066      0.081     -0.052   -136.570   -136.670    -97.456    -97.753    -98.455    -96.351
    -97.000    -75.127    -75.189    -75.110    -75.105      0.063     -0.005   -139.570   -139.670    -97.456   -102.977    -96.976    -96.351
   -100.000    -75.139    -75.202    -75.136    -75.101      0.063     -0.035   -142.570   -142.670    -97.456   -102.977   -107.695    -96.351
   -103.000    -75.125    -75.175    -75.134    -75.099      0.050     -0.035   -145.570   -145.670    -97.456   -102.977   -104.860    -96.351
   -106.000    -75.123    -75.208    -75.151    -75.101      0.084     -0.050   -148.570   -148.670    -97.456   -102.977   -104.860    -96.351
   -109.000    -75.094    -75.194    -75.133    -75.136      0.100      0.003   -151.570   -151.670    -97.456   -102.977   -104.860    -96.351
   -112.000    -75.129    -75.207    -75.153    -75.094      0.078     -0.059   -154.570   -154.670    -97.456   -102.977   -104.860    -96.351
   -115.000    -75.107    -75.203    -75.123    -75.083      0.096     -0.040   -157.570   -157.670    -97.456   -102.977   -104.860    -96.351
   -118.000    -75.100    -75.188    -75.141    -75.077      0.088     -0.064   -160.570   -160.670    -97.456   -102.977   -104.860    -96.351
