     15.000      6.678      7.790      6.557      8.946     -1.112     -2.389    -28.030    -27.890      6.678      7.790      6.557      8.946
     12.000      6.293      6.444      6.408      8.310     -0.151     -1.901    -31.030    -30.890      6.293      6.444      6.408      8.310
      9.000      5.027      5.396      4.842      5.325     -0.369     -0.483    -34.030    -33.890      5.027      5.396      4.842      5.325
      6.000      2.173      2.556      2.038      2.543     -0.383     -0.505    -37.030    -36.890      2.173      2.556      2.038      2.543
      3.000     -0.800     -0.412     -0.902     -0.391     -0.388     -0.511    -40.030    -39.890     -0.800     -0.412     -0.902     -0.391
      0.000     -3.809     -3.420     -3.888     -3.374     -0.389     -0.514    -43.030    -42.890     -3.809     -3.420     -3.888     -3.374
     -3.000     -6.791     -6.402     -6.855     -6.338     -0.390     -0.517    -46.030    -45.890     -6.791     -6.402     -6.855     -6.338
     -6.000     -9.832     -9.441     -9.887     -9.368     -0.391     -0.519    -49.030    -48.890     -9.832     -9.441     -9.887     -9.368
     -9.000    -12.807    -12.419    -12.855    -12.343     -0.388     -0.513    -52.030    -51.890    -12.807    -12.419    -12.855    -12.343
    -12.000    -15.843    -15.454    -15.881    -15.361     -0.389     -0.520    -55.030    -54.890    -15.843    -15.454    -15.881    -15.361
    -15.000    -18.821    -18.431    -18.858    -18.343     -0.390     -0.515    -58.030    -57.890    -18.821    -18.431    -18.858    -18.343
    -18.000    -21.790    -21.401    -21.825    -21.314     -0.389     -0.511    -61.030    -60.890    -21.790    -21.401    -21.825    -21.314
    -21.000    -24.830    -24.445    -24.856    -24.342     -0.385     -0.514    -64.030    -63.890    -24.830    -24.445    -24.856    -24.342
    -24.000    -27.785    -27.397    -27.817    -27.302     -0.388     -0.515    -67.030    -66.890    -27.785    -27.397    -27.817    -27.302
    -27.000    -30.821    -30.433    -30.856    -30.337     -0.387     -0.520    -70.030    -69.890    -30.821    -30.434    -30.856    -30.337
    -30.000    -33.808    -33.418    -33.842    -33.321     -0.390     -0.521    -73.030    -72.890    -33.808    -33.418    -33.842    -33.321
    -33.000    -36.784    -36.398    -36.822    -36.299     -0.385     -0.523    -76.030    -75.890    -36.784    -36.399    -36.822    -36.299
    -36.000    -39.824    -39.434    -39.855    -39.330     -0.390     -0.525    -79.030    -78.890    -39.825    -39.435    -39.856    -39.331
    -39.000    -42.805    -42.418    -42.831    -42.309     -0.387     -0.522    -82.030    -81.890    -42.808    -42.421    -42.833    -42.311
    -42.000    -45.828    -45.441    -45.861    -45.346     -0.387     -0.515    -85.030    -84.890    -45.833    -45.445    -45.865    -45.350
    -45.000    -48.779    -48.388    -48.826    -48.305     -0.391     -0.521    -88.030    -87.890    -48.788    -48.397    -48.835    -48.314
    -48.000    -51.733    -51.338    -51.795    -51.275     -0.396     -0.520    -91.030    -90.890    -51.751    -51.354    -51.813    -51.292
    -51.000    -54.738    -54.337    -54.812    -54.288     -0.400     -0.524    -94.030    -93.890    -54.773    -54.371    -54.847    -54.322
    -54.000    -57.707    -57.316    -57.780    -57.290     -0.391     -0.491    -97.030    -96.890    -57.778    -57.383    -57.850    -57.357
    -57.000    -60.608    -60.212    -60.675    -60.195     -0.396     -0.480   -100.030    -99.890    -60.746    -60.344    -60.813    -60.327
    -60.000    -63.509    -63.124    -63.589    -63.111     -0.385     -0.477   -103.030   -102.890    -63.783    -63.386    -63.862    -63.373
    -63.000    -66.224    -65.849    -66.298    -65.823     -0.375     -0.476   -106.030   -105.890    -66.751    -66.353    -66.823    -66.325
    -66.000    -68.780    -68.429    -68.860    -68.406     -0.351     -0.455   -109.030   -108.890    -69.781    -69.389    -69.858    -69.364
    -69.000    -70.955    -70.637    -71.023    -70.601     -0.317     -0.423   -112.030   -111.890    -72.756    -72.375    -72.812    -72.330
    -72.000    -72.710    -72.427    -72.792    -72.409     -0.284     -0.384   -115.030   -114.890    -75.797    -75.418    -75.867    -75.402
    -75.000    -73.920    -73.671    -74.026    -73.635     -0.249     -0.392   -118.030   -117.890    -78.763    -78.397    -78.895    -78.326
    -78.000    -74.704    -74.481    -74.782    -74.448     -0.224     -0.334   -121.030   -120.890    -81.807    -81.447    -81.820    -81.362
    -81.000    -75.143    -74.933    -75.225    -74.924     -0.210     -0.301   -124.030   -123.890    -84.755    -84.388    -84.742    -84.458
    -84.000    -75.373    -75.175    -75.480    -75.173     -0.198     -0.307   -127.030   -126.890    -87.539    -87.214    -87.848    -87.471
    -87.000    -75.509    -75.316    -75.600    -75.300     -0.193     -0.300   -130.030   -129.890    -90.607    -90.331    -90.600    -90.395
    -90.000    -75.587    -75.374    -75.664    -75.373     -0.213     -0.290   -133.030   -132.890    -94.302    -92.680    -93.292    -93.801
    -93.000    -75.597    -75.426    -75.713    -75.385     -0.171     -0.328   -136.030   -135.890    -95.136    -97.166    -97.938    -94.699
    -96.000    -75.619    -75.429    -75.732    -75.416     -0.189     -0.316   -139.030   -138.890    -97.700    -97.608   -103.278    -98.628
    -99.000    -75.643    -75.447    -75.734    -75.449     -0.196     -0.284   -142.030   -141.890   -107.788   -102.373   -104.517    -98.628
   -102.000    -75.640    -75.464    -75.745    -75.433     -0.176     -0.313   -145.030   -144.890   -104.569   -102.373   -104.517    -98.628
   -105.000    -75.658    -75.466    -75.726    -75.450     -0.193     -0.277   -148.030   -147.890   -104.569   -102.373   -104.517    -98.628
   -108.000    -75.649    -75.434    -75.734    -75.439     -0.215     -0.295   -151.030   -150.890   -104.569   -102.373   -104.517    -98.628
   -111.000    -75.664    -75.466    -75.734    -75.435     -0.199     -0.299   -154.030   -153.890   -104.569   -102.373   -104.517    -98.628
   -114.000    -75.653    -75.459    -75.747    -75.443     -0.194     -0.304   -157.030   -156.890   -104.569   -102.373   -104.517    -98.628
   -117.000    -75.635    -75.467    -75.730    -75.446     -0.168     -0.284   -160.030   -159.890   -104.569   -102.373   -104.517    -98.628
   -120.000    -75.631    -75.465    -75.722    -75.434     -0.166     -0.288   -163.030   -162.890   -104.569   -102.373   -104.517    -98.628
   -123.000    -75.650    -75.457    -75.735    -75.437     -0.193     -0.298   -166.030   -165.890   -104.569   -102.373   -104.517    -98.628
   -126.000    -75.652    -75.449    -75.747    -75.426     -0.202     -0.321   -169.030   -168.890   -104.569   -102.373   -104.517    -98.628
   -129.000    -75.660    -75.437    -75.756    -75.435     -0.224     -0.321   -172.030   -171.890   -104.569   -102.373   -104.517    -98.628
   -132.000    -75.635    -75.470    -75.736    -75.449     -0.165     -0.287   -175.030   -174.890   -104.569   -102.373   -104.517    -98.628
