     15.000      7.326      6.876      6.635      7.345      0.451     -0.710    -28.030    -27.890      7.326      6.876      6.635      7.345
     12.000      6.297      6.943      6.247      6.329     -0.647     -0.082    -31.030    -30.890      6.297      6.943      6.247      6.329
      9.000      5.176      5.462      4.987      5.388     -0.286     -0.401    -34.030    -33.890      5.176      5.462      4.987      5.388
      6.000      2.327      2.621      2.190      2.607     -0.294     -0.418    -37.030    -36.890      2.327      2.621      2.190      2.607
      3.000     -0.642     -0.345     -0.744     -0.324     -0.297     -0.420    -40.030    -39.890     -0.642     -0.345     -0.744     -0.324
      0.000     -3.650     -3.353     -3.731     -3.309     -0.297     -0.422    -43.030    -42.890     -3.650     -3.353     -3.731     -3.309
     -3.000     -6.626     -6.328     -6.691     -6.269     -0.299     -0.422    -46.030    -45.890     -6.626     -6.328     -6.691     -6.269
     -6.000     -9.666     -9.369     -9.724     -9.297     -0.297     -0.427    -49.030    -48.890     -9.666     -9.369     -9.724     -9.297
     -9.000    -12.641    -12.347    -12.689    -12.263     -0.294     -0.427    -52.030    -51.890    -12.641    -12.347    -12.689    -12.263
    -12.000    -15.676    -15.378    -15.723    -15.293     -0.298     -0.430    -55.030    -54.890    -15.676    -15.378    -15.723    -15.293
    -15.000    -18.651    -18.355    -18.687    -18.267     -0.296     -0.420    -58.030    -57.890    -18.651    -18.355    -18.687    -18.267
    -18.000    -21.619    -21.320    -21.655    -21.233     -0.299     -0.423    -61.030    -60.890    -21.619    -21.320    -21.655    -21.233
    -21.000    -24.660    -24.366    -24.686    -24.265     -0.295     -0.421    -64.030    -63.890    -24.660    -24.366    -24.686    -24.265
    -24.000    -27.614    -27.315    -27.646    -27.226     -0.299     -0.420    -67.030    -66.890    -27.614    -27.315    -27.646    -27.226
    -27.000    -30.650    -30.352    -30.683    -30.263     -0.298     -0.420    -70.030    -69.890    -30.650    -30.352    -30.684    -30.264
    -30.000    -33.633    -33.335    -33.669    -33.245     -0.298     -0.423    -73.030    -72.890    -33.634    -33.335    -33.669    -33.246
    -33.000    -36.609    -36.313    -36.643    -36.223     -0.296     -0.421    -76.030    -75.890    -36.609    -36.313    -36.644    -36.223
    -36.000    -39.649    -39.349    -39.681    -39.259     -0.300     -0.422    -79.030    -78.890    -39.650    -39.350    -39.682    -39.260
    -39.000    -42.632    -42.324    -42.656    -42.242     -0.307     -0.414    -82.030    -81.890    -42.634    -42.327    -42.658    -42.244
    -42.000    -45.655    -45.353    -45.688    -45.272     -0.303     -0.416    -85.030    -84.890    -45.660    -45.357    -45.693    -45.276
    -45.000    -48.607    -48.309    -48.653    -48.229     -0.298     -0.424    -88.030    -87.890    -48.615    -48.317    -48.662    -48.238
    -48.000    -51.557    -51.267    -51.619    -51.192     -0.290     -0.427    -91.030    -90.890    -51.574    -51.283    -51.636    -51.208
    -51.000    -54.565    -54.276    -54.637    -54.203     -0.290     -0.434    -94.030    -93.890    -54.599    -54.309    -54.671    -54.236
    -54.000    -57.532    -57.236    -57.601    -57.178     -0.296     -0.423    -97.030    -96.890    -57.599    -57.301    -57.667    -57.243
    -57.000    -60.432    -60.133    -60.496    -60.082     -0.299     -0.415   -100.030    -99.890    -60.563    -60.262    -60.627    -60.209
    -60.000    -63.349    -63.045    -63.412    -62.998     -0.304     -0.414   -103.030   -102.890    -63.610    -63.300    -63.672    -63.251
    -63.000    -66.071    -65.779    -66.135    -65.724     -0.292     -0.412   -106.030   -105.890    -66.574    -66.269    -66.634    -66.210
    -66.000    -68.644    -68.375    -68.722    -68.316     -0.269     -0.406   -109.030   -108.890    -69.601    -69.314    -69.674    -69.244
    -69.000    -70.844    -70.582    -70.927    -70.547     -0.262     -0.380   -112.030   -111.890    -72.570    -72.276    -72.648    -72.233
    -72.000    -72.631    -72.405    -72.707    -72.356     -0.226     -0.351   -115.030   -114.890    -75.597    -75.341    -75.656    -75.264
    -75.000    -73.882    -73.659    -73.971    -73.633     -0.223     -0.338   -118.030   -117.890    -78.569    -78.294    -78.650    -78.252
    -78.000    -74.693    -74.482    -74.783    -74.448     -0.211     -0.335   -121.030   -120.890    -81.588    -81.316    -81.669    -81.228
    -81.000    -75.164    -74.943    -75.249    -74.928     -0.221     -0.321   -124.030   -123.890    -84.624    -84.208    -84.649    -84.224
    -84.000    -75.407    -75.209    -75.487    -75.192     -0.198     -0.295   -127.030   -126.890    -87.470    -87.226    -87.354    -87.238
    -87.000    -75.531    -75.342    -75.633    -75.337     -0.189     -0.296   -130.030   -129.890    -90.097    -90.084    -90.436    -90.476
    -90.000    -75.619    -75.433    -75.698    -75.418     -0.187     -0.280   -133.030   -132.890    -93.806    -94.215    -93.042    -94.523
    -93.000    -75.652    -75.456    -75.743    -75.444     -0.196     -0.299   -136.030   -135.890    -96.814    -96.513    -96.634    -97.465
    -96.000    -75.646    -75.483    -75.743    -75.454     -0.163     -0.289   -139.030   -138.890    -96.063   -102.982    -96.585    -99.244
    -99.000    -75.681    -75.490    -75.775    -75.458     -0.191     -0.316   -142.030   -141.890   -105.399   -120.175   -106.462   -100.638
   -102.000    -75.669    -75.486    -75.760    -75.461     -0.183     -0.299   -145.030   -144.890    -99.777   -105.509    -99.446   -101.503
   -105.000    -75.666    -75.473    -75.764    -75.470     -0.193     -0.294   -148.030   -147.890    -99.144    -99.477   -100.517   -108.908
   -108.000    -75.688    -75.494    -75.774    -75.475     -0.194     -0.299   -151.030   -150.890    -99.144    -99.477   -105.902   -108.908
   -111.000    -75.683    -75.495    -75.747    -75.477     -0.188     -0.270   -154.030   -153.890    -99.144    -99.477    -97.123   -108.908
   -114.000    -75.680    -75.500    -75.782    -75.480     -0.179     -0.302   -157.030   -156.890    -99.144    -99.477    -97.123   -108.908
   -117.000    -75.691    -75.496    -75.771    -75.473     -0.196     -0.298   -160.030   -159.890    -99.144    -99.477    -97.123   -108.908
   -120.000    -75.680    -75.487    -75.775    -75.467     -0.194     -0.308   -163.030   -162.890    -99.144    -99.477    -97.123   -108.908
   -123.000    -75.680    -75.511    -75.761    -75.468     -0.169     -0.293   -166.030   -165.890    -99.144    -99.477    -97.123   -108.908
   -126.000    -75.685    -75.469    -75.778    -75.477     -0.216     -0.300   -169.030   -168.890    -99.144    -99.477    -97.123   -108.908
   -129.000    -75.702    -75.503    -75.782    -75.470     -0.200     -0.311   -172.030   -171.890    -99.144    -99.477    -97.123   -108.908
   -132.000    -75.682    -75.483    -75.799    -75.476     -0.199     -0.323   -175.030   -174.890    -99.144    -99.477    -97.123   -108.908
