     20.000     10.320     11.760      8.808      9.320     -1.440     -0.513    -22.570    -22.670     10.320     11.760      8.808      9.320
     17.000     10.428     11.712      8.894      9.289     -1.284     -0.395    -25.570    -25.670     10.428     11.712      8.894      9.289
     14.000     10.357     10.115      9.790     10.758      0.242     -0.968    -28.570    -28.670     10.357     10.115      9.790     10.758
     11.000      6.428      6.765      6.517      8.257     -0.337     -1.741    -31.570    -31.670      6.428      6.765      6.517      8.257
      8.000      5.374      6.089      5.180      6.367     -0.715     -1.186    -34.570    -34.670      5.374      6.089      5.180      6.367
      5.000      2.370      3.555      2.203      3.508     -1.185     -1.304    -37.570    -37.670      2.370      3.555      2.203      3.508
      2.000     -0.671      0.546     -0.812      0.525     -1.216     -1.337    -40.570    -40.670     -0.671      0.546     -0.812      0.525
     -1.000     -3.716     -2.485     -3.844     -2.488     -1.231     -1.356    -43.570    -43.670     -3.716     -2.485     -3.844     -2.488
     -4.000     -6.707     -5.465     -6.822     -5.454     -1.242     -1.367    -46.570    -46.670     -6.707     -5.465     -6.822     -5.454
     -7.000     -9.756     -8.505     -9.868     -8.486     -1.251     -1.382    -49.570    -49.670     -9.756     -8.505     -9.868     -8.486
    -10.000    -12.742    -11.480    -12.848    -11.463     -1.262     -1.386    -52.570    -52.670    -12.742    -11.480    -12.848    -11.463
    -13.000    -15.722    -14.460    -15.827    -14.428     -1.262     -1.399    -55.570    -55.670    -15.722    -14.460    -15.827    -14.428
    -16.000    -18.773    -17.494    -18.869    -17.466     -1.279     -1.403    -58.570    -58.670    -18.773    -17.494    -18.869    -17.466
    -19.000    -21.753    -20.465    -21.849    -20.440     -1.288     -1.408    -61.570    -61.670    -21.753    -20.465    -21.849    -20.440
    -22.000    -24.803    -23.506    -24.891    -23.471     -1.297     -1.421    -64.570    -64.670    -24.803    -23.506    -24.891    -23.471
    -25.000    -27.772    -26.464    -27.866    -26.434     -1.307     -1.432    -67.570    -67.670    -27.772    -26.464    -27.866    -26.434
    -28.000    -30.821    -29.499    -30.914    -29.469     -1.322     -1.445    -70.570    -70.670    -30.821    -29.499    -30.914    -29.469
    -31.000    -33.860    -32.486    -33.956    -32.453     -1.374     -1.503    -73.570    -73.670    -33.860    -32.486    -33.957    -32.453
    -34.000    -36.835    -35.467    -36.933    -35.434     -1.368     -1.499    -76.570    -76.670    -36.836    -35.468    -36.933    -35.434
    -37.000    -39.884    -38.504    -39.976    -38.465     -1.379     -1.511    -79.570    -79.670    -39.885    -38.506    -39.977    -38.466
    -40.000    -42.884    -41.492    -42.971    -41.443     -1.392     -1.528    -82.570    -82.670    -42.888    -41.495    -42.974    -41.445
    -43.000    -45.872    -44.468    -45.971    -44.430     -1.404     -1.541    -85.570    -85.670    -45.879    -44.473    -45.978    -44.435
    -46.000    -48.886    -47.465    -48.995    -47.442     -1.421     -1.553    -88.570    -88.670    -48.900    -47.475    -49.009    -47.452
    -49.000    -51.857    -50.423    -51.979    -50.414     -1.433     -1.565    -91.570    -91.670    -51.885    -50.443    -52.007    -50.434
    -52.000    -54.866    -53.421    -54.993    -53.423     -1.444     -1.570    -94.570    -94.670    -54.921    -53.461    -55.048    -53.462
    -55.000    -57.848    -56.391    -57.964    -56.419     -1.458     -1.545    -97.570    -97.670    -57.959    -56.470    -58.074    -56.498
    -58.000    -60.724    -59.281    -60.837    -59.306     -1.443     -1.531   -100.570   -100.670    -60.942    -59.437    -61.054    -59.461
    -61.000    -63.580    -62.168    -63.682    -62.201     -1.413     -1.481   -103.570   -103.670    -64.011    -62.475    -64.110    -62.508
    -64.000    -66.187    -64.857    -66.298    -64.871     -1.330     -1.426   -106.570   -106.670    -67.008    -65.447    -67.114    -65.458
    -67.000    -68.572    -67.363    -68.654    -67.386     -1.209     -1.268   -109.570   -109.670    -70.110    -68.476    -70.171    -68.496
    -70.000    -70.452    -69.472    -70.574    -69.480     -0.980     -1.094   -112.570   -112.670    -73.127    -71.461    -73.241    -71.456
    -73.000    -71.872    -71.113    -71.971    -71.128     -0.759     -0.843   -115.570   -115.670    -76.280    -74.450    -76.323    -74.447
    -76.000    -72.818    -72.265    -72.901    -72.304     -0.553     -0.598   -118.570   -118.670    -79.654    -77.483    -79.559    -77.537
    -79.000    -73.351    -72.976    -73.459    -72.970     -0.375     -0.490   -121.570   -121.670    -83.197    -80.509    -83.109    -80.330
    -82.000    -73.609    -73.378    -73.733    -73.410     -0.230     -0.323   -124.570   -124.670    -86.717    -83.530    -86.703    -83.565
    -85.000    -73.735    -73.599    -73.893    -73.631     -0.136     -0.261   -127.570   -127.670    -90.542    -86.646    -92.179    -86.701
    -88.000    -73.845    -73.719    -73.943    -73.736     -0.126     -0.207   -130.570   -130.670    -90.542    -90.118    -98.613    -89.552
    -91.000    -73.875    -73.753    -74.015    -73.771     -0.121     -0.244   -133.570   -133.670    -90.542    -91.966    -98.613    -91.182
    -94.000    -73.890    -73.785    -74.011    -73.797     -0.105     -0.214   -136.570   -136.670    -90.542    -94.758    -98.613    -92.897
    -97.000    -73.914    -73.806    -74.017    -73.815     -0.109     -0.202   -139.570   -139.670    -90.542    -98.778    -98.613    -94.691
   -100.000    -73.888    -73.818    -74.011    -73.819     -0.070     -0.192   -142.570   -142.670    -90.542   -107.924    -98.613    -95.178
   -103.000    -73.880    -73.824    -74.000    -73.847     -0.056     -0.154   -145.570   -145.670    -90.542   -107.924    -98.613   -103.860
   -106.000    -73.873    -73.853    -74.026    -73.829     -0.020     -0.197   -148.570   -148.670    -90.542   -107.924    -98.613    -96.736
   -109.000    -73.902    -73.834    -74.008    -73.846     -0.068     -0.162   -151.570   -151.670    -90.542   -107.924    -98.613   -103.144
   -112.000    -73.839    -73.797    -73.974    -73.863     -0.042     -0.112   -154.570   -154.670    -90.542   -107.924    -98.613   -103.144
   -115.000    -73.846    -73.818    -74.007    -73.841     -0.027     -0.165   -157.570   -157.670    -90.542   -107.924    -98.613   -103.144
   -118.000    -73.831    -73.811    -73.950    -73.853     -0.020     -0.097   -160.570   -160.670    -90.542   -107.924    -98.613   -103.144
   -121.000    -73.824    -73.816    -73.975    -73.833     -0.008     -0.142   -163.570   -163.670    -90.542   -107.924    -98.613   -103.144
   -124.000    -73.850    -73.830    -73.943    -73.851     -0.020     -0.092   -166.570   -166.670    -90.542   -107.924    -98.613   -103.144
   -127.000    -73.828    -73.821    -73.972    -73.855     -0.007     -0.117   -169.570   -169.670    -90.542   -107.924    -98.613   -103.144
   -130.000    -73.804    -73.811    -73.941    -73.865      0.006     -0.076   -172.570   -172.670    -90.542   -107.924    -98.613   -103.144
