    -14.000      6.481      6.700      6.696      8.751     -0.219     -2.055    -29.710    -29.770      6.481      6.700      6.695      8.751
    -16.000      6.125      6.377      6.224      7.433     -0.252     -1.209    -31.710    -31.770      6.125      6.377      6.224      7.433
    -18.000      4.970      5.316      4.856      5.289     -0.346     -0.433    -33.710    -33.770      4.970      5.316      4.856      5.289
    -20.000      3.103      3.459      3.027      3.473     -0.356     -0.445    -35.710    -35.770      3.103      3.459      3.027      3.473
    -22.000      1.173      1.528      1.117      1.575     -0.354     -0.459    -37.710    -37.770      1.173      1.527      1.117      1.575
    -24.000     -0.723     -0.361     -0.754     -0.301     -0.362     -0.454    -39.710    -39.770     -0.723     -0.361     -0.755     -0.301
    -26.000     -2.711     -2.349     -2.727     -2.271     -0.363     -0.457    -41.710    -41.770     -2.711     -2.349     -2.727     -2.271
    -28.000     -4.715     -4.351     -4.719     -4.261     -0.364     -0.458    -43.710    -43.770     -4.715     -4.351     -4.719     -4.261
    -30.000     -6.682     -6.316     -6.677     -6.217     -0.366     -0.460    -45.710    -45.770     -6.682     -6.316     -6.677     -6.217
    -32.000     -8.700     -8.337     -8.689     -8.228     -0.363     -0.461    -47.710    -47.770     -8.700     -8.337     -8.689     -8.228
    -34.000    -10.671    -10.307    -10.649    -10.193     -0.364     -0.456    -49.710    -49.770    -10.671    -10.307    -10.649    -10.193
    -36.000    -12.694    -12.335    -12.672    -12.216     -0.359     -0.456    -51.710    -51.770    -12.694    -12.335    -12.672    -12.216
    -38.000    -14.659    -14.298    -14.636    -14.169     -0.362     -0.467    -53.710    -53.770    -14.659    -14.298    -14.637    -14.169
    -40.000    -16.676    -16.311    -16.645    -16.187     -0.366     -0.458    -55.710    -55.770    -16.676    -16.311    -16.645    -16.187
    -42.000    -18.698    -18.332    -18.663    -18.208     -0.365     -0.455    -57.710    -57.770    -18.698    -18.332    -18.663    -18.208
    -44.000    -20.676    -20.312    -20.642    -20.186     -0.364     -0.456    -59.710    -59.770    -20.676    -20.312    -20.642    -20.186
    -46.000    -22.677    -22.312    -22.642    -22.184     -0.365     -0.457    -61.710    -61.770    -22.677    -22.312    -22.642    -22.184
    -48.000    -24.643    -24.278    -24.605    -24.147     -0.365     -0.458    -63.710    -63.770    -24.643    -24.278    -24.605    -24.147
    -50.000    -26.666    -26.300    -26.630    -26.171     -0.366     -0.460    -65.710    -65.770    -26.666    -26.300    -26.630    -26.171
    -52.000    -28.685    -28.320    -28.651    -28.191     -0.365     -0.459    -67.710    -67.770    -28.685    -28.320    -28.651    -28.191
    -54.000    -30.689    -30.324    -30.652    -30.199     -0.365     -0.453    -69.710    -69.770    -30.689    -30.325    -30.653    -30.199
    -56.000    -32.708    -32.342    -32.671    -32.216     -0.366     -0.455    -71.710    -71.770    -32.708    -32.342    -32.672    -32.216
    -58.000    -34.659    -34.297    -34.622    -34.170     -0.362     -0.451    -73.710    -73.770    -34.659    -34.297    -34.622    -34.171
    -60.000    -36.683    -36.320    -36.645    -36.191     -0.362     -0.454    -75.710    -75.770    -36.683    -36.321    -36.646    -36.192
    -62.000    -38.699    -38.340    -38.661    -38.210     -0.359     -0.451    -77.710    -77.770    -38.700    -38.341    -38.662    -38.211
    -64.000    -40.645    -40.287    -40.606    -40.157     -0.358     -0.449    -79.710    -79.770    -40.647    -40.289    -40.607    -40.158
    -66.000    -42.664    -42.306    -42.628    -42.179     -0.358     -0.449    -81.710    -81.770    -42.666    -42.308    -42.630    -42.181
    -68.000    -44.624    -44.268    -44.587    -44.138     -0.357     -0.449    -83.710    -83.770    -44.628    -44.271    -44.590    -44.142
    -70.000    -46.639    -46.289    -46.614    -46.154     -0.350     -0.460    -85.710    -85.770    -46.645    -46.295    -46.619    -46.159
    -72.000    -48.651    -48.291    -48.621    -48.165     -0.360     -0.456    -87.710    -87.770    -48.660    -48.300    -48.630    -48.174
    -74.000    -50.614    -50.255    -50.590    -50.130     -0.358     -0.461    -89.710    -89.770    -50.628    -50.269    -50.604    -50.144
    -76.000    -52.616    -52.256    -52.596    -52.133     -0.360     -0.463    -91.710    -91.770    -52.638    -52.279    -52.618    -52.155
    -78.000    -54.555    -54.193    -54.534    -54.070     -0.361     -0.464    -93.710    -93.770    -54.589    -54.228    -54.568    -54.105
    -80.000    -56.557    -56.192    -56.531    -56.068     -0.365     -0.463    -95.710    -95.770    -56.612    -56.247    -56.586    -56.123
    -82.000    -58.491    -58.126    -58.466    -58.007     -0.365     -0.459    -97.710    -97.770    -58.578    -58.213    -58.553    -58.094
    -84.000    -60.461    -60.101    -60.441    -59.978     -0.360     -0.463    -99.710    -99.770    -60.598    -60.239    -60.578    -60.116
    -86.000    -62.388    -62.025    -62.363    -61.911     -0.363     -0.453   -101.710   -101.770    -62.603    -62.241    -62.578    -62.128
    -88.000    -64.266    -63.896    -64.240    -63.781     -0.370     -0.459   -103.710   -103.770    -64.603    -64.233    -64.575    -64.119
    -90.000    -66.100    -65.742    -66.079    -65.615     -0.358     -0.464   -105.710   -105.770    -66.625    -66.269    -66.604    -66.143
    -92.000    -67.799    -67.426    -67.780    -67.321     -0.372     -0.460   -107.710   -107.770    -68.599    -68.227    -68.580    -68.127
    -94.000    -69.409    -69.046    -69.389    -68.928     -0.363     -0.462   -109.710   -109.770    -70.623    -70.264    -70.602    -70.150
    -96.000    -70.787    -70.426    -70.792    -70.321     -0.361     -0.471   -111.710   -111.770    -72.559    -72.205    -72.574    -72.114
    -98.000    -72.025    -71.677    -72.010    -71.554     -0.348     -0.456   -113.710   -113.770    -74.585    -74.261    -74.571    -74.145
   -100.000    -73.032    -72.672    -73.032    -72.556     -0.360     -0.475   -115.710   -115.770    -76.613    -76.273    -76.633    -76.180
   -102.000    -73.795    -73.419    -73.766    -73.286     -0.375     -0.480   -117.710   -117.770    -78.603    -78.229    -78.548    -78.094
   -104.000    -74.346    -73.993    -74.347    -73.865     -0.353     -0.482   -119.710   -119.770    -80.543    -80.266    -80.600    -80.154
   -106.000    -74.772    -74.390    -74.759    -74.273     -0.382     -0.487   -121.710   -121.770    -82.688    -82.274    -82.690    -82.237
   -108.000    -75.034    -74.657    -75.041    -74.539     -0.377     -0.503   -123.710   -123.770    -84.640    -84.259    -84.839    -84.255
   -110.000    -75.216    -74.846    -75.199    -74.714     -0.370     -0.485   -125.710   -125.770    -86.673    -86.383    -86.650    -86.271
   -112.000    -75.331    -74.951    -75.298    -74.838     -0.380     -0.460   -127.710   -127.770    -88.659    -88.207    -88.280    -88.493
   -114.000    -75.406    -75.039    -75.398    -74.900     -0.367     -0.498   -129.710   -129.770    -90.661    -90.610    -90.917    -90.249
   -116.000    -75.459    -75.092    -75.440    -74.944     -0.367     -0.496   -131.710   -131.770    -92.896    -93.058    -92.735    -92.095
   -118.000    -75.492    -75.105    -75.486    -74.971     -0.386     -0.515   -133.710   -133.770    -95.258    -94.019    -96.292    -93.720
   -120.000    -75.507    -75.129    -75.486    -74.995     -0.378     -0.490   -135.710   -135.770    -97.032    -96.413    -96.304    -96.138
   -122.000    -75.516    -75.175    -75.509    -75.013     -0.341     -0.496   -137.710   -137.770    -98.647    -96.413   -100.679    -99.354
   -124.000    -75.550    -75.150    -75.534    -75.022     -0.400     -0.512   -139.710   -139.770    -98.647    -96.413   -100.679   -102.943
   -126.000    -75.527    -75.153    -75.515    -75.029     -0.374     -0.486   -141.710   -141.770    -98.647    -96.413   -100.679   -102.943
   -128.000    -75.539    -75.178    -75.524    -75.031     -0.361     -0.493   -143.710   -143.770    -98.647    -96.413   -100.679   -102.943
   -130.000    -75.542    -75.179    -75.531    -75.035     -0.363     -0.496   -145.710   -145.770    -98.647    -96.413   -100.679   -102.943
   -132.000    -75.540    -75.160    -75.530    -75.039     -0.381     -0.491   -147.710   -147.770    -98.647    -96.413   -100.679   -102.943
   -134.000    -75.544    -75.163    -75.527    -75.037     -0.381     -0.490   -149.710   -149.770    -98.647    -96.413   -100.679   -102.943
   -136.000    -75.538    -75.161    -75.525    -75.030     -0.377     -0.495   -151.710   -151.770    -98.647    -96.413   -100.679   -102.943
   -138.000    -75.557    -75.165    -75.525    -75.037     -0.392     -0.488   -153.710   -153.770    -98.647    -96.413   -100.679   -102.943
   -140.000    -75.553    -75.165    -75.535    -75.049     -0.389     -0.486   -155.710   -155.770    -98.647    -96.413   -100.679   -102.943
