    -14.000      8.845      8.349      8.117      6.434      0.496      1.683    -29.710    -29.770      8.845      8.349      8.117      6.434
    -16.000      7.121      6.880      6.740      6.147      0.241      0.593    -31.710    -31.770      7.121      6.880      6.740      6.147
    -18.000      5.002      5.355      4.865      5.290     -0.353     -0.425    -33.710    -33.770      5.002      5.355      4.865      5.290
    -20.000      3.135      3.499      3.035      3.472     -0.364     -0.437    -35.710    -35.770      3.135      3.499      3.035      3.472
    -22.000      1.206      1.573      1.132      1.573     -0.367     -0.441    -37.710    -37.770      1.206      1.573      1.132      1.572
    -24.000     -0.694     -0.322     -0.748     -0.304     -0.371     -0.444    -39.710    -39.770     -0.694     -0.322     -0.748     -0.304
    -26.000     -2.683     -2.309     -2.720     -2.275     -0.373     -0.446    -41.710    -41.770     -2.683     -2.309     -2.720     -2.275
    -28.000     -4.685     -4.311     -4.711     -4.264     -0.374     -0.447    -43.710    -43.770     -4.685     -4.312     -4.711     -4.264
    -30.000     -6.653     -6.281     -6.670     -6.224     -0.372     -0.446    -45.710    -45.770     -6.653     -6.281     -6.670     -6.224
    -32.000     -8.673     -8.297     -8.681     -8.233     -0.375     -0.448    -47.710    -47.770     -8.673     -8.298     -8.681     -8.233
    -34.000    -10.645    -10.272    -10.649    -10.203     -0.373     -0.446    -49.710    -49.770    -10.645    -10.272    -10.649    -10.203
    -36.000    -12.671    -12.293    -12.671    -12.218     -0.378     -0.453    -51.710    -51.770    -12.671    -12.293    -12.671    -12.218
    -38.000    -14.635    -14.262    -14.623    -14.180     -0.373     -0.443    -53.710    -53.770    -14.635    -14.262    -14.623    -14.180
    -40.000    -16.649    -16.280    -16.642    -16.196     -0.369     -0.446    -55.710    -55.770    -16.649    -16.280    -16.643    -16.196
    -42.000    -18.677    -18.301    -18.664    -18.223     -0.376     -0.441    -57.710    -57.770    -18.677    -18.301    -18.664    -18.223
    -44.000    -20.650    -20.279    -20.644    -20.196     -0.372     -0.448    -59.710    -59.770    -20.650    -20.279    -20.644    -20.196
    -46.000    -22.648    -22.281    -22.642    -22.197     -0.368     -0.445    -61.710    -61.770    -22.648    -22.281    -22.642    -22.197
    -48.000    -24.625    -24.257    -24.607    -24.161     -0.368     -0.446    -63.710    -63.770    -24.625    -24.257    -24.607    -24.161
    -50.000    -26.640    -26.270    -26.631    -26.186     -0.370     -0.445    -65.710    -65.770    -26.640    -26.270    -26.631    -26.186
    -52.000    -28.660    -28.291    -28.651    -28.206     -0.369     -0.445    -67.710    -67.770    -28.660    -28.291    -28.651    -28.206
    -54.000    -30.673    -30.302    -30.665    -30.216     -0.371     -0.449    -69.710    -69.770    -30.674    -30.303    -30.665    -30.216
    -56.000    -32.692    -32.322    -32.683    -32.232     -0.370     -0.451    -71.710    -71.770    -32.692    -32.323    -32.683    -32.232
    -58.000    -34.648    -34.275    -34.639    -34.188     -0.373     -0.451    -73.710    -73.770    -34.649    -34.276    -34.639    -34.188
    -60.000    -36.669    -36.301    -36.659    -36.207     -0.368     -0.452    -75.710    -75.770    -36.669    -36.301    -36.660    -36.208
    -62.000    -38.690    -38.317    -38.680    -38.227     -0.373     -0.453    -77.710    -77.770    -38.691    -38.318    -38.681    -38.228
    -64.000    -40.644    -40.263    -40.630    -40.172     -0.381     -0.458    -79.710    -79.770    -40.646    -40.264    -40.631    -40.173
    -66.000    -42.667    -42.285    -42.649    -42.189     -0.382     -0.460    -81.710    -81.770    -42.669    -42.287    -42.652    -42.192
    -68.000    -44.624    -44.242    -44.611    -44.150     -0.382     -0.461    -83.710    -83.770    -44.628    -44.246    -44.615    -44.154
    -70.000    -46.637    -46.256    -46.629    -46.169     -0.381     -0.460    -85.710    -85.770    -46.643    -46.261    -46.635    -46.175
    -72.000    -48.643    -48.265    -48.639    -48.185     -0.379     -0.454    -87.710    -87.770    -48.652    -48.274    -48.648    -48.195
    -74.000    -50.609    -50.231    -50.607    -50.157     -0.378     -0.450    -89.710    -89.770    -50.623    -50.246    -50.621    -50.172
    -76.000    -52.608    -52.231    -52.612    -52.163     -0.377     -0.450    -91.710    -91.770    -52.631    -52.254    -52.634    -52.186
    -78.000    -54.545    -54.165    -54.554    -54.107     -0.380     -0.447    -93.710    -93.770    -54.580    -54.201    -54.589    -54.143
    -80.000    -56.541    -56.162    -56.553    -56.108     -0.379     -0.446    -95.710    -95.770    -56.597    -56.220    -56.609    -56.166
    -82.000    -58.478    -58.101    -58.494    -58.047     -0.377     -0.448    -97.710    -97.770    -58.566    -58.191    -58.582    -58.138
    -84.000    -60.448    -60.070    -60.471    -60.019     -0.378     -0.452    -99.710    -99.770    -60.587    -60.212    -60.610    -60.163
    -86.000    -62.370    -61.994    -62.398    -61.939     -0.376     -0.459   -101.710   -101.770    -62.589    -62.218    -62.617    -62.165
    -88.000    -64.239    -63.863    -64.271    -63.805     -0.376     -0.466   -103.710   -103.770    -64.580    -64.211    -64.613    -64.158
    -90.000    -66.077    -65.691    -66.103    -65.639     -0.386     -0.464   -105.710   -105.770    -66.608    -66.234    -66.636    -66.189
    -92.000    -67.769    -67.385    -67.791    -67.331     -0.384     -0.460   -107.710   -107.770    -68.579    -68.212    -68.601    -68.170
    -94.000    -69.382    -68.989    -69.411    -68.918     -0.393     -0.493   -109.710   -109.770    -70.612    -70.245    -70.645    -70.186
    -96.000    -70.754    -70.368    -70.798    -70.281     -0.386     -0.517   -111.710   -111.770    -72.547    -72.206    -72.604    -72.128
    -98.000    -71.986    -71.578    -72.015    -71.511     -0.409     -0.503   -113.710   -113.770    -74.576    -74.220    -74.613    -74.188
   -100.000    -72.991    -72.565    -73.019    -72.469     -0.426     -0.550   -115.710   -115.770    -76.617    -76.252    -76.658    -76.170
   -102.000    -73.730    -73.288    -73.760    -73.194     -0.442     -0.566   -117.710   -117.770    -78.559    -78.180    -78.615    -78.113
   -104.000    -74.295    -73.865    -74.320    -73.750     -0.431     -0.570   -119.710   -119.770    -80.572    -80.281    -80.622    -80.140
   -106.000    -74.683    -74.253    -74.723    -74.134     -0.430     -0.590   -121.710   -121.770    -82.524    -82.321    -82.686    -82.134
   -108.000    -74.952    -74.510    -74.986    -74.402     -0.442     -0.584   -123.710   -123.770    -84.506    -84.314    -84.669    -84.197
   -110.000    -75.141    -74.676    -75.150    -74.587     -0.465     -0.563   -125.710   -125.770    -86.615    -86.247    -86.507    -86.391
   -112.000    -75.246    -74.777    -75.279    -74.682     -0.469     -0.597   -127.710   -127.770    -88.383    -87.984    -88.726    -88.120
   -114.000    -75.337    -74.854    -75.365    -74.756     -0.483     -0.609   -129.710   -129.770    -90.788    -89.973    -91.210    -90.164
   -116.000    -75.380    -74.900    -75.382    -74.799     -0.480     -0.583   -131.710   -131.770    -92.640    -91.808    -91.903    -91.952
   -118.000    -75.414    -74.948    -75.421    -74.842     -0.465     -0.579   -133.710   -133.770    -94.933    -95.173    -94.130    -95.149
   -120.000    -75.448    -74.955    -75.456    -74.854     -0.493     -0.602   -135.710   -135.770   -100.283    -95.955    -98.088    -96.584
   -122.000    -75.454    -74.975    -75.467    -74.882     -0.479     -0.585   -137.710   -137.770   -102.396    -99.707   -100.897   -111.019
   -124.000    -75.456    -74.983    -75.480    -74.884     -0.474     -0.596   -139.710   -139.770   -103.920   -102.894   -100.897   -111.019
   -126.000    -75.454    -74.989    -75.476    -74.878     -0.465     -0.598   -141.710   -141.770   -102.598   -110.831   -100.897   -111.019
   -128.000    -75.457    -74.995    -75.475    -74.889     -0.463     -0.586   -143.710   -143.770   -104.945   -110.831   -100.897   -111.019
   -130.000    -75.459    -75.008    -75.491    -74.888     -0.450     -0.602   -145.710   -145.770   -106.168   -110.831   -100.897   -111.019
   -132.000    -75.467    -74.987    -75.482    -74.885     -0.480     -0.597   -147.710   -147.770   -106.168   -110.831   -100.897   -111.019
   -134.000    -75.466    -74.998    -75.486    -74.875     -0.468     -0.611   -149.710   -149.770   -106.168   -110.831   -100.897   -111.019
   -136.000    -75.471    -74.997    -75.498    -74.902     -0.475     -0.596   -151.710   -151.770   -106.168   -110.831   -100.897   -111.019
   -138.000    -75.478    -74.998    -75.488    -74.894     -0.479     -0.594   -153.710   -153.770   -106.168   -110.831   -100.897   -111.019
   -140.000    -75.476    -75.003    -75.480    -74.884     -0.473     -0.596   -155.710   -155.770   -106.168   -110.831   -100.897   -111.019
