     14.000      6.859      9.239      7.152      6.495     -2.381      0.657    -29.090    -28.960      6.859      9.239      7.152      6.495
     11.000      6.150      6.234      6.196      6.190     -0.083      0.006    -32.090    -31.960      6.150      6.234      6.196      6.190
      8.000      4.462      3.987      4.390      4.047      0.475      0.344    -35.090    -34.960      4.462      3.987      4.390      4.047
      5.000      1.579      1.083      1.559      1.191      0.496      0.368    -38.090    -37.960      1.579      1.083      1.559      1.191
      2.000     -1.379     -1.881     -1.367     -1.744      0.502      0.377    -41.090    -40.960     -1.379     -1.881     -1.367     -1.744
     -1.000     -4.371     -4.879     -4.334     -4.719      0.508      0.385    -44.090    -43.960     -4.371     -4.879     -4.334     -4.719
     -4.000     -7.405     -7.915     -7.355     -7.741      0.510      0.387    -47.090    -46.960     -7.405     -7.915     -7.355     -7.741
     -7.000    -10.406    -10.917    -10.345    -10.731      0.511      0.386    -50.090    -49.960    -10.406    -10.917    -10.345    -10.731
    -10.000    -13.408    -13.924    -13.344    -13.732      0.516      0.388    -53.090    -52.960    -13.408    -13.924    -13.344    -13.732
    -13.000    -16.399    -16.908    -16.325    -16.712      0.510      0.386    -56.090    -55.960    -16.399    -16.908    -16.325    -16.712
    -16.000    -19.404    -19.913    -19.331    -19.719      0.509      0.388    -59.090    -58.960    -19.404    -19.913    -19.331    -19.719
    -19.000    -22.414    -22.920    -22.337    -22.726      0.506      0.389    -62.090    -61.960    -22.414    -22.920    -22.337    -22.726
    -22.000    -25.411    -25.916    -25.330    -25.721      0.505      0.391    -65.090    -64.960    -25.411    -25.916    -25.330    -25.722
    -25.000    -28.410    -28.914    -28.331    -28.721      0.505      0.390    -68.090    -67.960    -28.410    -28.915    -28.331    -28.721
    -28.000    -31.401    -31.905    -31.321    -31.713      0.504      0.391    -71.090    -70.960    -31.401    -31.906    -31.322    -31.713
    -31.000    -34.409    -34.910    -34.329    -34.720      0.500      0.391    -74.090    -73.960    -34.410    -34.910    -34.330    -34.721
    -34.000    -37.407    -37.914    -37.333    -37.719      0.507      0.386    -77.090    -76.960    -37.408    -37.915    -37.334    -37.720
    -37.000    -40.412    -40.908    -40.329    -40.721      0.496      0.392    -80.090    -79.960    -40.413    -40.910    -40.330    -40.722
    -40.000    -43.402    -43.897    -43.315    -43.711      0.495      0.396    -83.090    -82.960    -43.405    -43.900    -43.318    -43.714
    -43.000    -46.370    -46.865    -46.294    -46.686      0.495      0.392    -86.090    -85.960    -46.376    -46.871    -46.300    -46.693
    -46.000    -49.371    -49.866    -49.305    -49.698      0.496      0.392    -89.090    -88.960    -49.382    -49.879    -49.317    -49.710
    -49.000    -52.362    -52.853    -52.307    -52.702      0.491      0.395    -92.090    -91.960    -52.385    -52.879    -52.330    -52.727
    -52.000    -55.327    -55.816    -55.274    -55.672      0.489      0.399    -95.090    -94.960    -55.374    -55.866    -55.320    -55.722
    -55.000    -58.299    -58.797    -58.235    -58.647      0.498      0.411    -98.090    -97.960    -58.392    -58.897    -58.327    -58.746
    -58.000    -61.194    -61.691    -61.134    -61.541      0.497      0.407   -101.090   -100.960    -61.377    -61.888    -61.316    -61.737
    -61.000    -64.024    -64.507    -63.963    -64.358      0.483      0.396   -104.090   -103.960    -64.382    -64.891    -64.318    -64.742
    -64.000    -66.681    -67.153    -66.636    -67.008      0.472      0.372   -107.090   -106.960    -67.366    -67.888    -67.318    -67.742
    -67.000    -69.084    -69.504    -69.043    -69.381      0.420      0.338   -110.090   -109.960    -70.355    -70.857    -70.309    -70.739
    -70.000    -71.118    -71.500    -71.065    -71.352      0.382      0.287   -113.090   -112.960    -73.375    -73.895    -73.304    -73.739
    -73.000    -72.641    -72.983    -72.597    -72.850      0.342      0.253   -116.090   -115.960    -76.364    -76.925    -76.294    -76.797
    -76.000    -73.676    -73.953    -73.644    -73.826      0.277      0.182   -119.090   -118.960    -79.371    -79.900    -79.323    -79.802
    -79.000    -74.312    -74.534    -74.280    -74.426      0.222      0.146   -122.090   -121.960    -82.432    -82.848    -82.362    -82.908
    -82.000    -74.663    -74.864    -74.608    -74.713      0.201      0.105   -125.090   -124.960    -85.466    -85.821    -85.106    -85.514
    -85.000    -74.853    -75.048    -74.782    -74.896      0.196      0.115   -128.090   -127.960    -88.603    -88.996    -87.617    -88.493
    -88.000    -74.938    -75.156    -74.906    -75.001      0.218      0.095   -131.090   -130.960    -91.290    -93.049    -90.999    -91.897
    -91.000    -74.983    -75.174    -74.959    -75.055      0.190      0.096   -134.090   -133.960    -93.895    -94.295    -93.986    -95.981
    -94.000    -75.031    -75.234    -74.987    -75.075      0.203      0.088   -137.090   -136.960   -102.003    -94.295    -97.109    -99.511
    -97.000    -75.030    -75.231    -75.030    -75.084      0.201      0.054   -140.090   -139.960   -101.591    -94.295    -97.109   -103.198
   -100.000    -75.044    -75.187    -75.006    -75.082      0.143      0.076   -143.090   -142.960   -101.591    -94.295    -97.109   -102.095
   -103.000    -75.030    -75.235    -75.004    -75.081      0.205      0.077   -146.090   -145.960   -101.591    -94.295    -97.109   -101.717
   -106.000    -75.044    -75.228    -75.013    -75.107      0.184      0.094   -149.090   -148.960   -101.591    -94.295    -97.109   -101.717
   -109.000    -75.045    -75.251    -75.028    -75.091      0.206      0.062   -152.090   -151.960   -101.591    -94.295    -97.109   -101.717
   -112.000    -75.060    -75.223    -75.007    -75.102      0.163      0.095   -155.090   -154.960   -101.591    -94.295    -97.109   -101.717
   -115.000    -75.029    -75.240    -75.019    -75.091      0.211      0.072   -158.090   -157.960   -101.591    -94.295    -97.109   -101.717
   -118.000    -75.025    -75.226    -75.019    -75.079      0.201      0.061   -161.090   -160.960   -101.591    -94.295    -97.109   -101.717
