     14.000      8.093      8.132      7.912      8.003     -0.040     -0.091    -28.570    -28.670      8.093      8.132      7.912      8.003
     11.000      6.656      6.800      6.491      6.736     -0.144     -0.245    -31.570    -31.670      6.656      6.800      6.491      6.736
      8.000      4.061      4.250      3.950      4.269     -0.189     -0.318    -34.570    -34.670      4.061      4.250      3.950      4.269
      5.000      1.167      1.352      1.102      1.421     -0.185     -0.319    -37.570    -37.670      1.167      1.352      1.102      1.421
      2.000     -1.789     -1.606     -1.824     -1.506     -0.183     -0.318    -40.570    -40.670     -1.789     -1.606     -1.824     -1.506
     -1.000     -4.784     -4.603     -4.799     -4.481     -0.182     -0.318    -43.570    -43.670     -4.784     -4.603     -4.799     -4.481
     -4.000     -7.801     -7.620     -7.803     -7.485     -0.181     -0.318    -46.570    -46.670     -7.801     -7.620     -7.803     -7.485
     -7.000    -10.801    -10.621    -10.793    -10.475     -0.180     -0.317    -49.570    -49.670    -10.801    -10.621    -10.793    -10.475
    -10.000    -13.807    -13.629    -13.792    -13.476     -0.178     -0.316    -52.570    -52.670    -13.807    -13.629    -13.792    -13.476
    -13.000    -16.795    -16.616    -16.777    -16.460     -0.178     -0.317    -55.570    -55.670    -16.795    -16.616    -16.777    -16.460
    -16.000    -19.800    -19.623    -19.782    -19.466     -0.178     -0.317    -58.570    -58.670    -19.800    -19.623    -19.782    -19.466
    -19.000    -22.812    -22.634    -22.793    -22.477     -0.178     -0.316    -61.570    -61.670    -22.812    -22.634    -22.793    -22.477
    -22.000    -25.809    -25.631    -25.787    -25.471     -0.178     -0.317    -64.570    -64.670    -25.809    -25.631    -25.788    -25.471
    -25.000    -28.811    -28.630    -28.786    -28.474     -0.182     -0.312    -67.570    -67.670    -28.812    -28.630    -28.786    -28.475
    -28.000    -31.805    -31.624    -31.781    -31.469     -0.182     -0.312    -70.570    -70.670    -31.806    -31.624    -31.781    -31.469
    -31.000    -34.814    -34.633    -34.789    -34.476     -0.182     -0.313    -73.570    -73.670    -34.815    -34.633    -34.789    -34.477
    -34.000    -37.821    -37.639    -37.797    -37.485     -0.182     -0.312    -76.570    -76.670    -37.822    -37.640    -37.797    -37.486
    -37.000    -40.820    -40.638    -40.795    -40.480     -0.182     -0.315    -79.570    -79.670    -40.822    -40.639    -40.797    -40.482
    -40.000    -43.810    -43.631    -43.786    -43.474     -0.179     -0.312    -82.570    -82.670    -43.813    -43.634    -43.789    -43.477
    -43.000    -46.780    -46.603    -46.767    -46.452     -0.177     -0.315    -85.570    -85.670    -46.787    -46.609    -46.774    -46.458
    -46.000    -49.780    -49.608    -49.778    -49.466     -0.173     -0.313    -88.570    -88.670    -49.793    -49.620    -49.791    -49.478
    -49.000    -52.780    -52.604    -52.783    -52.472     -0.176     -0.310    -91.570    -91.670    -52.805    -52.629    -52.808    -52.496
    -52.000    -55.744    -55.568    -55.753    -55.443     -0.175     -0.310    -94.570    -94.670    -55.794    -55.616    -55.803    -55.490
    -55.000    -58.726    -58.536    -58.739    -58.409     -0.190     -0.330    -97.570    -97.670    -58.827    -58.632    -58.840    -58.504
    -58.000    -61.619    -61.445    -61.628    -61.322     -0.174     -0.306   -100.570   -100.670    -61.818    -61.633    -61.826    -61.509
    -61.000    -64.432    -64.267    -64.451    -64.143     -0.165     -0.308   -103.570   -103.670    -64.819    -64.635    -64.838    -64.509
    -64.000    -67.047    -66.924    -67.075    -66.816     -0.124     -0.260   -106.570   -106.670    -67.782    -67.627    -67.812    -67.519
    -67.000    -69.434    -69.323    -69.444    -69.198     -0.110     -0.246   -109.570   -109.670    -70.799    -70.631    -70.806    -70.499
    -70.000    -71.441    -71.341    -71.462    -71.202     -0.100     -0.260   -112.570   -112.670    -73.869    -73.659    -73.890    -73.498
    -73.000    -72.846    -72.857    -72.854    -72.719      0.011     -0.135   -115.570   -115.670    -76.739    -76.692    -76.729    -76.510
    -76.000    -73.874    -73.866    -73.888    -73.716     -0.008     -0.172   -118.570   -118.670    -79.894    -79.711    -79.892    -79.443
    -79.000    -74.446    -74.468    -74.483    -74.337      0.022     -0.147   -121.570   -121.670    -82.849    -82.698    -82.990    -82.433
    -82.000    -74.805    -74.789    -74.809    -74.677     -0.015     -0.132   -124.570   -124.670    -86.305    -85.498    -86.103    -85.321
    -85.000    -74.941    -75.003    -74.974    -74.875      0.062     -0.098   -127.570   -127.670    -88.803    -89.121    -89.133    -88.499
    -88.000    -75.053    -75.081    -75.044    -74.979      0.029     -0.065   -130.570   -130.670    -92.962    -91.798    -91.505    -91.892
    -91.000    -75.094    -75.148    -75.125    -75.037      0.054     -0.088   -133.570   -133.670    -96.844    -97.238    -98.849    -96.491
    -94.000    -75.113    -75.158    -75.136    -75.051      0.046     -0.085   -136.570   -136.670   -101.198    -99.363   -102.526    -99.036
    -97.000    -75.112    -75.175    -75.138    -75.076      0.063     -0.061   -139.570   -139.670   -100.873   -124.535   -103.794    -99.036
   -100.000    -75.145    -75.163    -75.141    -75.038      0.018     -0.103   -142.570   -142.670   -100.873   -100.613   -107.804    -99.036
   -103.000    -75.125    -75.167    -75.168    -75.059      0.042     -0.108   -145.570   -145.670   -100.873   -102.452   -107.804    -99.036
   -106.000    -75.107    -75.193    -75.143    -75.082      0.086     -0.061   -148.570   -148.670   -100.873   -102.452   -107.804    -99.036
   -109.000    -75.110    -75.166    -75.134    -75.068      0.056     -0.066   -151.570   -151.670   -100.873   -102.452   -107.804    -99.036
   -112.000    -75.126    -75.188    -75.137    -75.065      0.062     -0.072   -154.570   -154.670   -100.873   -102.452   -107.804    -99.036
   -115.000    -75.127    -75.180    -75.147    -75.085      0.053     -0.062   -157.570   -157.670   -100.873   -102.452   -107.804    -99.036
   -118.000    -75.126    -75.168    -75.136    -75.081      0.043     -0.055   -160.570   -160.670   -100.873   -102.452   -107.804    -99.036
