     20.000      9.108      7.811      7.320      8.938      1.297     -1.618    -22.570    -22.670      9.108      7.811      7.320      8.938
     17.000      9.075      7.936      7.439      8.937      1.139     -1.498    -25.570    -25.670      9.075      7.936      7.439      8.937
     14.000      7.351      6.630      6.643      9.072      0.721     -2.429    -28.570    -28.670      7.351      6.630      6.643      9.072
     11.000      6.466      6.196      6.248      7.523      0.270     -1.275    -31.570    -31.670      6.466      6.196      6.248      7.523
      8.000      4.316      4.182      4.708      4.679      0.134      0.029    -34.570    -34.670      4.316      4.182      4.708      4.679
      5.000      1.414      1.328      1.813      1.836      0.086     -0.023    -37.570    -37.670      1.414      1.328      1.813      1.836
      2.000     -1.573     -1.628     -1.171     -1.115      0.055     -0.056    -40.570    -40.670     -1.573     -1.628     -1.171     -1.115
     -1.000     -4.587     -4.622     -4.185     -4.106      0.035     -0.079    -43.570    -43.670     -4.587     -4.622     -4.185     -4.106
     -4.000     -7.548     -7.569     -7.147     -7.052      0.021     -0.095    -46.570    -46.670     -7.548     -7.569     -7.147     -7.052
     -7.000    -10.587    -10.600    -10.186    -10.080      0.013     -0.106    -49.570    -49.670    -10.587    -10.600    -10.186    -10.080
    -10.000    -13.560    -13.561    -13.159    -13.050      0.001     -0.109    -52.570    -52.670    -13.560    -13.561    -13.159    -13.050
    -13.000    -16.517    -16.521    -16.116    -16.000      0.004     -0.116    -55.570    -55.670    -16.517    -16.521    -16.116    -16.000
    -16.000    -19.558    -19.562    -19.157    -19.041      0.004     -0.116    -58.570    -58.670    -19.558    -19.562    -19.157    -19.041
    -19.000    -22.523    -22.525    -22.122    -22.008      0.002     -0.114    -61.570    -61.670    -22.523    -22.525    -22.122    -22.008
    -22.000    -25.555    -25.556    -25.153    -25.033      0.001     -0.120    -64.570    -64.670    -25.555    -25.556    -25.153    -25.033
    -25.000    -28.511    -28.514    -28.111    -27.991      0.003     -0.120    -67.570    -67.670    -28.511    -28.514    -28.111    -27.991
    -28.000    -31.546    -31.548    -31.145    -31.023      0.002     -0.122    -70.570    -70.670    -31.546    -31.548    -31.145    -31.023
    -31.000    -34.524    -34.527    -34.126    -34.004      0.003     -0.122    -73.570    -73.670    -34.524    -34.527    -34.126    -34.004
    -34.000    -37.502    -37.504    -37.101    -36.976      0.002     -0.125    -76.570    -76.670    -37.503    -37.505    -37.102    -36.977
    -37.000    -40.539    -40.540    -40.138    -40.003      0.001     -0.135    -79.570    -79.670    -40.540    -40.541    -40.139    -40.004
    -40.000    -43.514    -43.520    -43.117    -42.982      0.006     -0.135    -82.570    -82.670    -43.517    -43.523    -43.120    -42.985
    -43.000    -46.483    -46.497    -46.085    -45.960      0.014     -0.125    -85.570    -85.670    -46.488    -46.502    -46.090    -45.965
    -46.000    -49.484    -49.505    -49.085    -48.971      0.021     -0.114    -88.570    -88.670    -49.495    -49.516    -49.096    -48.981
    -49.000    -52.439    -52.467    -52.042    -51.932      0.028     -0.110    -91.570    -91.670    -52.460    -52.488    -52.063    -51.953
    -52.000    -55.443    -55.478    -55.043    -54.935      0.035     -0.108    -94.570    -94.670    -55.485    -55.520    -55.085    -54.976
    -55.000    -58.428    -58.469    -58.029    -57.922      0.041     -0.107    -97.570    -97.670    -58.512    -58.552    -58.113    -58.005
    -58.000    -61.307    -61.356    -60.903    -60.808      0.049     -0.095   -100.570   -100.670    -61.471    -61.520    -61.067    -60.971
    -61.000    -64.190    -64.242    -63.782    -63.689      0.052     -0.093   -103.570   -103.670    -64.515    -64.566    -64.106    -64.011
    -64.000    -66.845    -66.904    -66.434    -66.356      0.059     -0.078   -106.570   -106.670    -67.463    -67.522    -67.051    -66.970
    -67.000    -69.341    -69.379    -68.924    -68.843      0.038     -0.081   -109.570   -109.670    -70.509    -70.540    -70.087    -70.000
    -70.000    -71.411    -71.445    -71.013    -70.932      0.034     -0.081   -112.570   -112.670    -73.486    -73.504    -73.089    -72.996
    -73.000    -73.007    -73.058    -72.611    -72.528      0.051     -0.083   -115.570   -115.670    -76.460    -76.501    -76.070    -75.959
    -76.000    -74.120    -74.181    -73.736    -73.664      0.061     -0.072   -118.570   -118.670    -79.476    -79.541    -79.134    -79.033
    -79.000    -74.807    -74.857    -74.382    -74.333      0.050     -0.049   -121.570   -121.670    -82.505    -82.510    -81.966    -81.969
    -82.000    -75.201    -75.265    -74.792    -74.757      0.064     -0.035   -124.570   -124.670    -85.607    -85.719    -85.121    -85.339
    -85.000    -75.376    -75.456    -75.005    -74.950      0.080     -0.055   -127.570   -127.670    -88.076    -88.539    -88.276    -88.323
    -88.000    -75.525    -75.577    -75.107    -75.040      0.052     -0.067   -130.570   -130.670    -92.371    -92.093    -91.225    -90.888
    -91.000    -75.568    -75.614    -75.169    -75.117      0.046     -0.052   -133.570   -133.670    -95.182    -94.171    -94.991    -95.776
    -94.000    -75.598    -75.635    -75.181    -75.146      0.037     -0.035   -136.570   -136.670    -99.498    -96.015    -96.327   -102.244
    -97.000    -75.613    -75.675    -75.188    -75.158      0.062     -0.030   -139.570   -139.670   -107.632    -96.015    -97.348   -102.244
   -100.000    -75.634    -75.662    -75.194    -75.157      0.028     -0.037   -142.570   -142.670   -107.632    -96.015    -98.467   -102.244
   -103.000    -75.629    -75.655    -75.223    -75.135      0.026     -0.088   -145.570   -145.670   -107.632    -96.015    -98.467   -102.244
   -106.000    -75.611    -75.687    -75.225    -75.171      0.076     -0.054   -148.570   -148.670   -107.632    -96.015    -98.467   -102.244
   -109.000    -75.623    -75.640    -75.192    -75.163      0.017     -0.029   -151.570   -151.670   -107.632    -96.015    -98.467   -102.244
   -112.000    -75.626    -75.679    -75.230    -75.177      0.053     -0.053   -154.570   -154.670   -107.632    -96.015    -98.467   -102.244
   -115.000    -75.636    -75.656    -75.213    -75.156      0.020     -0.057   -157.570   -157.670   -107.632    -96.015    -98.467   -102.244
   -118.000    -75.635    -75.660    -75.216    -75.178      0.025     -0.038   -160.570   -160.670   -107.632    -96.015    -98.467   -102.244
   -121.000    -75.610    -75.673    -75.201    -75.163      0.063     -0.038   -163.570   -163.670   -107.632    -96.015    -98.467   -102.244
   -124.000    -75.616    -75.652    -75.229    -75.132      0.036     -0.097   -166.570   -166.670   -107.632    -96.015    -98.467   -102.244
   -127.000    -75.637    -75.678    -75.215    -75.161      0.041     -0.054   -169.570   -169.670   -107.632    -96.015    -98.467   -102.244
   -130.000    -75.600    -75.697    -75.213    -75.162      0.097     -0.051   -172.570   -172.670   -107.632    -96.015    -98.467   -102.244
