    -14.000      8.451      6.790      8.731      6.697      1.661      2.034    -29.710    -29.770      8.451      6.790      8.731      6.697
    -16.000      6.812      6.243      6.702      6.455      0.570      0.246    -31.710    -31.770      6.812      6.243      6.702      6.455
    -18.000      4.992      5.340      4.853      5.274     -0.348     -0.421    -33.710    -33.770      4.992      5.340      4.853      5.274
    -20.000      3.125      3.483      3.023      3.457     -0.358     -0.434    -35.710    -35.770      3.125      3.483      3.023      3.457
    -22.000      1.194      1.558      1.119      1.557     -0.364     -0.438    -37.710    -37.770      1.194      1.558      1.119      1.557
    -24.000     -0.703     -0.339     -0.762     -0.320     -0.364     -0.442    -39.710    -39.770     -0.703     -0.339     -0.762     -0.320
    -26.000     -2.692     -2.325     -2.735     -2.290     -0.367     -0.445    -41.710    -41.770     -2.692     -2.325     -2.735     -2.290
    -28.000     -4.695     -4.328     -4.724     -4.280     -0.367     -0.445    -43.710    -43.770     -4.695     -4.328     -4.725     -4.280
    -30.000     -6.662     -6.298     -6.684     -6.236     -0.365     -0.448    -45.710    -45.770     -6.663     -6.298     -6.684     -6.236
    -32.000     -8.687     -8.314     -8.697     -8.255     -0.373     -0.441    -47.710    -47.770     -8.687     -8.314     -8.697     -8.256
    -34.000    -10.656    -10.285    -10.662    -10.215     -0.371     -0.447    -49.710    -49.770    -10.656    -10.285    -10.662    -10.215
    -36.000    -12.675    -12.310    -12.681    -12.235     -0.366     -0.445    -51.710    -51.770    -12.676    -12.310    -12.681    -12.235
    -38.000    -14.643    -14.282    -14.645    -14.196     -0.361     -0.449    -53.710    -53.770    -14.643    -14.282    -14.645    -14.196
    -40.000    -16.661    -16.291    -16.655    -16.208     -0.370     -0.447    -55.710    -55.770    -16.661    -16.291    -16.655    -16.208
    -42.000    -18.683    -18.311    -18.676    -18.230     -0.371     -0.447    -57.710    -57.770    -18.683    -18.311    -18.676    -18.230
    -44.000    -20.660    -20.291    -20.654    -20.209     -0.369     -0.445    -59.710    -59.770    -20.660    -20.291    -20.654    -20.210
    -46.000    -22.662    -22.292    -22.653    -22.211     -0.370     -0.442    -61.710    -61.770    -22.662    -22.292    -22.653    -22.211
    -48.000    -24.637    -24.268    -24.619    -24.172     -0.369     -0.447    -63.710    -63.770    -24.637    -24.268    -24.619    -24.173
    -50.000    -26.651    -26.283    -26.642    -26.197     -0.369     -0.445    -65.710    -65.770    -26.652    -26.283    -26.642    -26.197
    -52.000    -28.672    -28.304    -28.664    -28.215     -0.368     -0.448    -67.710    -67.770    -28.672    -28.304    -28.664    -28.215
    -54.000    -30.683    -30.314    -30.677    -30.228     -0.368     -0.449    -69.710    -69.770    -30.683    -30.315    -30.677    -30.228
    -56.000    -32.702    -32.333    -32.695    -32.246     -0.369     -0.450    -71.710    -71.770    -32.702    -32.334    -32.695    -32.246
    -58.000    -34.657    -34.288    -34.650    -34.202     -0.370     -0.449    -73.710    -73.770    -34.658    -34.288    -34.651    -34.202
    -60.000    -36.679    -36.311    -36.673    -36.225     -0.368     -0.448    -75.710    -75.770    -36.680    -36.312    -36.674    -36.226
    -62.000    -38.697    -38.329    -38.690    -38.245     -0.368     -0.444    -77.710    -77.770    -38.698    -38.330    -38.691    -38.246
    -64.000    -40.645    -40.276    -40.638    -40.189     -0.369     -0.449    -79.710    -79.770    -40.646    -40.277    -40.640    -40.191
    -66.000    -42.666    -42.295    -42.661    -42.206     -0.371     -0.455    -81.710    -81.770    -42.669    -42.298    -42.663    -42.208
    -68.000    -44.622    -44.257    -44.623    -44.166     -0.365     -0.457    -83.710    -83.770    -44.626    -44.260    -44.627    -44.170
    -70.000    -46.636    -46.274    -46.642    -46.185     -0.362     -0.457    -85.710    -85.770    -46.641    -46.279    -46.647    -46.190
    -72.000    -48.644    -48.285    -48.653    -48.195     -0.358     -0.457    -87.710    -87.770    -48.653    -48.295    -48.662    -48.204
    -74.000    -50.609    -50.256    -50.626    -50.166     -0.353     -0.460    -89.710    -89.770    -50.623    -50.271    -50.640    -50.180
    -76.000    -52.609    -52.257    -52.632    -52.172     -0.352     -0.460    -91.710    -91.770    -52.631    -52.281    -52.654    -52.196
    -78.000    -54.544    -54.192    -54.570    -54.108     -0.352     -0.462    -93.710    -93.770    -54.579    -54.228    -54.605    -54.144
    -80.000    -56.545    -56.191    -56.575    -56.114     -0.354     -0.462    -95.710    -95.770    -56.601    -56.248    -56.631    -56.172
    -82.000    -58.474    -58.120    -58.505    -58.042     -0.354     -0.463    -97.710    -97.770    -58.562    -58.211    -58.593    -58.133
    -84.000    -60.451    -60.093    -60.479    -60.017     -0.358     -0.462    -99.710    -99.770    -60.590    -60.236    -60.618    -60.161
    -86.000    -62.373    -62.011    -62.407    -61.931     -0.362     -0.476   -101.710   -101.770    -62.592    -62.235    -62.626    -62.157
    -88.000    -64.248    -63.880    -64.277    -63.805     -0.368     -0.472   -103.710   -103.770    -64.589    -64.230    -64.620    -64.158
    -90.000    -66.077    -65.708    -66.114    -65.632     -0.369     -0.482   -105.710   -105.770    -66.608    -66.253    -66.648    -66.182
    -92.000    -67.786    -67.388    -67.806    -67.332     -0.398     -0.474   -107.710   -107.770    -68.599    -68.218    -68.619    -68.172
    -94.000    -69.391    -69.004    -69.419    -68.930     -0.386     -0.489   -109.710   -109.770    -70.623    -70.266    -70.655    -70.204
    -96.000    -70.783    -70.370    -70.804    -70.304     -0.413     -0.500   -111.710   -111.770    -72.590    -72.209    -72.613    -72.167
    -98.000    -72.006    -71.590    -72.018    -71.499     -0.416     -0.519   -113.710   -113.770    -74.611    -74.245    -74.619    -74.169
   -100.000    -72.998    -72.574    -73.014    -72.486     -0.424     -0.528   -115.710   -115.770    -76.631    -76.275    -76.646    -76.218
   -102.000    -73.738    -73.301    -73.751    -73.218     -0.438     -0.534   -117.710   -117.770    -78.582    -78.223    -78.586    -78.197
   -104.000    -74.313    -73.847    -74.337    -73.765     -0.466     -0.572   -119.710   -119.770    -80.648    -80.211    -80.691    -80.222
   -106.000    -74.717    -74.251    -74.708    -74.142     -0.466     -0.566   -121.710   -121.770    -82.735    -82.317    -82.586    -82.216
   -108.000    -74.981    -74.505    -74.985    -74.411     -0.476     -0.575   -123.710   -123.770    -84.770    -84.281    -84.656    -84.324
   -110.000    -75.144    -74.686    -75.171    -74.599     -0.458     -0.572   -125.710   -125.770    -86.645    -86.419    -86.793    -86.662
   -112.000    -75.253    -74.781    -75.286    -74.680     -0.472     -0.607   -127.710   -127.770    -88.519    -88.106    -88.871    -88.180
   -114.000    -75.342    -74.868    -75.352    -74.752     -0.475     -0.600   -129.710   -129.770    -90.959    -90.495    -90.683    -90.187
   -116.000    -75.380    -74.914    -75.414    -74.820     -0.467     -0.595   -131.710   -131.770    -92.623    -92.617    -93.601    -93.558
   -118.000    -75.394    -74.938    -75.445    -74.845     -0.457     -0.599   -133.710   -133.770    -93.448    -94.340    -96.248    -96.100
   -120.000    -75.439    -74.969    -75.456    -74.861     -0.470     -0.594   -135.710   -135.770    -97.986    -98.585    -97.824    -99.057
   -122.000    -75.433    -74.967    -75.469    -74.862     -0.466     -0.607   -137.710   -137.770    -97.095    -98.106   -101.044    -99.084
   -124.000    -75.454    -74.977    -75.476    -74.878     -0.477     -0.597   -139.710   -139.770   -102.330   -100.935   -104.740    -99.084
   -126.000    -75.463    -74.987    -75.479    -74.881     -0.477     -0.598   -141.710   -141.770   -102.330   -110.468   -109.434    -99.084
   -128.000    -75.482    -74.991    -75.475    -74.865     -0.492     -0.611   -143.710   -143.770   -102.330   -110.468   -104.494    -99.084
   -130.000    -75.453    -74.992    -75.489    -74.873     -0.462     -0.616   -145.710   -145.770   -102.330   -110.468   -104.494    -99.084
   -132.000    -75.470    -75.004    -75.491    -74.888     -0.466     -0.603   -147.710   -147.770   -102.330   -110.468   -104.494    -99.084
   -134.000    -75.480    -74.995    -75.485    -74.888     -0.486     -0.597   -149.710   -149.770   -102.330   -110.468   -104.494    -99.084
   -136.000    -75.469    -74.992    -75.480    -74.889     -0.477     -0.590   -151.710   -151.770   -102.330   -110.468   -104.494    -99.084
   -138.000    -75.475    -75.004    -75.503    -74.877     -0.472     -0.626   -153.710   -153.770   -102.330   -110.468   -104.494    -99.084
   -140.000    -75.474    -74.993    -75.487    -74.895     -0.481     -0.592   -155.710   -155.770   -102.330   -110.468   -104.494    -99.084
