     20.000      6.531      9.065      6.506      6.532     -2.534     -0.026    -22.570    -22.670      6.531      9.065      6.506      6.532
     17.000      6.530      9.061      6.509      6.536     -2.531     -0.027    -25.570    -25.670      6.530      9.061      6.509      6.536
     14.000      6.816      8.929      7.123      7.165     -2.113     -0.042    -28.570    -28.670      6.816      8.929      7.123      7.165
     11.000      6.111      7.550      6.225      6.251     -1.439     -0.026    -31.570    -31.670      6.111      7.550      6.225      6.251
      8.000      3.807      4.160      3.706      4.144     -0.353     -0.438    -34.570    -34.670      3.807      4.160      3.706      4.144
      5.000      0.905      1.262      0.846      1.295     -0.357     -0.449    -37.570    -37.670      0.905      1.262      0.846      1.295
      2.000     -2.055     -1.697     -2.086     -1.635     -0.358     -0.451    -40.570    -40.670     -2.055     -1.697     -2.086     -1.635
     -1.000     -5.054     -4.694     -5.064     -4.610     -0.360     -0.454    -43.570    -43.670     -5.054     -4.694     -5.064     -4.610
     -4.000     -8.088     -7.729     -8.087     -7.630     -0.359     -0.457    -46.570    -46.670     -8.088     -7.729     -8.087     -7.630
     -7.000    -11.088    -10.732    -11.077    -10.622     -0.356     -0.455    -49.570    -49.670    -11.088    -10.732    -11.077    -10.622
    -10.000    -14.094    -13.741    -14.081    -13.621     -0.353     -0.460    -52.570    -52.670    -14.094    -13.741    -14.081    -13.621
    -13.000    -17.086    -16.726    -17.062    -16.610     -0.360     -0.452    -55.570    -55.670    -17.086    -16.726    -17.062    -16.610
    -16.000    -20.090    -19.734    -20.066    -19.613     -0.356     -0.453    -58.570    -58.670    -20.090    -19.734    -20.066    -19.613
    -19.000    -23.105    -22.741    -23.077    -22.627     -0.364     -0.450    -61.570    -61.670    -23.105    -22.741    -23.077    -22.627
    -22.000    -26.101    -25.739    -26.070    -25.622     -0.362     -0.448    -64.570    -64.670    -26.101    -25.739    -26.070    -25.622
    -25.000    -29.102    -28.741    -29.074    -28.625     -0.361     -0.449    -67.570    -67.670    -29.102    -28.741    -29.074    -28.625
    -28.000    -32.093    -31.733    -32.066    -31.616     -0.360     -0.450    -70.570    -70.670    -32.093    -31.733    -32.066    -31.616
    -31.000    -35.103    -34.743    -35.074    -34.627     -0.360     -0.447    -73.570    -73.670    -35.103    -34.743    -35.074    -34.627
    -34.000    -38.113    -37.754    -38.090    -37.639     -0.359     -0.451    -76.570    -76.670    -38.114    -37.755    -38.091    -37.640
    -37.000    -41.116    -40.748    -41.082    -40.635     -0.368     -0.447    -79.570    -79.670    -41.117    -40.750    -41.083    -40.637
    -40.000    -44.110    -43.740    -44.076    -43.628     -0.370     -0.448    -82.570    -82.670    -44.113    -43.743    -44.079    -43.631
    -43.000    -47.082    -46.719    -47.060    -46.609     -0.363     -0.451    -85.570    -85.670    -47.088    -46.725    -47.066    -46.615
    -46.000    -50.086    -49.729    -50.075    -49.622     -0.357     -0.453    -88.570    -88.670    -50.097    -49.741    -50.086    -49.634
    -49.000    -53.081    -52.728    -53.085    -52.624     -0.353     -0.461    -91.570    -91.670    -53.104    -52.752    -53.108    -52.648
    -52.000    -56.049    -55.697    -56.063    -55.593     -0.352     -0.470    -94.570    -94.670    -56.094    -55.745    -56.108    -55.641
    -55.000    -59.012    -58.650    -59.017    -58.564     -0.362     -0.453    -97.570    -97.670    -59.102    -58.745    -59.106    -58.659
    -58.000    -61.924    -61.553    -61.923    -61.460     -0.371     -0.463   -100.570   -100.670    -62.101    -61.740    -62.099    -61.646
    -61.000    -64.754    -64.391    -64.762    -64.288     -0.363     -0.474   -103.570   -103.670    -65.101    -64.758    -65.107    -64.653
    -64.000    -67.446    -67.046    -67.449    -66.967     -0.400     -0.482   -106.570   -106.670    -68.115    -67.748    -68.112    -67.669
    -67.000    -69.850    -69.420    -69.876    -69.324     -0.430     -0.552   -109.570   -109.670    -71.089    -70.715    -71.112    -70.614
    -70.000    -71.914    -71.440    -71.931    -71.374     -0.474     -0.557   -112.570   -112.670    -74.128    -73.734    -74.131    -73.680
    -73.000    -73.444    -72.973    -73.496    -72.867     -0.471     -0.629   -115.570   -115.670    -77.089    -76.783    -77.160    -76.645
    -76.000    -74.496    -73.974    -74.534    -73.886     -0.522     -0.648   -118.570   -118.670    -80.082    -79.750    -80.121    -79.647
    -79.000    -75.138    -74.582    -75.167    -74.493     -0.556     -0.674   -121.570   -121.670    -83.069    -82.709    -83.054    -82.584
    -82.000    -75.523    -74.942    -75.540    -74.857     -0.581     -0.683   -124.570   -124.670    -86.318    -85.867    -86.117    -85.755
    -85.000    -75.705    -75.080    -75.742    -75.024     -0.625     -0.718   -127.570   -127.670    -89.267    -87.992    -89.295    -88.462
    -88.000    -75.796    -75.187    -75.838    -75.141     -0.609     -0.697   -130.570   -130.670    -92.031    -90.798    -92.266    -92.298
    -91.000    -75.879    -75.273    -75.901    -75.159     -0.606     -0.742   -133.570   -133.670    -98.923    -96.230    -96.617    -93.349
    -94.000    -75.886    -75.292    -75.925    -75.205     -0.594     -0.720   -136.570   -136.670   -100.628    -99.641   -101.175    -98.498
    -97.000    -75.912    -75.301    -75.932    -75.215     -0.611     -0.717   -139.570   -139.670   -100.628   -103.242   -104.543   -101.430
   -100.000    -75.901    -75.289    -75.930    -75.234     -0.612     -0.696   -142.570   -142.670   -100.628    -98.893   -103.289   -101.430
   -103.000    -75.905    -75.311    -75.936    -75.231     -0.594     -0.705   -145.570   -145.670   -100.628    -98.893   -109.338   -101.430
   -106.000    -75.903    -75.324    -75.953    -75.225     -0.579     -0.728   -148.570   -148.670   -100.628    -98.893   -109.338   -101.430
   -109.000    -75.899    -75.315    -75.922    -75.220     -0.584     -0.702   -151.570   -151.670   -100.628    -98.893   -109.338   -101.430
   -112.000    -75.895    -75.301    -75.949    -75.217     -0.594     -0.732   -154.570   -154.670   -100.628    -98.893   -109.338   -101.430
