     -4.000      9.012      9.008      9.183      6.773      0.003      2.410    -19.710    -19.770      9.012      9.008      9.183      6.773
     -6.000      9.027      9.005      9.002      6.672      0.021      2.330    -21.710    -21.770      9.027      9.005      9.002      6.672
     -8.000      8.950      8.674      7.988      6.397      0.276      1.592    -23.710    -23.770      8.950      8.674      7.988      6.397
    -10.000      7.323      7.012      6.783      6.125      0.311      0.658    -25.710    -25.770      7.323      7.012      6.783      6.125
    -12.000      5.035      5.253      4.899      5.226     -0.218     -0.327    -27.710    -27.770      5.035      5.253      4.899      5.226
    -14.000      3.216      3.436      3.114      3.447     -0.220     -0.334    -29.710    -29.770      3.216      3.436      3.113      3.447
    -16.000      1.284      1.504      1.206      1.542     -0.220     -0.336    -31.710    -31.770      1.284      1.504      1.206      1.542
    -18.000     -0.618     -0.398     -0.678     -0.341     -0.220     -0.338    -33.710    -33.770     -0.618     -0.398     -0.678     -0.341
    -20.000     -2.608     -2.388     -2.651     -2.312     -0.220     -0.338    -35.710    -35.770     -2.608     -2.388     -2.651     -2.312
    -22.000     -4.612     -4.390     -4.642     -4.302     -0.222     -0.340    -37.710    -37.770     -4.612     -4.390     -4.642     -4.302
    -24.000     -6.552     -6.336     -6.574     -6.236     -0.216     -0.338    -39.710    -39.770     -6.552     -6.336     -6.574     -6.236
    -26.000     -8.571     -8.353     -8.589     -8.247     -0.218     -0.342    -41.710    -41.770     -8.571     -8.353     -8.589     -8.247
    -28.000    -10.594    -10.372    -10.601    -10.261     -0.222     -0.341    -43.710    -43.770    -10.594    -10.372    -10.602    -10.261
    -30.000    -12.572    -12.350    -12.577    -12.234     -0.222     -0.343    -45.710    -45.770    -12.572    -12.350    -12.577    -12.234
    -32.000    -14.584    -14.375    -14.589    -14.249     -0.209     -0.340    -47.710    -47.770    -14.584    -14.375    -14.589    -14.249
    -34.000    -16.549    -16.330    -16.546    -16.205     -0.220     -0.341    -49.710    -49.770    -16.549    -16.330    -16.546    -16.205
    -36.000    -18.573    -18.352    -18.569    -18.227     -0.220     -0.343    -51.710    -51.770    -18.573    -18.352    -18.569    -18.227
    -38.000    -20.538    -20.315    -20.534    -20.193     -0.223     -0.342    -53.710    -53.770    -20.538    -20.315    -20.534    -20.193
    -40.000    -22.558    -22.338    -22.557    -22.215     -0.220     -0.342    -55.710    -55.770    -22.558    -22.339    -22.557    -22.215
    -42.000    -24.578    -24.365    -24.568    -24.229     -0.213     -0.339    -57.710    -57.770    -24.578    -24.365    -24.568    -24.229
    -44.000    -26.552    -26.331    -26.546    -26.207     -0.222     -0.339    -59.710    -59.770    -26.552    -26.331    -26.546    -26.207
    -46.000    -28.552    -28.332    -28.546    -28.208     -0.220     -0.338    -61.710    -61.770    -28.553    -28.332    -28.546    -28.208
    -48.000    -30.521    -30.300    -30.515    -30.175     -0.221     -0.341    -63.710    -63.770    -30.521    -30.300    -30.516    -30.175
    -50.000    -32.542    -32.325    -32.538    -32.199     -0.217     -0.338    -65.710    -65.770    -32.542    -32.325    -32.538    -32.200
    -52.000    -34.563    -34.344    -34.555    -34.219     -0.219     -0.336    -67.710    -67.770    -34.564    -34.344    -34.555    -34.219
    -54.000    -36.570    -36.360    -36.573    -36.223     -0.210     -0.350    -69.710    -69.770    -36.571    -36.361    -36.574    -36.223
    -56.000    -38.591    -38.371    -38.587    -38.242     -0.219     -0.345    -71.710    -71.770    -38.592    -38.372    -38.588    -38.243
    -58.000    -40.548    -40.322    -40.538    -40.190     -0.226     -0.347    -73.710    -73.770    -40.550    -40.324    -40.539    -40.192
    -60.000    -42.572    -42.348    -42.559    -42.209     -0.225     -0.350    -75.710    -75.770    -42.575    -42.350    -42.561    -42.211
    -62.000    -44.586    -44.368    -44.575    -44.228     -0.218     -0.346    -77.710    -77.770    -44.590    -44.372    -44.578    -44.232
    -64.000    -46.522    -46.304    -46.524    -46.171     -0.218     -0.353    -79.710    -79.770    -46.528    -46.309    -46.529    -46.177
    -66.000    -48.529    -48.316    -48.540    -48.187     -0.213     -0.353    -81.710    -81.770    -48.538    -48.325    -48.549    -48.195
    -68.000    -50.469    -50.262    -50.492    -50.138     -0.207     -0.354    -83.710    -83.770    -50.483    -50.276    -50.505    -50.151
    -70.000    -52.471    -52.269    -52.503    -52.147     -0.202     -0.355    -85.710    -85.770    -52.493    -52.291    -52.525    -52.169
    -72.000    -54.468    -54.267    -54.510    -54.150     -0.201     -0.360    -87.710    -87.770    -54.503    -54.301    -54.545    -54.184
    -74.000    -56.416    -56.219    -56.463    -56.106     -0.197     -0.357    -89.710    -89.770    -56.471    -56.273    -56.518    -56.159
    -76.000    -58.402    -58.209    -58.456    -58.092     -0.193     -0.364    -91.710    -91.770    -58.490    -58.295    -58.543    -58.176
    -78.000    -60.308    -60.119    -60.364    -60.002     -0.190     -0.362    -93.710    -93.770    -60.445    -60.253    -60.500    -60.135
    -80.000    -62.253    -62.062    -62.304    -61.948     -0.191     -0.357    -95.710    -95.770    -62.469    -62.274    -62.519    -62.157
    -82.000    -64.101    -63.916    -64.155    -63.803     -0.185     -0.352    -97.710    -97.770    -64.435    -64.246    -64.488    -64.128
    -84.000    -65.944    -65.750    -65.988    -65.643     -0.194     -0.345    -99.710    -99.770    -66.465    -66.263    -66.507    -66.149
    -86.000    -67.668    -67.473    -67.703    -67.383     -0.196     -0.320   -101.710   -101.770    -68.469    -68.260    -68.498    -68.163
    -88.000    -69.263    -69.062    -69.302    -68.971     -0.201     -0.332   -103.710   -103.770    -70.472    -70.248    -70.505    -70.145
    -90.000    -70.687    -70.518    -70.747    -70.417     -0.169     -0.330   -105.710   -105.770    -72.473    -72.283    -72.533    -72.159
    -92.000    -71.909    -71.724    -71.943    -71.643     -0.185     -0.300   -107.710   -107.770    -74.480    -74.250    -74.493    -74.148
    -94.000    -72.909    -72.750    -72.949    -72.669     -0.158     -0.280   -109.710   -109.770    -76.499    -76.302    -76.514    -76.187
    -96.000    -73.627    -73.506    -73.701    -73.427     -0.121     -0.274   -111.710   -111.770    -78.359    -78.252    -78.463    -78.126
    -98.000    -74.210    -74.090    -74.275    -74.019     -0.121     -0.255   -113.710   -113.770    -80.392    -80.295    -80.471    -80.176
   -100.000    -74.633    -74.501    -74.691    -74.412     -0.133     -0.279   -115.710   -115.770    -82.506    -82.349    -82.550    -82.088
   -102.000    -74.854    -74.737    -74.920    -74.664     -0.117     -0.256   -117.710   -117.770    -84.076    -84.040    -84.186    -83.830
   -104.000    -75.068    -74.949    -75.129    -74.904     -0.120     -0.224   -119.710   -119.770    -86.315    -86.302    -86.381    -86.388
   -106.000    -75.212    -75.063    -75.248    -75.004     -0.149     -0.244   -121.710   -121.770    -88.789    -88.202    -88.338    -88.063
   -108.000    -75.260    -75.151    -75.324    -75.079     -0.108     -0.245   -123.710   -123.770    -90.020    -90.534    -90.219    -89.906
   -110.000    -75.315    -75.207    -75.366    -75.135     -0.108     -0.230   -125.710   -125.770    -92.106    -93.047    -91.746    -92.058
   -112.000    -75.347    -75.225    -75.423    -75.165     -0.122     -0.258   -127.710   -127.770    -93.973    -94.306    -95.426    -93.818
   -114.000    -75.376    -75.235    -75.426    -75.192     -0.141     -0.234   -129.710   -129.770    -96.799    -95.200    -95.705    -96.491
   -116.000    -75.377    -75.253    -75.442    -75.206     -0.124     -0.236   -131.710   -131.770    -96.955    -97.493    -97.937    -98.939
   -118.000    -75.404    -75.273    -75.458    -75.213     -0.131     -0.246   -133.710   -133.770   -106.724   -104.092   -102.336   -100.796
   -120.000    -75.389    -75.276    -75.467    -75.219     -0.113     -0.247   -135.710   -135.770    -99.198   -106.879   -116.767   -104.420
   -122.000    -75.388    -75.273    -75.461    -75.233     -0.115     -0.228   -137.710   -137.770    -99.010   -103.727   -104.191   -104.420
   -124.000    -75.416    -75.285    -75.473    -75.235     -0.131     -0.238   -139.710   -139.770    -99.010   -103.727   -104.191   -104.420
   -126.000    -75.420    -75.288    -75.472    -75.227     -0.132     -0.245   -141.710   -141.770    -99.010   -103.727   -104.191   -104.420
   -128.000    -75.410    -75.281    -75.468    -75.215     -0.129     -0.252   -143.710   -143.770    -99.010   -103.727   -104.191   -104.420
   -130.000    -75.416    -75.265    -75.464    -75.235     -0.151     -0.229   -145.710   -145.770    -99.010   -103.727   -104.191   -104.420
   -132.000    -75.404    -75.281    -75.457    -75.214     -0.123     -0.243   -147.710   -147.770    -99.010   -103.727   -104.191   -104.420
   -134.000    -75.413    -75.270    -75.471    -75.224     -0.143     -0.247   -149.710   -149.770    -99.010   -103.727   -104.191   -104.420
   -136.000    -75.399    -75.289    -75.453    -75.216     -0.111     -0.237   -151.710   -151.770    -99.010   -103.727   -104.191   -104.420
   -138.000    -75.416    -75.282    -75.484    -75.227     -0.134     -0.257   -153.710   -153.770    -99.010   -103.727   -104.191   -104.420
