     -8.000      6.780      7.233      7.227      8.987     -0.453     -1.759    -23.710    -23.770      6.780      7.233      7.227      8.987
    -10.000      6.702      7.675      6.790      8.945     -0.972     -2.155    -25.710    -25.770      6.702      7.675      6.790      8.945
    -12.000      6.611      7.236      6.695      8.942     -0.625     -2.247    -27.710    -27.770      6.611      7.236      6.695      8.942
    -14.000      6.426      7.327      6.320      8.742     -0.901     -2.422    -29.710    -29.770      6.426      7.327      6.320      8.741
    -16.000      6.108      6.544      6.059      6.834     -0.436     -0.775    -31.710    -31.770      6.108      6.544      6.059      6.834
    -18.000      4.944      4.919      4.775      4.878      0.026     -0.103    -33.710    -33.770      4.944      4.919      4.775      4.878
    -20.000      3.067      3.035      2.931      3.028      0.032     -0.097    -35.710    -35.770      3.067      3.035      2.931      3.028
    -22.000      1.129      1.094      1.016      1.110      0.036     -0.094    -37.710    -37.770      1.129      1.094      1.016      1.110
    -24.000     -0.772     -0.812     -0.867     -0.776      0.039     -0.091    -39.710    -39.770     -0.772     -0.812     -0.867     -0.776
    -26.000     -2.765     -2.807     -2.844     -2.755      0.042     -0.090    -41.710    -41.770     -2.765     -2.807     -2.844     -2.755
    -28.000     -4.766     -4.808     -4.833     -4.743      0.042     -0.090    -43.710    -43.770     -4.766     -4.808     -4.833     -4.743
    -30.000     -6.736     -6.777     -6.793     -6.706      0.041     -0.087    -45.710    -45.770     -6.736     -6.777     -6.794     -6.706
    -32.000     -8.753     -8.800     -8.806     -8.716      0.047     -0.090    -47.710    -47.770     -8.753     -8.800     -8.806     -8.716
    -34.000    -10.716    -10.760    -10.757    -10.674      0.043     -0.083    -49.710    -49.770    -10.717    -10.760    -10.757    -10.674
    -36.000    -12.737    -12.788    -12.778    -12.692      0.050     -0.086    -51.710    -51.770    -12.737    -12.788    -12.778    -12.692
    -38.000    -14.693    -14.740    -14.736    -14.645      0.047     -0.091    -53.710    -53.770    -14.693    -14.740    -14.736    -14.645
    -40.000    -16.716    -16.766    -16.754    -16.665      0.050     -0.089    -55.710    -55.770    -16.716    -16.766    -16.754    -16.665
    -42.000    -18.739    -18.784    -18.771    -18.689      0.044     -0.082    -57.710    -57.770    -18.740    -18.784    -18.771    -18.689
    -44.000    -20.728    -20.772    -20.758    -20.674      0.044     -0.084    -59.710    -59.770    -20.728    -20.772    -20.758    -20.674
    -46.000    -22.728    -22.770    -22.757    -22.674      0.042     -0.083    -61.710    -61.770    -22.728    -22.770    -22.757    -22.674
    -48.000    -24.683    -24.726    -24.712    -24.628      0.043     -0.084    -63.710    -63.770    -24.683    -24.726    -24.712    -24.628
    -50.000    -26.704    -26.746    -26.733    -26.648      0.042     -0.085    -65.710    -65.770    -26.704    -26.746    -26.733    -26.648
    -52.000    -28.707    -28.749    -28.736    -28.653      0.042     -0.083    -67.710    -67.770    -28.707    -28.749    -28.736    -28.653
    -54.000    -30.727    -30.772    -30.756    -30.676      0.045     -0.081    -69.710    -69.770    -30.727    -30.772    -30.756    -30.676
    -56.000    -32.734    -32.779    -32.763    -32.681      0.045     -0.082    -71.710    -71.770    -32.735    -32.780    -32.763    -32.682
    -58.000    -34.681    -34.728    -34.710    -34.630      0.046     -0.080    -73.710    -73.770    -34.682    -34.728    -34.710    -34.630
    -60.000    -36.726    -36.767    -36.752    -36.671      0.041     -0.081    -75.710    -75.770    -36.727    -36.767    -36.753    -36.671
    -62.000    -38.745    -38.792    -38.771    -38.689      0.047     -0.082    -77.710    -77.770    -38.746    -38.793    -38.772    -38.690
    -64.000    -40.686    -40.739    -40.712    -40.633      0.053     -0.078    -79.710    -79.770    -40.688    -40.741    -40.713    -40.635
    -66.000    -42.708    -42.762    -42.731    -42.656      0.054     -0.075    -81.710    -81.770    -42.710    -42.765    -42.733    -42.658
    -68.000    -44.667    -44.718    -44.687    -44.611      0.051     -0.076    -83.710    -83.770    -44.671    -44.722    -44.691    -44.615
    -70.000    -46.676    -46.729    -46.706    -46.629      0.053     -0.077    -85.710    -85.770    -46.682    -46.735    -46.712    -46.635
    -72.000    -48.687    -48.736    -48.720    -48.639      0.049     -0.081    -87.710    -87.770    -48.697    -48.746    -48.729    -48.648
    -74.000    -50.641    -50.692    -50.684    -50.597      0.050     -0.087    -89.710    -89.770    -50.656    -50.707    -50.699    -50.612
    -76.000    -52.641    -52.691    -52.689    -52.601      0.050     -0.087    -91.710    -91.770    -52.665    -52.716    -52.712    -52.626
    -78.000    -54.578    -54.625    -54.627    -54.541      0.046     -0.087    -93.710    -93.770    -54.615    -54.663    -54.664    -54.579
    -80.000    -56.572    -56.623    -56.626    -56.537      0.051     -0.090    -95.710    -95.770    -56.631    -56.685    -56.685    -56.597
    -82.000    -58.502    -58.548    -58.553    -58.471      0.045     -0.081    -97.710    -97.770    -58.594    -58.643    -58.644    -58.566
    -84.000    -60.474    -60.519    -60.526    -60.443      0.045     -0.084    -99.710    -99.770    -60.620    -60.670    -60.671    -60.593
    -86.000    -62.385    -62.431    -62.446    -62.358      0.046     -0.089   -101.710   -101.770    -62.614    -62.669    -62.674    -62.593
    -88.000    -63.718    -63.760    -63.783    -63.688      0.042     -0.095   -103.710   -103.770    -64.031    -64.086    -64.096    -64.012
    -90.000    -66.083    -66.113    -66.146    -66.042      0.030     -0.104   -105.710   -105.770    -66.639    -66.690    -66.700    -66.614
    -92.000    -67.761    -67.799    -67.845    -67.727      0.038     -0.118   -107.710   -107.770    -68.607    -68.679    -68.691    -68.599
    -94.000    -69.355    -69.364    -69.431    -69.305      0.008     -0.126   -109.710   -109.770    -70.635    -70.689    -70.710    -70.622
    -96.000    -70.710    -70.718    -70.784    -70.657      0.008     -0.127   -111.710   -111.770    -72.572    -72.651    -72.644    -72.577
    -98.000    -71.926    -71.891    -71.995    -71.845     -0.034     -0.149   -113.710   -113.770    -74.613    -74.654    -74.674    -74.599
   -100.000    -72.900    -72.853    -72.966    -72.805     -0.046     -0.161   -115.710   -115.770    -76.639    -76.698    -76.690    -76.633
   -102.000    -73.619    -73.558    -73.693    -73.519     -0.061     -0.174   -117.710   -117.770    -78.586    -78.657    -78.650    -78.611
   -104.000    -74.165    -74.076    -74.231    -74.044     -0.088     -0.187   -119.710   -119.770    -80.596    -80.621    -80.623    -80.604
   -106.000    -74.546    -74.475    -74.649    -74.413     -0.071     -0.236   -121.710   -121.770    -82.599    -82.810    -82.838    -82.601
   -108.000    -74.809    -74.708    -74.888    -74.678     -0.101     -0.209   -123.710   -123.770    -84.644    -84.724    -84.725    -84.752
   -110.000    -74.984    -74.869    -75.053    -74.830     -0.115     -0.223   -125.710   -125.770    -86.718    -86.699    -86.668    -86.620
   -112.000    -75.081    -74.985    -75.160    -74.952     -0.095     -0.208   -127.710   -127.770    -88.451    -88.939    -88.559    -88.968
   -114.000    -75.153    -75.047    -75.235    -75.018     -0.105     -0.217   -129.710   -129.770    -90.364    -90.817    -90.579    -91.046
   -116.000    -75.217    -75.100    -75.290    -75.070     -0.117     -0.220   -131.710   -131.770    -93.309    -93.470    -93.045    -93.852
   -118.000    -75.244    -75.132    -75.318    -75.090     -0.111     -0.228   -133.710   -133.770    -95.460    -96.574    -95.162    -95.680
   -120.000    -75.254    -75.141    -75.330    -75.097     -0.113     -0.233   -135.710   -135.770    -96.620    -97.937    -96.507    -96.580
   -122.000    -75.279    -75.148    -75.337    -75.119     -0.131     -0.218   -137.710   -137.770   -104.009    -99.610    -97.455   -101.782
   -124.000    -75.284    -75.152    -75.375    -75.119     -0.132     -0.256   -139.710   -139.770   -109.300   -100.681    -97.455   -102.119
   -126.000    -75.309    -75.177    -75.374    -75.127     -0.133     -0.247   -141.710   -141.770   -109.300   -100.681    -97.455   -113.916
   -128.000    -75.285    -75.190    -75.375    -75.142     -0.095     -0.233   -143.710   -143.770   -109.300   -100.681    -97.455   -113.916
   -130.000    -75.283    -75.169    -75.378    -75.144     -0.114     -0.235   -145.710   -145.770   -109.300   -100.681    -97.455   -113.916
   -132.000    -75.301    -75.168    -75.372    -75.142     -0.133     -0.230   -147.710   -147.770   -109.300   -100.681    -97.455   -113.916
   -134.000    -75.288    -75.166    -75.367    -75.134     -0.122     -0.233   -149.710   -149.770   -109.300   -100.681    -97.455   -113.916
