     14.000      8.070      8.142      7.949      8.004     -0.073     -0.056    -28.570    -28.670      8.070      8.142      7.949      8.004
     11.000      6.606      6.756      6.461      6.692     -0.149     -0.232    -31.570    -31.670      6.606      6.756      6.461      6.692
      8.000      3.986      4.177      3.899      4.196     -0.190     -0.297    -34.570    -34.670      3.986      4.177      3.899      4.196
      5.000      1.088      1.274      1.046      1.342     -0.186     -0.296    -37.570    -37.670      1.088      1.274      1.046      1.342
      2.000     -1.868     -1.685     -1.881     -1.587     -0.183     -0.294    -40.570    -40.670     -1.868     -1.685     -1.881     -1.587
     -1.000     -4.864     -4.682     -4.857     -4.563     -0.182     -0.294    -43.570    -43.670     -4.864     -4.682     -4.857     -4.563
     -4.000     -7.894     -7.713     -7.874     -7.580     -0.180     -0.294    -46.570    -46.670     -7.894     -7.713     -7.874     -7.580
     -7.000    -10.895    -10.715    -10.864    -10.571     -0.180     -0.294    -49.570    -49.670    -10.895    -10.715    -10.864    -10.571
    -10.000    -13.900    -13.721    -13.863    -13.570     -0.179     -0.293    -52.570    -52.670    -13.900    -13.721    -13.863    -13.570
    -13.000    -16.886    -16.708    -16.847    -16.553     -0.178     -0.294    -55.570    -55.670    -16.886    -16.708    -16.847    -16.553
    -16.000    -19.896    -19.711    -19.849    -19.563     -0.185     -0.286    -58.570    -58.670    -19.896    -19.711    -19.849    -19.563
    -19.000    -22.906    -22.721    -22.858    -22.572     -0.185     -0.286    -61.570    -61.670    -22.906    -22.721    -22.858    -22.572
    -22.000    -25.903    -25.718    -25.853    -25.567     -0.185     -0.286    -64.570    -64.670    -25.903    -25.718    -25.853    -25.567
    -25.000    -28.902    -28.717    -28.852    -28.566     -0.185     -0.286    -67.570    -67.670    -28.902    -28.717    -28.852    -28.566
    -28.000    -31.894    -31.709    -31.844    -31.558     -0.185     -0.286    -70.570    -70.670    -31.894    -31.709    -31.845    -31.558
    -31.000    -34.902    -34.718    -34.853    -34.566     -0.185     -0.287    -73.570    -73.670    -34.903    -34.718    -34.853    -34.566
    -34.000    -37.906    -37.722    -37.858    -37.572     -0.184     -0.286    -76.570    -76.670    -37.907    -37.723    -37.858    -37.573
    -37.000    -40.906    -40.721    -40.854    -40.567     -0.185     -0.287    -79.570    -79.670    -40.907    -40.723    -40.856    -40.568
    -40.000    -43.892    -43.710    -43.845    -43.558     -0.182     -0.287    -82.570    -82.670    -43.895    -43.713    -43.848    -43.561
    -43.000    -46.862    -46.680    -46.823    -46.537     -0.182     -0.286    -85.570    -85.670    -46.868    -46.686    -46.829    -46.543
    -46.000    -49.864    -49.683    -49.835    -49.549     -0.181     -0.286    -88.570    -88.670    -49.877    -49.695    -49.848    -49.561
    -49.000    -52.857    -52.679    -52.842    -52.553     -0.178     -0.289    -91.570    -91.670    -52.883    -52.703    -52.868    -52.578
    -52.000    -55.814    -55.642    -55.814    -55.525     -0.172     -0.289    -94.570    -94.670    -55.865    -55.691    -55.864    -55.573
    -55.000    -58.774    -58.608    -58.780    -58.495     -0.166     -0.285    -97.570    -97.670    -58.877    -58.705    -58.881    -58.591
    -58.000    -61.665    -61.512    -61.681    -61.407     -0.153     -0.274   -100.570   -100.670    -61.866    -61.702    -61.881    -61.597
    -61.000    -64.494    -64.329    -64.502    -64.223     -0.164     -0.279   -103.570   -103.670    -64.887    -64.700    -64.894    -64.594
    -64.000    -67.121    -66.986    -67.139    -66.883     -0.136     -0.256   -106.570   -106.670    -67.872    -67.697    -67.887    -67.595
    -67.000    -69.483    -69.364    -69.495    -69.280     -0.119     -0.215   -109.570   -109.670    -70.870    -70.678    -70.874    -70.602
    -70.000    -71.420    -71.381    -71.430    -71.287     -0.039     -0.143   -112.570   -112.670    -73.839    -73.713    -73.832    -73.627
    -73.000    -72.900    -72.893    -72.933    -72.800     -0.008     -0.134   -115.570   -115.670    -76.886    -76.749    -76.918    -76.672
    -76.000    -73.869    -73.880    -73.904    -73.771      0.011     -0.133   -118.570   -118.670    -79.899    -79.707    -79.940    -79.586
    -79.000    -74.469    -74.494    -74.456    -74.382      0.024     -0.074   -121.570   -121.670    -83.068    -82.755    -82.776    -82.605
    -82.000    -74.758    -74.845    -74.787    -74.722      0.088     -0.065   -124.570   -124.670    -85.784    -85.949    -85.766    -85.612
    -85.000    -74.935    -75.000    -74.961    -74.898      0.066     -0.063   -127.570   -127.670    -88.847    -88.572    -88.703    -88.517
    -88.000    -75.028    -75.107    -75.058    -74.991      0.078     -0.068   -130.570   -130.670    -92.083    -92.027    -91.937    -91.407
    -91.000    -75.074    -75.139    -75.071    -75.029      0.064     -0.042   -133.570   -133.670    -95.425    -93.989    -92.618    -93.539
    -94.000    -75.089    -75.138    -75.130    -75.074      0.050     -0.056   -136.570   -136.670    -97.358    -93.962    -98.953    -99.250
    -97.000    -75.112    -75.195    -75.127    -75.082      0.082     -0.044   -139.570   -139.670   -107.415   -111.134    -98.176   -102.065
   -100.000    -75.115    -75.208    -75.148    -75.080      0.093     -0.068   -142.570   -142.670   -107.415   -111.134   -119.192   -101.205
   -103.000    -75.094    -75.178    -75.151    -75.105      0.084     -0.046   -145.570   -145.670   -107.415   -111.134   -119.192   -101.205
   -106.000    -75.120    -75.202    -75.136    -75.082      0.082     -0.054   -148.570   -148.670   -107.415   -111.134   -119.192   -101.205
   -109.000    -75.136    -75.193    -75.139    -75.079      0.057     -0.060   -151.570   -151.670   -107.415   -111.134   -119.192   -101.205
   -112.000    -75.106    -75.191    -75.153    -75.097      0.085     -0.056   -154.570   -154.670   -107.415   -111.134   -119.192   -101.205
   -115.000    -75.119    -75.182    -75.158    -75.096      0.063     -0.062   -157.570   -157.670   -107.415   -111.134   -119.192   -101.205
   -118.000    -75.112    -75.216    -75.153    -75.097      0.105     -0.056   -160.570   -160.670   -107.415   -111.134   -119.192   -101.205
