    -14.000      8.078      8.801      7.191      6.707     -0.723      0.484    -29.710    -29.770      8.078      8.801      7.191      6.707
    -16.000      6.901      7.504      6.506      6.224     -0.603      0.282    -31.710    -31.770      6.901      7.504      6.506      6.224
    -18.000      5.992      6.527      5.710      5.776     -0.536     -0.066    -33.710    -33.770      5.992      6.527      5.709      5.776
    -20.000      3.092      3.454      3.018      3.467     -0.362     -0.449    -35.710    -35.770      3.092      3.454      3.018      3.467
    -22.000      1.163      1.528      1.115      1.568     -0.365     -0.453    -37.710    -37.770      1.163      1.528      1.115      1.568
    -24.000     -0.734     -0.366     -0.764     -0.306     -0.368     -0.457    -39.710    -39.770     -0.734     -0.366     -0.764     -0.307
    -26.000     -2.723     -2.353     -2.736     -2.276     -0.369     -0.459    -41.710    -41.770     -2.723     -2.353     -2.736     -2.277
    -28.000     -4.726     -4.355     -4.726     -4.266     -0.371     -0.460    -43.710    -43.770     -4.726     -4.355     -4.726     -4.266
    -30.000     -6.691     -6.322     -6.682     -6.225     -0.369     -0.457    -45.710    -45.770     -6.691     -6.322     -6.682     -6.225
    -32.000     -8.713     -8.339     -8.696     -8.234     -0.374     -0.462    -47.710    -47.770     -8.713     -8.339     -8.696     -8.234
    -34.000    -10.683    -10.313    -10.661    -10.199     -0.370     -0.462    -49.710    -49.770    -10.683    -10.313    -10.661    -10.199
    -36.000    -12.710    -12.336    -12.682    -12.215     -0.373     -0.467    -51.710    -51.770    -12.710    -12.336    -12.682    -12.215
    -38.000    -14.669    -14.299    -14.636    -14.178     -0.371     -0.458    -53.710    -53.770    -14.670    -14.299    -14.636    -14.178
    -40.000    -16.684    -16.317    -16.651    -16.193     -0.367     -0.458    -55.710    -55.770    -16.684    -16.317    -16.651    -16.193
    -42.000    -18.706    -18.339    -18.673    -18.212     -0.367     -0.461    -57.710    -57.770    -18.706    -18.339    -18.673    -18.212
    -44.000    -20.684    -20.314    -20.651    -20.189     -0.370     -0.462    -59.710    -59.770    -20.684    -20.314    -20.651    -20.189
    -46.000    -22.681    -22.315    -22.650    -22.189     -0.366     -0.460    -61.710    -61.770    -22.681    -22.315    -22.650    -22.190
    -48.000    -24.650    -24.291    -24.610    -24.153     -0.359     -0.458    -63.710    -63.770    -24.650    -24.291    -24.610    -24.153
    -50.000    -26.670    -26.302    -26.634    -26.176     -0.369     -0.458    -65.710    -65.770    -26.670    -26.302    -26.634    -26.176
    -52.000    -28.690    -28.323    -28.652    -28.198     -0.367     -0.455    -67.710    -67.770    -28.690    -28.324    -28.652    -28.198
    -54.000    -30.697    -30.329    -30.661    -30.199     -0.367     -0.462    -69.710    -69.770    -30.697    -30.330    -30.661    -30.199
    -56.000    -32.716    -32.348    -32.678    -32.219     -0.368     -0.459    -71.710    -71.770    -32.716    -32.348    -32.678    -32.219
    -58.000    -34.670    -34.304    -34.633    -34.169     -0.366     -0.463    -73.710    -73.770    -34.670    -34.304    -34.633    -34.170
    -60.000    -36.692    -36.327    -36.656    -36.191     -0.365     -0.465    -75.710    -75.770    -36.692    -36.328    -36.657    -36.192
    -62.000    -38.714    -38.344    -38.675    -38.208     -0.370     -0.467    -77.710    -77.770    -38.715    -38.345    -38.676    -38.209
    -64.000    -40.665    -40.294    -40.619    -40.151     -0.370     -0.469    -79.710    -79.770    -40.666    -40.296    -40.621    -40.152
    -66.000    -41.919    -41.555    -41.878    -41.404     -0.363     -0.474    -81.710    -81.770    -41.921    -41.557    -41.880    -41.406
    -68.000    -44.647    -44.272    -44.601    -44.133     -0.375     -0.468    -83.710    -83.770    -44.650    -44.275    -44.605    -44.137
    -70.000    -46.658    -46.285    -46.615    -46.152     -0.372     -0.463    -85.710    -85.770    -46.663    -46.291    -46.620    -46.157
    -72.000    -48.668    -48.291    -48.629    -48.167     -0.377     -0.462    -87.710    -87.770    -48.677    -48.300    -48.638    -48.176
    -74.000    -50.628    -50.253    -50.595    -50.133     -0.374     -0.462    -89.710    -89.770    -50.642    -50.267    -50.609    -50.147
    -76.000    -52.629    -52.253    -52.596    -52.138     -0.376     -0.459    -91.710    -91.770    -52.651    -52.275    -52.619    -52.160
    -78.000    -54.567    -54.188    -54.539    -54.082     -0.379     -0.457    -93.710    -93.770    -54.602    -54.223    -54.573    -54.117
    -80.000    -56.563    -56.187    -56.533    -56.080     -0.376     -0.454    -95.710    -95.770    -56.619    -56.243    -56.588    -56.135
    -82.000    -58.494    -58.124    -58.474    -58.018     -0.370     -0.456    -97.710    -97.770    -58.581    -58.211    -58.561    -58.105
    -84.000    -60.473    -60.100    -60.447    -59.990     -0.373     -0.457    -99.710    -99.770    -60.610    -60.238    -60.584    -60.129
    -86.000    -62.405    -62.026    -62.375    -61.917     -0.379     -0.458   -101.710   -101.770    -62.621    -62.242    -62.591    -62.135
    -88.000    -64.270    -63.897    -64.257    -63.789     -0.374     -0.468   -103.710   -103.770    -64.607    -64.234    -64.594    -64.128
    -90.000    -66.113    -65.734    -66.088    -65.630     -0.379     -0.458   -105.710   -105.770    -66.639    -66.260    -66.613    -66.160
    -92.000    -67.796    -67.436    -67.800    -67.322     -0.360     -0.477   -107.710   -107.770    -68.595    -68.239    -68.602    -68.130
    -94.000    -69.416    -69.045    -69.407    -68.922     -0.371     -0.486   -109.710   -109.770    -70.630    -70.263    -70.624    -70.143
    -96.000    -70.810    -70.441    -70.810    -70.318     -0.369     -0.492   -111.710   -111.770    -72.591    -72.228    -72.597    -72.109
    -98.000    -72.041    -71.684    -72.047    -71.551     -0.357     -0.496   -113.710   -113.770    -74.610    -74.272    -74.633    -74.140
   -100.000    -73.041    -72.681    -73.046    -72.547     -0.360     -0.499   -115.710   -115.770    -76.628    -76.296    -76.658    -76.161
   -102.000    -73.786    -73.418    -73.795    -73.324     -0.368     -0.471   -117.710   -117.770    -78.565    -78.225    -78.620    -78.212
   -104.000    -74.377    -73.981    -74.356    -73.862     -0.396     -0.495   -119.710   -119.770    -80.660    -80.218    -80.616    -80.141
   -106.000    -74.752    -74.395    -74.767    -74.261     -0.357     -0.506   -121.710   -121.770    -82.544    -82.309    -82.704    -82.173
   -108.000    -75.047    -74.656    -75.023    -74.531     -0.391     -0.492   -123.710   -123.770    -84.723    -84.253    -84.609    -84.194
   -110.000    -75.226    -74.827    -75.205    -74.712     -0.399     -0.493   -125.710   -125.770    -86.760    -86.136    -86.641    -86.255
   -112.000    -75.330    -74.957    -75.322    -74.824     -0.373     -0.498   -127.710   -127.770    -88.549    -88.337    -88.652    -88.215
   -114.000    -75.396    -75.015    -75.386    -74.878     -0.381     -0.508   -129.710   -129.770    -90.183    -89.820    -90.282    -89.587
   -116.000    -75.461    -75.081    -75.449    -74.960     -0.380     -0.489   -131.710   -131.770    -92.802    -92.470    -92.825    -93.071
   -118.000    -75.490    -75.104    -75.466    -74.987     -0.386     -0.479   -133.710   -133.770    -94.703    -93.977    -93.910    -95.331
   -120.000    -75.504    -75.133    -75.499    -75.013     -0.372     -0.486   -135.710   -135.770    -96.129    -96.981    -97.107    -99.546
   -122.000    -75.543    -75.146    -75.518    -75.012     -0.397     -0.507   -137.710   -137.770    -96.129    -99.637   -101.652    -99.325
   -124.000    -75.542    -75.156    -75.528    -75.024     -0.386     -0.504   -139.710   -139.770    -96.129   -104.402   -110.795   -105.258
   -126.000    -75.530    -75.153    -75.532    -75.026     -0.377     -0.507   -141.710   -141.770    -96.129   -102.360   -110.795   -107.947
   -128.000    -75.536    -75.171    -75.528    -75.027     -0.365     -0.501   -143.710   -143.770    -96.129   -102.360   -110.795   -113.504
   -130.000    -75.538    -75.180    -75.538    -75.039     -0.358     -0.499   -145.710   -145.770    -96.129   -102.360   -110.795   -113.504
   -132.000    -75.557    -75.178    -75.527    -75.042     -0.379     -0.485   -147.710   -147.770    -96.129   -102.360   -110.795   -113.504
   -134.000    -75.560    -75.164    -75.532    -75.025     -0.396     -0.507   -149.710   -149.770    -96.129   -102.360   -110.795   -113.504
   -136.000    -75.552    -75.173    -75.552    -75.031     -0.379     -0.520   -151.710   -151.770    -96.129   -102.360   -110.795   -113.504
   -138.000    -75.554    -75.159    -75.531    -75.040     -0.395     -0.491   -153.710   -153.770    -96.129   -102.360   -110.795   -113.504
   -140.000    -75.549    -75.159    -75.533    -75.028     -0.390     -0.505   -155.710   -155.770    -96.129   -102.360   -110.795   -113.504
