    -14.000      3.474      3.699      3.384      3.719     -0.224     -0.335    -29.710    -29.770      3.474      3.699      3.384      3.719
    -16.000      1.543      1.767      1.479      1.816     -0.224     -0.337    -31.710    -31.770      1.543      1.767      1.479      1.816
    -18.000     -0.362     -0.139     -0.407     -0.071     -0.223     -0.336    -33.710    -33.770     -0.363     -0.139     -0.407     -0.071
    -20.000     -2.353     -2.132     -2.381     -2.045     -0.221     -0.336    -35.710    -35.770     -2.353     -2.132     -2.381     -2.045
    -22.000     -4.357     -4.136     -4.372     -4.035     -0.222     -0.338    -37.710    -37.770     -4.358     -4.136     -4.372     -4.035
    -24.000     -6.304     -6.081     -6.308     -5.967     -0.224     -0.341    -39.710    -39.770     -6.304     -6.081     -6.308     -5.967
    -26.000     -8.321     -8.098     -8.317     -7.980     -0.223     -0.337    -41.710    -41.770     -8.321     -8.098     -8.317     -7.980
    -28.000    -10.337    -10.121    -10.329     -9.993     -0.216     -0.336    -43.710    -43.770    -10.337    -10.121    -10.329     -9.993
    -30.000    -12.319    -12.104    -12.302    -11.970     -0.215     -0.332    -45.710    -45.770    -12.319    -12.104    -12.302    -11.970
    -32.000    -14.344    -14.120    -14.322    -13.985     -0.224     -0.337    -47.710    -47.770    -14.344    -14.120    -14.322    -13.985
    -34.000    -16.301    -16.084    -16.284    -15.942     -0.217     -0.341    -49.710    -49.770    -16.301    -16.084    -16.284    -15.942
    -36.000    -18.322    -18.107    -18.305    -17.965     -0.215     -0.340    -51.710    -51.770    -18.322    -18.107    -18.305    -17.965
    -38.000    -20.289    -20.075    -20.269    -19.932     -0.214     -0.337    -53.710    -53.770    -20.289    -20.075    -20.269    -19.932
    -40.000    -22.314    -22.097    -22.293    -21.957     -0.217     -0.336    -55.710    -55.770    -22.315    -22.097    -22.293    -21.958
    -42.000    -24.341    -24.121    -24.306    -23.967     -0.220     -0.339    -57.710    -57.770    -24.341    -24.121    -24.306    -23.967
    -44.000    -26.309    -26.101    -26.293    -25.947     -0.208     -0.347    -59.710    -59.770    -26.309    -26.101    -26.293    -25.947
    -46.000    -28.310    -28.094    -28.288    -27.947     -0.216     -0.342    -61.710    -61.770    -28.310    -28.094    -28.288    -27.947
    -48.000    -30.283    -30.067    -30.261    -29.918     -0.216     -0.343    -63.710    -63.770    -30.283    -30.067    -30.261    -29.918
    -50.000    -32.303    -32.091    -32.281    -31.940     -0.213     -0.341    -65.710    -65.770    -32.304    -32.091    -32.282    -31.940
    -52.000    -34.327    -34.109    -34.302    -33.963     -0.219     -0.339    -67.710    -67.770    -34.328    -34.109    -34.303    -33.963
    -54.000    -36.325    -36.110    -36.301    -35.964     -0.216     -0.337    -69.710    -69.770    -36.326    -36.110    -36.302    -35.965
    -56.000    -38.343    -38.129    -38.318    -37.986     -0.214     -0.331    -71.710    -71.770    -38.344    -38.130    -38.319    -37.987
    -58.000    -40.294    -40.081    -40.268    -39.940     -0.213     -0.329    -73.710    -73.770    -40.296    -40.082    -40.270    -39.941
    -60.000    -42.318    -42.098    -42.293    -41.962     -0.220     -0.331    -75.710    -75.770    -42.320    -42.100    -42.295    -41.964
    -62.000    -44.337    -44.116    -44.320    -43.978     -0.222     -0.342    -77.710    -77.770    -44.341    -44.119    -44.323    -43.981
    -64.000    -46.278    -46.064    -46.266    -45.932     -0.214     -0.335    -79.710    -79.770    -46.283    -46.069    -46.272    -45.937
    -66.000    -48.292    -48.074    -48.283    -47.946     -0.218     -0.337    -81.710    -81.770    -48.300    -48.082    -48.292    -47.955
    -68.000    -50.243    -50.030    -50.241    -49.904     -0.213     -0.337    -83.710    -83.770    -50.256    -50.043    -50.254    -49.917
    -70.000    -52.246    -52.031    -52.253    -51.914     -0.215     -0.339    -85.710    -85.770    -52.267    -52.052    -52.274    -51.935
    -72.000    -54.244    -54.033    -54.259    -53.921     -0.212     -0.338    -87.710    -87.770    -54.277    -54.066    -54.292    -53.955
    -74.000    -56.200    -55.982    -56.218    -55.878     -0.218     -0.340    -89.710    -89.770    -56.252    -56.035    -56.270    -55.930
    -76.000    -58.192    -57.973    -58.211    -57.868     -0.219     -0.344    -91.710    -91.770    -58.274    -58.057    -58.294    -57.951
    -78.000    -60.105    -59.893    -60.135    -59.783     -0.211     -0.352    -93.710    -93.770    -60.234    -60.024    -60.264    -59.913
    -80.000    -62.054    -61.839    -62.080    -61.732     -0.215     -0.348    -95.710    -95.770    -62.258    -62.045    -62.284    -61.937
    -82.000    -63.906    -63.696    -63.944    -63.591     -0.210     -0.353    -97.710    -97.770    -64.222    -64.017    -64.261    -63.910
    -84.000    -65.764    -65.535    -65.792    -65.435     -0.230     -0.357    -99.710    -99.770    -66.259    -66.034    -66.288    -65.932
    -86.000    -67.483    -67.278    -67.523    -67.171     -0.205     -0.352   -101.710   -101.770    -68.241    -68.048    -68.284    -67.935
    -88.000    -69.103    -68.878    -69.131    -68.781     -0.225     -0.350   -103.710   -103.770    -70.252    -70.040    -70.281    -69.936
    -90.000    -70.568    -70.328    -70.592    -70.219     -0.240     -0.373   -105.710   -105.770    -72.280    -72.053    -72.303    -71.927
    -92.000    -71.526    -71.324    -71.572    -71.213     -0.202     -0.359   -107.710   -107.770    -73.790    -73.632    -73.849    -73.496
    -94.000    -72.831    -72.587    -72.868    -72.495     -0.244     -0.373   -109.710   -109.770    -76.286    -76.069    -76.335    -75.955
    -96.000    -73.613    -73.357    -73.627    -73.268     -0.256     -0.360   -111.710   -111.770    -78.258    -78.020    -78.249    -77.905
    -98.000    -74.199    -73.951    -74.240    -73.870     -0.248     -0.370   -113.710   -113.770    -80.249    -80.056    -80.336    -79.959
   -100.000    -74.629    -74.372    -74.675    -74.293     -0.258     -0.382   -115.710   -115.770    -82.325    -82.107    -82.468    -82.013
   -102.000    -74.913    -74.639    -74.933    -74.567     -0.273     -0.366   -117.710   -117.770    -84.343    -84.011    -84.320    -83.968
   -104.000    -75.100    -74.837    -75.116    -74.761     -0.263     -0.355   -119.710   -119.770    -86.350    -86.121    -86.240    -86.040
   -106.000    -75.217    -74.975    -75.263    -74.896     -0.242     -0.366   -121.710   -121.770    -88.246    -88.485    -88.685    -88.351
   -108.000    -75.279    -75.040    -75.353    -74.964     -0.240     -0.389   -123.710   -123.770    -89.715    -90.233    -91.306    -90.179
   -110.000    -75.373    -75.088    -75.384    -75.013     -0.286     -0.370   -125.710   -125.770    -93.649    -92.204    -92.712    -92.216
   -112.000    -75.393    -75.120    -75.419    -75.036     -0.273     -0.383   -127.710   -127.770    -95.263    -94.324    -95.220    -93.591
   -114.000    -75.397    -75.144    -75.452    -75.079     -0.253     -0.373   -129.710   -129.770    -95.648    -96.944   -100.937    -99.010
   -116.000    -75.427    -75.151    -75.432    -75.081     -0.276     -0.351   -131.710   -131.770   -101.171    -98.157    -96.654    -99.424
   -118.000    -75.423    -75.146    -75.452    -75.081     -0.277     -0.371   -133.710   -133.770    -99.994    -97.209   -100.832    -99.479
   -120.000    -75.429    -75.173    -75.462    -75.099     -0.256     -0.363   -135.710   -135.770   -102.041    -97.209   -108.038    -99.479
   -122.000    -75.437    -75.186    -75.463    -75.091     -0.251     -0.372   -137.710   -137.770   -111.879    -97.209   -111.047    -99.479
   -124.000    -75.431    -75.160    -75.454    -75.106     -0.271     -0.348   -139.710   -139.770   -103.070    -97.209   -101.543    -99.479
   -126.000    -75.432    -75.165    -75.455    -75.093     -0.267     -0.362   -141.710   -141.770   -103.830    -97.209   -101.970    -99.479
   -128.000    -75.437    -75.193    -75.475    -75.088     -0.244     -0.387   -143.710   -143.770   -110.724    -97.209   -101.970    -99.479
   -130.000    -75.438    -75.168    -75.468    -75.102     -0.270     -0.366   -145.710   -145.770   -115.954    -97.209   -101.970    -99.479
   -132.000    -75.440    -75.154    -75.469    -75.108     -0.286     -0.361   -147.710   -147.770   -115.954    -97.209   -101.970    -99.479
   -134.000    -75.438    -75.170    -75.459    -75.114     -0.268     -0.345   -149.710   -149.770   -115.954    -97.209   -101.970    -99.479
   -136.000    -75.454    -75.162    -75.480    -75.105     -0.293     -0.375   -151.710   -151.770   -115.954    -97.209   -101.970    -99.479
   -138.000    -75.446    -75.181    -75.473    -75.088     -0.265     -0.385   -153.710   -153.770   -115.954    -97.209   -101.970    -99.479
   -140.000    -75.439    -75.189    -75.454    -75.074     -0.249     -0.380   -155.710   -155.770   -115.954    -97.209   -101.970    -99.479
