     20.000     10.097     10.070      9.062      9.115      0.027     -0.053    -22.570    -22.670     10.097     10.070      9.062      9.115
     17.000     10.121     10.082      9.104      9.142      0.040     -0.038    -25.570    -25.670     10.121     10.082      9.104      9.142
     14.000      9.134      9.116     10.235     10.236      0.018     -0.001    -28.570    -28.670      9.134      9.116     10.235     10.236
     11.000      8.244      8.338      6.516      6.514     -0.094      0.002    -31.570    -31.670      8.244      8.338      6.516      6.514
      8.000      5.482      5.482      5.994      5.993      0.000      0.001    -34.570    -34.670      5.482      5.482      5.994      5.993
      5.000      2.476      2.476      3.074      3.074      0.000      0.000    -37.570    -37.670      2.476      2.476      3.074      3.074
      2.000     -0.561     -0.561      0.092      0.092      0.000      0.000    -40.570    -40.670     -0.561     -0.561      0.092      0.092
     -1.000     -3.607     -3.608     -2.920     -2.920      0.000      0.000    -43.570    -43.670     -3.607     -3.608     -2.920     -2.920
     -4.000     -6.595     -6.595     -5.890     -5.890      0.000     -0.000    -46.570    -46.670     -6.595     -6.595     -5.890     -5.890
     -7.000     -9.642     -9.641     -8.921     -8.921     -0.000      0.000    -49.570    -49.670     -9.642     -9.641     -8.921     -8.921
    -10.000    -12.625    -12.625    -11.892    -11.892      0.000     -0.000    -52.570    -52.670    -12.625    -12.625    -11.892    -11.892
    -13.000    -15.598    -15.598    -14.868    -14.868     -0.000     -0.000    -55.570    -55.670    -15.598    -15.598    -14.868    -14.868
    -16.000    -18.639    -18.639    -17.903    -17.903      0.000      0.000    -58.570    -58.670    -18.639    -18.639    -17.903    -17.903
    -19.000    -21.611    -21.611    -20.876    -20.876     -0.000     -0.000    -61.570    -61.670    -21.612    -21.611    -20.876    -20.876
    -22.000    -24.656    -24.656    -23.912    -23.912     -0.000     -0.000    -64.570    -64.670    -24.656    -24.656    -23.912    -23.912
    -25.000    -27.616    -27.616    -26.876    -26.876      0.000      0.000    -67.570    -67.670    -27.616    -27.617    -26.877    -26.877
    -28.000    -30.655    -30.655    -29.911    -29.911      0.000     -0.000    -70.570    -70.670    -30.655    -30.655    -29.911    -29.911
    -31.000    -33.644    -33.644    -32.898    -32.898      0.000     -0.000    -73.570    -73.670    -33.645    -33.645    -32.899    -32.898
    -34.000    -36.633    -36.633    -35.880    -35.880      0.000     -0.001    -76.570    -76.670    -36.634    -36.634    -35.881    -35.880
    -37.000    -39.667    -39.667    -38.917    -38.917      0.001      0.000    -79.570    -79.670    -39.668    -39.669    -38.918    -38.918
    -40.000    -42.649    -42.647    -41.898    -41.898     -0.002     -0.001    -82.570    -82.670    -42.652    -42.651    -41.901    -41.900
    -43.000    -45.628    -45.627    -44.879    -44.881     -0.001      0.002    -85.570    -85.670    -45.634    -45.633    -44.884    -44.886
    -46.000    -48.631    -48.631    -47.888    -47.888     -0.000      0.000    -88.570    -88.670    -48.644    -48.644    -47.898    -47.898
    -49.000    -51.589    -51.589    -50.857    -50.858     -0.000      0.001    -91.570    -91.670    -51.614    -51.614    -50.877    -50.878
    -52.000    -54.593    -54.591    -53.865    -53.862     -0.002     -0.004    -94.570    -94.670    -54.642    -54.640    -53.905    -53.901
    -55.000    -57.554    -57.554    -56.855    -56.857     -0.000      0.003    -97.570    -97.670    -57.652    -57.652    -56.934    -56.937
    -58.000    -60.431    -60.433    -59.749    -59.752      0.002      0.003   -100.570   -100.670    -60.623    -60.625    -59.906    -59.909
    -61.000    -63.297    -63.292    -62.632    -62.636     -0.005      0.003   -103.570   -103.670    -63.676    -63.671    -62.941    -62.945
    -64.000    -65.910    -65.911    -65.318    -65.322      0.001      0.004   -106.570   -106.670    -66.629    -66.631    -65.910    -65.914
    -67.000    -68.316    -68.325    -67.831    -67.822      0.008     -0.008   -109.570   -109.670    -69.657    -69.668    -68.950    -68.939
    -70.000    -70.304    -70.308    -69.948    -69.942      0.004     -0.007   -112.570   -112.670    -72.668    -72.674    -71.954    -71.943
    -73.000    -71.785    -71.774    -71.557    -71.560     -0.011      0.004   -115.570   -115.670    -75.662    -75.634    -74.888    -74.896
    -76.000    -72.755    -72.775    -72.745    -72.738      0.020     -0.007   -118.570   -118.670    -78.573    -78.648    -78.035    -78.012
    -79.000    -73.377    -73.363    -73.416    -73.439     -0.014      0.024   -121.570   -121.670    -81.669    -81.566    -80.906    -81.042
    -82.000    -73.700    -73.723    -73.810    -73.813      0.023      0.003   -124.570   -124.670    -84.541    -84.812    -83.807    -83.842
    -85.000    -73.885    -73.877    -74.025    -74.053     -0.008      0.029   -127.570   -127.670    -87.606    -87.384    -86.658    -87.221
    -88.000    -73.987    -73.981    -74.166    -74.152     -0.006     -0.014   -130.570   -130.670    -91.059    -90.678    -90.489    -89.942
    -91.000    -74.029    -74.050    -74.205    -74.199      0.020     -0.006   -133.570   -133.670    -93.994    -96.440    -92.605    -92.250
    -94.000    -74.023    -74.033    -74.237    -74.239      0.011      0.002   -136.570   -136.670    -93.372    -94.260    -95.712    -96.075
    -97.000    -74.056    -74.027    -74.268    -74.255     -0.028     -0.013   -139.570   -139.670    -97.911    -93.664   -114.031    -99.559
   -100.000    -74.060    -74.036    -74.244    -74.267     -0.024      0.023   -142.570   -142.670    -99.125    -94.576    -96.764   -110.293
   -103.000    -74.086    -74.054    -74.289    -74.257     -0.033     -0.032   -145.570   -145.670    -99.125    -97.168    -96.764   -100.259
   -106.000    -74.062    -74.052    -74.257    -74.286     -0.011      0.030   -148.570   -148.670    -99.125    -96.829    -96.764   -100.259
   -109.000    -74.061    -74.069    -74.289    -74.282      0.007     -0.008   -151.570   -151.670    -99.125   -102.486    -96.764   -100.259
   -112.000    -74.073    -74.072    -74.286    -74.288     -0.001      0.001   -154.570   -154.670    -99.125   -105.904    -96.764   -100.259
   -115.000    -74.052    -74.044    -74.262    -74.281     -0.007      0.019   -157.570   -157.670    -99.125    -95.611    -96.764   -100.259
   -118.000    -74.065    -74.052    -74.262    -74.254     -0.013     -0.008   -160.570   -160.670    -99.125    -96.813    -96.764   -100.259
   -121.000    -74.075    -74.048    -74.265    -74.262     -0.027     -0.003   -163.570   -163.670    -99.125    -96.107    -96.764   -100.259
   -124.000    -74.051    -74.096    -74.266    -74.245      0.045     -0.021   -166.570   -166.670    -99.125    -96.107    -96.764   -100.259
   -127.000    -74.083    -74.052    -74.264    -74.279     -0.031      0.015   -169.570   -169.670    -99.125    -96.107    -96.764   -100.259
   -130.000    -74.085    -74.103    -74.277    -74.285      0.019      0.008   -172.570   -172.670    -99.125    -96.107    -96.764   -100.259
