     14.000      8.105      7.917      8.096      8.059      0.188      0.037    -29.090    -28.960      8.105      7.917      8.096      8.059
     11.000      6.524      6.407      6.733      6.685      0.117      0.048    -32.090    -31.960      6.524      6.407      6.733      6.685
      8.000      3.868      3.824      4.142      4.187      0.044     -0.045    -35.090    -34.960      3.868      3.824      4.142      4.187
      5.000      0.967      0.969      1.241      1.335     -0.002     -0.094    -38.090    -37.960      0.967      0.969      1.241      1.335
      2.000     -1.993     -1.964     -1.722     -1.596     -0.029     -0.126    -41.090    -40.960     -1.993     -1.964     -1.722     -1.596
     -1.000     -4.987     -4.940     -4.718     -4.568     -0.047     -0.150    -44.090    -43.960     -4.987     -4.940     -4.718     -4.568
     -4.000     -8.000     -7.939     -7.731     -7.567     -0.061     -0.164    -47.090    -46.960     -8.000     -7.939     -7.731     -7.567
     -7.000    -11.001    -10.930    -10.732    -10.558     -0.071     -0.174    -50.090    -49.960    -11.001    -10.930    -10.732    -10.558
    -10.000    -14.004    -13.926    -13.737    -13.556     -0.078     -0.181    -53.090    -52.960    -14.004    -13.926    -13.737    -13.556
    -13.000    -16.989    -16.908    -16.722    -16.537     -0.081     -0.185    -56.090    -55.960    -16.989    -16.908    -16.722    -16.537
    -16.000    -19.995    -19.914    -19.728    -19.543     -0.081     -0.185    -59.090    -58.960    -19.995    -19.914    -19.728    -19.543
    -19.000    -23.004    -22.921    -22.737    -22.552     -0.083     -0.185    -62.090    -61.960    -23.004    -22.921    -22.737    -22.552
    -22.000    -26.002    -25.917    -25.735    -25.547     -0.085     -0.188    -65.090    -64.960    -26.002    -25.917    -25.735    -25.547
    -25.000    -29.001    -28.914    -28.732    -28.548     -0.087     -0.184    -68.090    -67.960    -29.001    -28.914    -28.732    -28.548
    -28.000    -31.992    -31.905    -31.723    -31.539     -0.087     -0.184    -71.090    -70.960    -31.992    -31.905    -31.723    -31.539
    -31.000    -35.002    -34.915    -34.733    -34.548     -0.087     -0.185    -74.090    -73.960    -35.002    -34.915    -34.733    -34.548
    -34.000    -38.006    -37.920    -37.737    -37.554     -0.086     -0.183    -77.090    -76.960    -38.007    -37.921    -37.738    -37.555
    -37.000    -41.003    -40.915    -40.736    -40.547     -0.088     -0.189    -80.090    -79.960    -41.004    -40.916    -40.738    -40.549
    -40.000    -43.995    -43.909    -43.725    -43.541     -0.086     -0.184    -83.090    -82.960    -43.998    -43.912    -43.728    -43.544
    -43.000    -46.960    -46.885    -46.695    -46.518     -0.075     -0.177    -86.090    -85.960    -46.966    -46.891    -46.701    -46.524
    -46.000    -49.965    -49.899    -49.697    -49.528     -0.066     -0.169    -89.090    -88.960    -49.976    -49.910    -49.709    -49.540
    -49.000    -52.958    -52.906    -52.691    -52.536     -0.052     -0.155    -92.090    -91.960    -52.981    -52.929    -52.715    -52.560
    -52.000    -55.922    -55.875    -55.650    -55.504     -0.047     -0.146    -95.090    -94.960    -55.967    -55.920    -55.698    -55.552
    -55.000    -58.889    -58.852    -58.617    -58.475     -0.037     -0.142    -98.090    -97.960    -58.979    -58.941    -58.712    -58.570
    -58.000    -61.801    -61.759    -61.527    -61.375     -0.042     -0.152   -101.090   -100.960    -61.978    -61.935    -61.714    -61.562
    -61.000    -64.629    -64.605    -64.348    -64.211     -0.024     -0.137   -104.090   -103.960    -64.975    -64.950    -64.714    -64.577
    -64.000    -67.313    -67.271    -67.008    -66.866     -0.042     -0.142   -107.090   -106.960    -67.979    -67.932    -67.710    -67.566
    -67.000    -69.718    -69.693    -69.398    -69.273     -0.025     -0.125   -110.090   -109.960    -70.951    -70.924    -70.698    -70.576
    -70.000    -71.784    -71.753    -71.429    -71.274     -0.031     -0.155   -113.090   -112.960    -73.986    -73.946    -73.741    -73.573
    -73.000    -73.338    -73.323    -72.926    -72.813     -0.015     -0.113   -116.090   -115.960    -76.992    -76.980    -76.722    -76.641
    -76.000    -74.392    -74.370    -73.933    -73.797     -0.022     -0.136   -119.090   -118.960    -80.002    -79.967    -79.697    -79.560
    -79.000    -75.021    -75.035    -74.546    -74.396      0.014     -0.150   -122.090   -121.960    -82.931    -83.110    -82.676    -82.448
    -82.000    -75.395    -75.380    -74.882    -74.746     -0.015     -0.136   -125.090   -124.960    -86.029    -86.036    -85.550    -85.410
    -85.000    -75.577    -75.575    -75.075    -74.936     -0.002     -0.139   -128.090   -127.960    -88.827    -89.141    -88.622    -88.410
    -88.000    -75.680    -75.674    -75.168    -75.039     -0.006     -0.129   -131.090   -130.960    -91.796    -92.259    -91.458    -91.611
    -91.000    -75.741    -75.735    -75.224    -75.094     -0.006     -0.130   -134.090   -133.960    -95.465    -96.640    -94.879    -95.291
    -94.000    -75.764    -75.755    -75.258    -75.115     -0.009     -0.143   -137.090   -136.960    -98.438   -100.263   -100.413    -98.343
    -97.000    -75.771    -75.752    -75.244    -75.116     -0.019     -0.128   -140.090   -139.960    -99.975    -99.489    -97.278    -98.559
   -100.000    -75.830    -75.749    -75.269    -75.134     -0.081     -0.135   -143.090   -142.960    -99.975    -98.832   -108.083   -109.205
   -103.000    -75.773    -75.780    -75.270    -75.127      0.007     -0.143   -146.090   -145.960    -99.975    -98.832   -110.601   -102.113
   -106.000    -75.791    -75.783    -75.263    -75.119     -0.008     -0.144   -149.090   -148.960    -99.975    -98.832   -102.469    -99.278
   -109.000    -75.788    -75.786    -75.289    -75.155     -0.002     -0.134   -152.090   -151.960    -99.975    -98.832   -102.469    -99.278
   -112.000    -75.786    -75.778    -75.284    -75.144     -0.008     -0.140   -155.090   -154.960    -99.975    -98.832   -102.469    -99.278
   -115.000    -75.780    -75.756    -75.268    -75.136     -0.024     -0.132   -158.090   -157.960    -99.975    -98.832   -102.469    -99.278
   -118.000    -75.765    -75.761    -75.256    -75.135     -0.004     -0.121   -161.090   -160.960    -99.975    -98.832   -102.469    -99.278
