    -14.000      7.967      7.998      7.838      7.908     -0.031     -0.070    -29.150    -29.110      7.967      7.998      7.838      7.908
    -16.000      7.244      7.289      7.098      7.213     -0.045     -0.115    -31.150    -31.110      7.244      7.289      7.098      7.213
    -18.000      6.022      6.092      5.861      6.051     -0.069     -0.190    -33.150    -33.110      6.022      6.092      5.861      6.050
    -20.000      4.217      4.285      4.094      4.292     -0.067     -0.198    -35.150    -35.110      4.217      4.285      4.094      4.292
    -22.000      2.317      2.382      2.224      2.420     -0.065     -0.196    -37.150    -37.110      2.317      2.382      2.223      2.420
    -24.000      0.436      0.499      0.363      0.558     -0.063     -0.195    -39.150    -39.110      0.436      0.499      0.363      0.558
    -26.000     -1.542     -1.480     -1.598     -1.404     -0.062     -0.194    -41.150    -41.110     -1.542     -1.480     -1.598     -1.404
    -28.000     -3.535     -3.474     -3.578     -3.384     -0.061     -0.194    -43.150    -43.110     -3.536     -3.475     -3.578     -3.384
    -30.000     -5.500     -5.440     -5.532     -5.338     -0.060     -0.194    -45.150    -45.110     -5.500     -5.440     -5.533     -5.338
    -32.000     -7.513     -7.454     -7.538     -7.344     -0.060     -0.194    -47.150    -47.110     -7.513     -7.454     -7.538     -7.344
    -34.000     -9.484     -9.425     -9.501     -9.307     -0.059     -0.194    -49.150    -49.110     -9.484     -9.425     -9.501     -9.308
    -36.000    -11.506    -11.447    -11.517    -11.324     -0.059     -0.194    -51.150    -51.110    -11.506    -11.447    -11.517    -11.324
    -38.000    -13.473    -13.415    -13.480    -13.287     -0.058     -0.193    -53.150    -53.110    -13.473    -13.415    -13.480    -13.287
    -40.000    -15.490    -15.432    -15.494    -15.302     -0.058     -0.192    -55.150    -55.110    -15.490    -15.432    -15.494    -15.302
    -42.000    -17.505    -17.447    -17.508    -17.315     -0.058     -0.193    -57.150    -57.110    -17.505    -17.447    -17.508    -17.315
    -44.000    -19.484    -19.426    -19.486    -19.293     -0.058     -0.193    -59.150    -59.110    -19.484    -19.426    -19.486    -19.293
    -46.000    -21.483    -21.425    -21.485    -21.293     -0.058     -0.193    -61.150    -61.110    -21.483    -21.425    -21.485    -21.293
    -48.000    -23.455    -23.404    -23.458    -23.260     -0.052     -0.199    -63.150    -63.110    -23.455    -23.404    -23.458    -23.260
    -50.000    -25.471    -25.413    -25.471    -25.277     -0.058     -0.193    -65.150    -65.110    -25.471    -25.413    -25.471    -25.278
    -52.000    -27.490    -27.432    -27.489    -27.296     -0.059     -0.193    -67.150    -67.110    -27.490    -27.432    -27.489    -27.296
    -54.000    -29.500    -29.441    -29.499    -29.306     -0.058     -0.193    -69.150    -69.110    -29.500    -29.442    -29.499    -29.306
    -56.000    -31.519    -31.461    -31.518    -31.325     -0.058     -0.193    -71.150    -71.110    -31.519    -31.461    -31.518    -31.325
    -58.000    -33.473    -33.415    -33.472    -33.278     -0.058     -0.193    -73.150    -73.110    -33.473    -33.415    -33.472    -33.279
    -60.000    -35.493    -35.435    -35.491    -35.298     -0.058     -0.194    -75.150    -75.110    -35.493    -35.436    -35.492    -35.298
    -62.000    -37.512    -37.455    -37.511    -37.317     -0.058     -0.194    -77.150    -77.110    -37.513    -37.455    -37.512    -37.318
    -64.000    -39.460    -39.402    -39.456    -39.262     -0.058     -0.194    -79.150    -79.110    -39.461    -39.403    -39.457    -39.263
    -66.000    -41.479    -41.422    -41.475    -41.279     -0.057     -0.195    -81.150    -81.110    -41.481    -41.424    -41.477    -41.281
    -68.000    -43.441    -43.383    -43.435    -43.240     -0.058     -0.195    -83.150    -83.110    -43.444    -43.386    -43.438    -43.243
    -70.000    -45.455    -45.399    -45.455    -45.259     -0.056     -0.196    -85.150    -85.110    -45.460    -45.404    -45.460    -45.264
    -72.000    -47.464    -47.407    -47.469    -47.272     -0.056     -0.196    -87.150    -87.110    -47.472    -47.416    -47.477    -47.280
    -74.000    -49.426    -49.373    -49.437    -49.241     -0.053     -0.196    -89.150    -89.110    -49.439    -49.386    -49.450    -49.254
    -76.000    -51.427    -51.371    -51.444    -51.246     -0.056     -0.198    -91.150    -91.110    -51.447    -51.392    -51.464    -51.266
    -78.000    -53.361    -53.309    -53.386    -53.188     -0.053     -0.198    -93.150    -93.110    -53.393    -53.340    -53.417    -53.219
    -80.000    -55.359    -55.303    -55.387    -55.185     -0.055     -0.203    -95.150    -95.110    -55.408    -55.354    -55.437    -55.235
    -82.000    -57.296    -57.241    -57.325    -57.126     -0.055     -0.200    -97.150    -97.110    -57.373    -57.320    -57.403    -57.204
    -84.000    -59.272    -59.217    -59.306    -59.098     -0.054     -0.209    -99.150    -99.110    -59.395    -59.342    -59.429    -59.222
    -86.000    -61.203    -61.142    -61.237    -61.039     -0.060     -0.197   -101.150   -101.110    -61.396    -61.339    -61.429    -61.235
    -88.000    -63.087    -63.036    -63.124    -62.917     -0.051     -0.207   -103.150   -103.110    -63.389    -63.343    -63.426    -63.222
    -90.000    -64.945    -64.877    -64.979    -64.771     -0.068     -0.208   -105.150   -105.110    -65.417    -65.356    -65.450    -65.247
    -92.000    -66.668    -66.609    -66.704    -66.504     -0.060     -0.200   -107.150   -107.110    -67.391    -67.344    -67.425    -67.234
    -94.000    -68.312    -68.248    -68.351    -68.141     -0.065     -0.210   -109.150   -109.110    -69.414    -69.367    -69.449    -69.251
    -96.000    -69.664    -69.598    -69.711    -69.477     -0.066     -0.234   -111.150   -111.110    -71.249    -71.211    -71.296    -71.069
    -98.000    -71.032    -70.947    -71.074    -70.847     -0.084     -0.226   -113.150   -113.110    -73.389    -73.336    -73.427    -73.219
   -100.000    -72.106    -72.010    -72.152    -71.910     -0.096     -0.242   -115.150   -115.110    -75.445    -75.387    -75.490    -75.259
   -102.000    -72.899    -72.793    -72.939    -72.709     -0.107     -0.231   -117.150   -117.110    -77.384    -77.317    -77.412    -77.219
   -104.000    -73.521    -73.424    -73.549    -73.328     -0.097     -0.221   -119.150   -119.110    -79.423    -79.417    -79.395    -79.261
   -106.000    -73.964    -73.835    -74.000    -73.762     -0.128     -0.238   -121.150   -121.110    -81.477    -81.352    -81.464    -81.288
   -108.000    -74.245    -74.146    -74.291    -74.054     -0.099     -0.237   -123.150   -123.110    -83.376    -83.495    -83.414    -83.283
   -110.000    -74.449    -74.330    -74.508    -74.244     -0.119     -0.264   -125.150   -125.110    -85.421    -85.411    -85.623    -85.215
   -112.000    -74.580    -74.474    -74.617    -74.379     -0.107     -0.237   -127.150   -127.110    -87.442    -87.758    -87.297    -87.308
   -114.000    -74.668    -74.538    -74.721    -74.449     -0.130     -0.273   -129.150   -129.110    -89.547    -89.380    -89.824    -88.929
   -116.000    -74.708    -74.605    -74.785    -74.521     -0.103     -0.265   -131.150   -131.110    -91.002    -92.122    -92.599    -91.605
   -118.000    -74.762    -74.642    -74.806    -74.562     -0.119     -0.244   -133.150   -133.110    -94.222    -95.030    -94.054    -94.486
   -120.000    -74.769    -74.649    -74.838    -74.572     -0.121     -0.266   -135.150   -135.110    -94.982    -95.779    -98.338    -95.561
   -122.000    -74.816    -74.674    -74.853    -74.602     -0.141     -0.251   -137.150   -137.110    -94.982   -101.967   -104.293   -104.529
   -124.000    -74.801    -74.677    -74.859    -74.581     -0.124     -0.278   -139.150   -139.110    -94.982   -103.569   -104.293    -96.937
   -126.000    -74.800    -74.678    -74.853    -74.601     -0.122     -0.252   -141.150   -141.110    -94.982   -104.921   -104.293   -103.563
   -128.000    -74.811    -74.684    -74.870    -74.609     -0.127     -0.261   -143.150   -143.110    -94.982   -104.921   -104.293   -103.563
   -130.000    -74.817    -74.687    -74.841    -74.599     -0.130     -0.242   -145.150   -145.110    -94.982   -104.921   -104.293   -103.563
   -132.000    -74.823    -74.698    -74.860    -74.621     -0.125     -0.239   -147.150   -147.110    -94.982   -104.921   -104.293   -103.563
   -134.000    -74.820    -74.691    -74.870    -74.618     -0.129     -0.251   -149.150   -149.110    -94.982   -104.921   -104.293   -103.563
   -136.000    -74.808    -74.686    -74.862    -74.618     -0.122     -0.244   -151.150   -151.110    -94.982   -104.921   -104.293   -103.563
   -138.000    -74.829    -74.688    -74.867    -74.637     -0.142     -0.230   -153.150   -153.110    -94.982   -104.921   -104.293   -103.563
   -140.000    -74.827    -74.695    -74.862    -74.613     -0.132     -0.249   -155.150   -155.110    -94.982   -104.921   -104.293   -103.563
