     14.000      6.774      8.067      6.527      6.592     -1.294     -0.065    -28.570    -28.670      6.774      8.067      6.527      6.592
     11.000      6.434      6.201      6.196      6.324      0.233     -0.128    -31.570    -31.670      6.434      6.201      6.196      6.324
      8.000      4.257      4.241      4.171      4.240      0.016     -0.068    -34.570    -34.670      4.257      4.241      4.171      4.240
      5.000      1.366      1.343      1.328      1.389      0.023     -0.061    -37.570    -37.670      1.366      1.343      1.328      1.389
      2.000     -1.589     -1.615     -1.595     -1.540      0.026     -0.055    -40.570    -40.670     -1.589     -1.615     -1.595     -1.540
     -1.000     -4.582     -4.609     -4.567     -4.512      0.028     -0.055    -43.570    -43.670     -4.582     -4.609     -4.567     -4.512
     -4.000     -7.597     -7.626     -7.570     -7.515      0.030     -0.055    -46.570    -46.670     -7.597     -7.626     -7.570     -7.515
     -7.000    -10.598    -10.627    -10.559    -10.507      0.029     -0.053    -49.570    -49.670    -10.598    -10.627    -10.559    -10.507
    -10.000    -13.604    -13.634    -13.555    -13.507      0.030     -0.048    -52.570    -52.670    -13.604    -13.634    -13.555    -13.507
    -13.000    -16.588    -16.619    -16.542    -16.487      0.031     -0.055    -55.570    -55.670    -16.588    -16.619    -16.542    -16.487
    -16.000    -19.595    -19.624    -19.548    -19.493      0.029     -0.055    -58.570    -58.670    -19.595    -19.624    -19.548    -19.493
    -19.000    -22.607    -22.636    -22.559    -22.503      0.029     -0.056    -61.570    -61.670    -22.607    -22.636    -22.559    -22.503
    -22.000    -25.605    -25.634    -25.556    -25.499      0.029     -0.056    -64.570    -64.670    -25.605    -25.634    -25.556    -25.499
    -25.000    -28.609    -28.636    -28.558    -28.502      0.028     -0.056    -67.570    -67.670    -28.609    -28.636    -28.558    -28.502
    -28.000    -31.603    -31.628    -31.552    -31.496      0.026     -0.056    -70.570    -70.670    -31.603    -31.628    -31.553    -31.497
    -31.000    -34.613    -34.637    -34.561    -34.505      0.024     -0.057    -73.570    -73.670    -34.614    -34.638    -34.562    -34.505
    -34.000    -37.620    -37.646    -37.568    -37.512      0.026     -0.056    -76.570    -76.670    -37.621    -37.646    -37.569    -37.512
    -37.000    -40.624    -40.645    -40.570    -40.511      0.021     -0.058    -79.570    -79.670    -40.625    -40.646    -40.571    -40.513
    -40.000    -43.618    -43.640    -43.568    -43.510      0.022     -0.058    -82.570    -82.670    -43.621    -43.643    -43.571    -43.513
    -43.000    -46.592    -46.617    -46.549    -46.491      0.025     -0.058    -85.570    -85.670    -46.598    -46.623    -46.555    -46.497
    -46.000    -49.599    -49.623    -49.564    -49.503      0.024     -0.061    -88.570    -88.670    -49.611    -49.635    -49.576    -49.514
    -49.000    -52.603    -52.627    -52.577    -52.516      0.024     -0.061    -91.570    -91.670    -52.626    -52.650    -52.601    -52.539
    -52.000    -55.575    -55.590    -55.550    -55.487      0.015     -0.064    -94.570    -94.670    -55.622    -55.636    -55.597    -55.532
    -55.000    -58.536    -58.569    -58.531    -58.454      0.033     -0.077    -97.570    -97.670    -58.630    -58.660    -58.625    -58.545
    -58.000    -61.443    -61.480    -61.439    -61.358      0.037     -0.081   -100.570   -100.670    -61.628    -61.661    -61.624    -61.538
    -61.000    -64.266    -64.302    -64.275    -64.187      0.037     -0.088   -103.570   -103.670    -64.628    -64.655    -64.638    -64.540
    -64.000    -66.946    -66.960    -66.931    -66.877      0.014     -0.054   -106.570   -106.670    -67.643    -67.635    -67.625    -67.557
    -67.000    -69.319    -69.387    -69.326    -69.265      0.068     -0.061   -109.570   -109.670    -70.604    -70.646    -70.612    -70.521
    -70.000    -71.360    -71.412    -71.358    -71.321      0.052     -0.037   -112.570   -112.670    -73.651    -73.640    -73.644    -73.563
    -73.000    -72.878    -72.962    -72.885    -72.838      0.084     -0.047   -115.570   -115.670    -76.660    -76.662    -76.669    -76.521
    -76.000    -73.909    -73.994    -73.915    -73.895      0.084     -0.020   -118.570   -118.670    -79.716    -79.635    -79.722    -79.570
    -79.000    -74.516    -74.638    -74.503    -74.518      0.122      0.014   -121.570   -121.670    -82.692    -82.690    -82.581    -82.523
    -82.000    -74.844    -74.985    -74.879    -74.877      0.141     -0.002   -124.570   -124.670    -85.518    -85.622    -85.878    -85.544
    -85.000    -75.043    -75.200    -75.047    -75.042      0.157     -0.005   -127.570   -127.670    -88.733    -89.185    -88.699    -88.030
    -88.000    -75.164    -75.281    -75.150    -75.166      0.116      0.016   -130.570   -130.670    -93.231    -91.859    -92.095    -91.596
    -91.000    -75.188    -75.337    -75.200    -75.213      0.150      0.013   -133.570   -133.670    -95.057    -95.751    -95.793    -94.398
    -94.000    -75.212    -75.342    -75.208    -75.238      0.130      0.030   -136.570   -136.670    -98.461    -96.337    -96.756    -97.115
    -97.000    -75.211    -75.352    -75.243    -75.228      0.141     -0.015   -139.570   -139.670    -98.261    -97.689    -96.756    -95.832
   -100.000    -75.229    -75.363    -75.221    -75.256      0.134      0.035   -142.570   -142.670   -106.057   -100.283    -96.756   -101.827
   -103.000    -75.239    -75.393    -75.226    -75.270      0.154      0.043   -145.570   -145.670   -106.057   -100.283    -96.756   -101.827
   -106.000    -75.220    -75.366    -75.232    -75.268      0.145      0.036   -148.570   -148.670   -106.057   -100.283    -96.756   -101.827
   -109.000    -75.223    -75.387    -75.238    -75.293      0.164      0.056   -151.570   -151.670   -106.057   -100.283    -96.756   -101.827
   -112.000    -75.240    -75.378    -75.255    -75.256      0.139      0.001   -154.570   -154.670   -106.057   -100.283    -96.756   -101.827
   -115.000    -75.228    -75.370    -75.258    -75.251      0.143     -0.006   -157.570   -157.670   -106.057   -100.283    -96.756   -101.827
   -118.000    -75.250    -75.383    -75.239    -75.267      0.133      0.028   -160.570   -160.670   -106.057   -100.283    -96.756   -101.827
