     20.000      8.528      6.796      6.896      7.004      1.732     -0.108    -22.570    -22.670      8.528      6.796      6.896      7.004
     17.000      8.528      6.795      6.860      6.947      1.733     -0.088    -25.570    -25.670      8.528      6.795      6.860      6.947
     14.000      6.568      9.142      6.449      6.496     -2.574     -0.047    -28.570    -28.670      6.568      9.142      6.449      6.496
     11.000      6.142      6.527      6.034      6.111     -0.384     -0.077    -31.570    -31.670      6.142      6.527      6.034      6.111
      8.000      3.879      4.210      3.779      4.187     -0.331     -0.408    -34.570    -34.670      3.879      4.210      3.779      4.187
      5.000      0.978      1.315      0.922      1.338     -0.337     -0.417    -37.570    -37.670      0.978      1.315      0.922      1.338
      2.000     -1.980     -1.640     -2.007     -1.589     -0.341     -0.418    -40.570    -40.670     -1.980     -1.640     -2.007     -1.589
     -1.000     -4.977     -4.636     -4.985     -4.563     -0.341     -0.422    -43.570    -43.670     -4.977     -4.636     -4.985     -4.563
     -4.000     -8.013     -7.672     -8.007     -7.585     -0.341     -0.422    -46.570    -46.670     -8.013     -7.672     -8.007     -7.585
     -7.000    -11.013    -10.678    -11.001    -10.577     -0.336     -0.424    -49.570    -49.670    -11.013    -10.678    -11.001    -10.577
    -10.000    -14.029    -13.691    -14.005    -13.584     -0.338     -0.420    -52.570    -52.670    -14.029    -13.691    -14.005    -13.584
    -13.000    -17.017    -16.678    -16.995    -16.572     -0.339     -0.424    -55.570    -55.670    -17.017    -16.678    -16.995    -16.572
    -16.000    -20.024    -19.684    -19.998    -19.574     -0.339     -0.424    -58.570    -58.670    -20.024    -19.684    -19.998    -19.574
    -19.000    -23.037    -22.695    -23.012    -22.589     -0.342     -0.423    -61.570    -61.670    -23.037    -22.695    -23.012    -22.589
    -22.000    -26.034    -25.693    -26.006    -25.583     -0.341     -0.422    -64.570    -64.670    -26.034    -25.693    -26.006    -25.583
    -25.000    -29.037    -28.695    -29.011    -28.588     -0.342     -0.423    -67.570    -67.670    -29.037    -28.695    -29.011    -28.588
    -28.000    -32.031    -31.689    -32.005    -31.581     -0.342     -0.424    -70.570    -70.670    -32.032    -31.689    -32.005    -31.581
    -31.000    -35.039    -34.698    -35.012    -34.590     -0.341     -0.422    -73.570    -73.670    -35.040    -34.699    -35.013    -34.590
    -34.000    -38.051    -37.707    -38.027    -37.604     -0.344     -0.423    -76.570    -76.670    -38.052    -37.708    -38.027    -37.605
    -37.000    -41.048    -40.700    -41.016    -40.594     -0.348     -0.422    -79.570    -79.670    -41.049    -40.702    -41.017    -40.596
    -40.000    -44.044    -43.694    -44.008    -43.586     -0.350     -0.422    -82.570    -82.670    -44.047    -43.697    -44.011    -43.589
    -43.000    -47.020    -46.672    -46.996    -46.569     -0.349     -0.426    -85.570    -85.670    -47.026    -46.678    -47.001    -46.575
    -46.000    -50.025    -49.682    -50.008    -49.587     -0.343     -0.421    -88.570    -88.670    -50.036    -49.693    -50.019    -49.599
    -49.000    -53.026    -52.683    -53.020    -52.600     -0.343     -0.420    -91.570    -91.670    -53.048    -52.706    -53.042    -52.624
    -52.000    -55.992    -55.647    -55.987    -55.567     -0.346     -0.420    -94.570    -94.670    -56.037    -55.694    -56.031    -55.614
    -55.000    -58.963    -58.618    -58.980    -58.542     -0.344     -0.438    -97.570    -97.670    -59.051    -58.712    -59.067    -58.636
    -58.000    -61.874    -61.533    -61.898    -61.451     -0.341     -0.446   -100.570   -100.670    -62.047    -61.717    -62.070    -61.636
    -61.000    -64.710    -64.348    -64.737    -64.280     -0.362     -0.457   -103.570   -103.670    -65.049    -64.708    -65.075    -64.642
    -64.000    -67.400    -67.026    -67.430    -66.937     -0.375     -0.493   -106.570   -106.670    -68.054    -67.719    -68.081    -67.630
    -67.000    -69.817    -69.423    -69.863    -69.358     -0.394     -0.505   -109.570   -109.670    -71.030    -70.709    -71.075    -70.652
    -70.000    -71.904    -71.449    -71.934    -71.371     -0.456     -0.562   -112.570   -112.670    -74.081    -73.731    -74.097    -73.659
    -73.000    -73.472    -72.976    -73.508    -72.904     -0.496     -0.604   -115.570   -115.670    -77.092    -76.756    -77.112    -76.700
    -76.000    -74.516    -74.013    -74.574    -73.910     -0.503     -0.665   -118.570   -118.670    -80.031    -79.827    -80.114    -79.669
    -79.000    -75.183    -74.621    -75.231    -74.552     -0.562     -0.679   -121.570   -121.670    -83.101    -82.819    -83.144    -82.838
    -82.000    -75.535    -74.976    -75.606    -74.889     -0.559     -0.717   -124.570   -124.670    -85.953    -85.995    -86.260    -85.870
    -85.000    -75.743    -75.151    -75.782    -75.066     -0.592     -0.715   -127.570   -127.670    -89.098    -89.004    -88.946    -88.903
    -88.000    -75.859    -75.253    -75.885    -75.167     -0.606     -0.719   -130.570   -130.670    -92.758    -92.601    -91.849    -92.391
    -91.000    -75.894    -75.298    -75.946    -75.195     -0.596     -0.751   -133.570   -133.670    -94.966    -96.124    -95.275    -94.201
    -94.000    -75.934    -75.328    -75.978    -75.232     -0.607     -0.745   -136.570   -136.670   -100.945   -103.909    -99.604    -99.198
    -97.000    -75.943    -75.328    -75.972    -75.261     -0.615     -0.711   -139.570   -139.670   -105.064   -103.836    -98.371    -99.198
   -100.000    -75.938    -75.363    -76.000    -75.259     -0.575     -0.741   -142.570   -142.670   -102.288   -103.836    -98.371    -99.198
   -103.000    -75.951    -75.348    -75.997    -75.267     -0.602     -0.730   -145.570   -145.670   -102.288   -103.836    -98.371    -99.198
   -106.000    -75.949    -75.349    -75.985    -75.270     -0.600     -0.715   -148.570   -148.670   -102.288   -103.836    -98.371    -99.198
   -109.000    -75.950    -75.334    -75.998    -75.255     -0.616     -0.743   -151.570   -151.670   -102.288   -103.836    -98.371    -99.198
   -112.000    -75.947    -75.339    -75.997    -75.250     -0.608     -0.747   -154.570   -154.670   -102.288   -103.836    -98.371    -99.198
   -115.000    -75.955    -75.337    -76.003    -75.272     -0.618     -0.731   -157.570   -157.670   -102.288   -103.836    -98.371    -99.198
   -118.000    -75.959    -75.350    -76.013    -75.253     -0.609     -0.761   -160.570   -160.670   -102.288   -103.836    -98.371    -99.198
   -121.000    -75.952    -75.339    -75.972    -75.258     -0.613     -0.713   -163.570   -163.670   -102.288   -103.836    -98.371    -99.198
   -124.000    -75.945    -75.333    -76.003    -75.241     -0.612     -0.761   -166.570   -166.670   -102.288   -103.836    -98.371    -99.198
   -127.000    -75.943    -75.339    -76.010    -75.245     -0.604     -0.765   -169.570   -169.670   -102.288   -103.836    -98.371    -99.198
   -130.000    -75.953    -75.323    -76.002    -75.254     -0.629     -0.748   -172.570   -172.670   -102.288   -103.836    -98.371    -99.198
