    -14.000      6.950      6.397      7.575      6.944      0.554      0.631    -29.710    -29.770      6.950      6.397      7.575      6.943
    -16.000      5.877      6.074      5.738      6.204     -0.197     -0.466    -31.710    -31.770      5.876      6.074      5.738      6.204
    -18.000      4.144      4.523      4.051      4.538     -0.379     -0.487    -33.710    -33.770      4.144      4.523      4.051      4.538
    -20.000      2.249      2.637      2.189      2.687     -0.388     -0.498    -35.710    -35.770      2.249      2.637      2.189      2.687
    -22.000      0.307      0.698      0.269      0.773     -0.391     -0.504    -37.710    -37.770      0.307      0.698      0.269      0.773
    -24.000     -1.593     -1.201     -1.615     -1.107     -0.393     -0.508    -39.710    -39.770     -1.593     -1.201     -1.615     -1.107
    -26.000     -3.585     -3.193     -3.592     -3.083     -0.392     -0.509    -41.710    -41.770     -3.585     -3.193     -3.592     -3.083
    -28.000     -5.591     -5.198     -5.588     -5.077     -0.394     -0.511    -43.710    -43.770     -5.591     -5.198     -5.588     -5.077
    -30.000     -7.550     -7.156     -7.538     -7.026     -0.394     -0.513    -45.710    -45.770     -7.550     -7.156     -7.539     -7.026
    -32.000     -9.569     -9.176     -9.554     -9.039     -0.393     -0.515    -47.710    -47.770     -9.570     -9.176     -9.554     -9.039
    -34.000    -11.527    -11.134    -11.505    -10.995     -0.393     -0.511    -49.710    -49.770    -11.527    -11.135    -11.505    -10.995
    -36.000    -13.550    -13.159    -13.524    -13.015     -0.390     -0.510    -51.710    -51.770    -13.550    -13.159    -13.525    -13.015
    -38.000    -15.502    -15.112    -15.477    -14.956     -0.389     -0.521    -53.710    -53.770    -15.502    -15.112    -15.477    -14.956
    -40.000    -17.522    -17.124    -17.486    -16.975     -0.398     -0.511    -55.710    -55.770    -17.522    -17.124    -17.486    -16.975
    -42.000    -19.541    -19.145    -19.508    -18.996     -0.396     -0.512    -57.710    -57.770    -19.541    -19.145    -19.508    -18.996
    -44.000    -21.511    -21.123    -21.482    -20.969     -0.388     -0.513    -59.710    -59.770    -21.511    -21.123    -21.482    -20.969
    -46.000    -23.512    -23.117    -23.476    -22.962     -0.396     -0.514    -61.710    -61.770    -23.512    -23.117    -23.476    -22.962
    -48.000    -25.465    -25.070    -25.428    -24.916     -0.395     -0.511    -63.710    -63.770    -25.466    -25.070    -25.428    -24.917
    -50.000    -27.488    -27.092    -27.454    -26.937     -0.396     -0.517    -65.710    -65.770    -27.488    -27.092    -27.454    -26.937
    -52.000    -29.507    -29.111    -29.470    -28.955     -0.395     -0.515    -67.710    -67.770    -29.507    -29.112    -29.470    -28.955
    -54.000    -31.526    -31.130    -31.491    -30.978     -0.397     -0.513    -69.710    -69.770    -31.526    -31.130    -31.491    -30.978
    -56.000    -33.545    -33.150    -33.510    -33.028     -0.395     -0.482    -71.710    -71.770    -33.545    -33.150    -33.510    -33.028
    -58.000    -35.488    -35.092    -35.456    -34.931     -0.396     -0.524    -73.710    -73.770    -35.488    -35.092    -35.456    -34.932
    -60.000    -37.508    -37.116    -37.474    -36.961     -0.392     -0.512    -75.710    -75.770    -37.508    -37.117    -37.474    -36.962
    -62.000    -39.525    -39.131    -39.492    -38.979     -0.394     -0.513    -77.710    -77.770    -39.526    -39.132    -39.493    -38.980
    -64.000    -41.461    -41.069    -41.432    -40.917     -0.392     -0.515    -79.710    -79.770    -41.463    -41.070    -41.433    -40.918
    -66.000    -43.485    -43.089    -43.458    -42.932     -0.396     -0.526    -81.710    -81.770    -43.487    -43.092    -43.460    -42.935
    -68.000    -45.426    -45.037    -45.406    -44.884     -0.389     -0.521    -83.710    -83.770    -45.430    -45.041    -45.410    -44.889
    -70.000    -47.438    -47.052    -47.422    -46.899     -0.385     -0.523    -85.710    -85.770    -47.444    -47.059    -47.428    -46.906
    -72.000    -49.444    -49.061    -49.433    -48.909     -0.383     -0.524    -87.710    -87.770    -49.455    -49.072    -49.443    -48.919
    -74.000    -51.396    -51.015    -51.391    -50.864     -0.381     -0.528    -89.710    -89.770    -51.412    -51.032    -51.407    -50.880
    -76.000    -53.394    -53.019    -53.398    -52.868     -0.375     -0.530    -91.710    -91.770    -53.420    -53.045    -53.423    -52.893
    -78.000    -55.321    -54.942    -55.325    -54.796     -0.379     -0.529    -93.710    -93.770    -55.361    -54.983    -55.364    -54.836
    -80.000    -57.315    -56.937    -57.324    -56.790     -0.378     -0.533    -95.710    -95.770    -57.377    -57.002    -57.387    -56.854
    -82.000    -59.241    -58.859    -59.243    -58.715     -0.382     -0.528    -97.710    -97.770    -59.339    -58.960    -59.341    -58.815
    -84.000    -61.205    -60.821    -61.213    -60.684     -0.385     -0.530    -99.710    -99.770    -61.361    -60.981    -61.369    -60.842
    -86.000    -63.121    -62.736    -63.126    -62.599     -0.386     -0.526   -101.710   -101.770    -63.365    -62.987    -63.370    -62.849
    -88.000    -64.966    -64.580    -64.970    -64.444     -0.386     -0.526   -103.710   -103.770    -65.345    -64.971    -65.348    -64.831
    -90.000    -66.784    -66.380    -66.789    -66.256     -0.404     -0.533   -105.710   -105.770    -67.375    -66.986    -67.379    -66.858
    -92.000    -68.477    -68.068    -68.480    -67.934     -0.409     -0.546   -107.710   -107.770    -69.380    -68.995    -69.381    -68.852
    -94.000    -70.032    -69.617    -70.044    -69.490     -0.414     -0.554   -109.710   -109.770    -71.391    -71.012    -71.403    -70.873
    -96.000    -71.355    -70.913    -71.362    -70.817     -0.442     -0.545   -111.710   -111.770    -73.323    -72.920    -73.326    -72.824
    -98.000    -72.533    -72.087    -72.548    -71.988     -0.446     -0.560   -113.710   -113.770    -75.356    -74.969    -75.372    -74.867
   -100.000    -73.469    -73.012    -73.478    -72.886     -0.457     -0.592   -115.710   -115.770    -77.373    -76.993    -77.375    -76.822
   -102.000    -74.153    -73.688    -74.180    -73.584     -0.466     -0.596   -117.710   -117.770    -79.299    -78.934    -79.352    -78.811
   -104.000    -74.687    -74.198    -74.706    -74.097     -0.490     -0.609   -119.710   -119.770    -81.365    -80.946    -81.395    -80.826
   -106.000    -75.056    -74.563    -75.067    -74.470     -0.494     -0.597   -121.710   -121.770    -83.434    -83.032    -83.422    -82.960
   -108.000    -75.301    -74.806    -75.292    -74.702     -0.495     -0.590   -123.710   -123.770    -85.486    -85.130    -85.261    -84.947
   -110.000    -75.454    -74.945    -75.477    -74.861     -0.509     -0.616   -125.710   -125.770    -87.437    -86.931    -87.591    -87.027
   -112.000    -75.577    -75.046    -75.568    -74.956     -0.531     -0.612   -127.710   -127.770    -89.954    -88.885    -89.375    -88.928
   -114.000    -75.619    -75.122    -75.637    -75.033     -0.496     -0.604   -129.710   -129.770    -91.276    -91.263    -91.416    -91.431
   -116.000    -75.676    -75.152    -75.695    -75.062     -0.524     -0.633   -131.710   -131.770    -94.120    -92.679    -94.443    -92.920
   -118.000    -75.709    -75.188    -75.735    -75.100     -0.521     -0.635   -133.710   -133.770    -97.420    -95.413    -99.538    -96.296
   -120.000    -75.710    -75.204    -75.730    -75.119     -0.505     -0.611   -135.710   -135.770    -97.510    -97.645    -98.478    -99.981
   -122.000    -75.728    -75.225    -75.731    -75.109     -0.503     -0.621   -137.710   -137.770   -101.988   -105.243    -98.611    -97.679
   -124.000    -75.722    -75.226    -75.740    -75.118     -0.495     -0.622   -139.710   -139.770    -99.858   -107.248   -100.909    -99.517
   -126.000    -75.740    -75.246    -75.754    -75.140     -0.494     -0.614   -141.710   -141.770    -99.858   -107.248   -100.909    -99.517
   -128.000    -75.731    -75.221    -75.743    -75.143     -0.510     -0.600   -143.710   -143.770    -99.858   -107.248   -100.909    -99.517
   -130.000    -75.752    -75.226    -75.766    -75.142     -0.526     -0.624   -145.710   -145.770    -99.858   -107.248   -100.909    -99.517
   -132.000    -75.740    -75.242    -75.772    -75.141     -0.498     -0.631   -147.710   -147.770    -99.858   -107.248   -100.909    -99.517
   -134.000    -75.741    -75.222    -75.749    -75.151     -0.519     -0.598   -149.710   -149.770    -99.858   -107.248   -100.909    -99.517
   -136.000    -75.745    -75.228    -75.771    -75.126     -0.517     -0.645   -151.710   -151.770    -99.858   -107.248   -100.909    -99.517
   -138.000    -75.752    -75.228    -75.761    -75.134     -0.525     -0.627   -153.710   -153.770    -99.858   -107.248   -100.909    -99.517
   -140.000    -75.760    -75.251    -75.765    -75.144     -0.509     -0.621   -155.710   -155.770    -99.858   -107.248   -100.909    -99.517
