     14.000      8.930      6.776      8.989      8.952      2.154      0.037    -28.570    -28.670      8.930      6.776      8.989      8.952
     11.000      7.639      6.562      7.243      7.428      1.077     -0.185    -31.570    -31.670      7.639      6.562      7.243      7.428
      8.000      4.231      4.197      4.138      4.207      0.033     -0.068    -34.570    -34.670      4.231      4.197      4.138      4.207
      5.000      1.339      1.298      1.294      1.355      0.041     -0.061    -37.570    -37.670      1.339      1.298      1.294      1.355
      2.000     -1.614     -1.660     -1.628     -1.572      0.046     -0.056    -40.570    -40.670     -1.614     -1.660     -1.628     -1.572
     -1.000     -4.610     -4.655     -4.602     -4.549      0.045     -0.053    -43.570    -43.670     -4.610     -4.655     -4.602     -4.549
     -4.000     -7.625     -7.671     -7.605     -7.551      0.046     -0.054    -46.570    -46.670     -7.625     -7.671     -7.605     -7.551
     -7.000    -10.628    -10.670    -10.592    -10.544      0.042     -0.048    -49.570    -49.670    -10.628    -10.670    -10.592    -10.544
    -10.000    -13.635    -13.676    -13.591    -13.543      0.041     -0.048    -52.570    -52.670    -13.635    -13.676    -13.591    -13.543
    -13.000    -16.619    -16.660    -16.572    -16.525      0.040     -0.048    -55.570    -55.670    -16.619    -16.660    -16.572    -16.525
    -16.000    -19.627    -19.667    -19.579    -19.532      0.040     -0.047    -58.570    -58.670    -19.627    -19.667    -19.579    -19.532
    -19.000    -22.636    -22.678    -22.588    -22.540      0.042     -0.049    -61.570    -61.670    -22.636    -22.678    -22.588    -22.540
    -22.000    -25.634    -25.675    -25.581    -25.535      0.041     -0.046    -64.570    -64.670    -25.634    -25.675    -25.581    -25.535
    -25.000    -28.635    -28.677    -28.583    -28.536      0.042     -0.047    -67.570    -67.670    -28.635    -28.677    -28.583    -28.536
    -28.000    -31.628    -31.668    -31.575    -31.529      0.040     -0.046    -70.570    -70.670    -31.628    -31.668    -31.575    -31.529
    -31.000    -34.635    -34.681    -34.585    -34.537      0.045     -0.048    -73.570    -73.670    -34.636    -34.681    -34.586    -34.537
    -34.000    -37.643    -37.690    -37.592    -37.543      0.046     -0.050    -76.570    -76.670    -37.644    -37.690    -37.593    -37.543
    -37.000    -40.636    -40.694    -40.585    -40.535      0.059     -0.050    -79.570    -79.670    -40.637    -40.696    -40.586    -40.536
    -40.000    -43.629    -43.688    -43.585    -43.532      0.060     -0.053    -82.570    -82.670    -43.632    -43.691    -43.588    -43.535
    -43.000    -46.604    -46.659    -46.566    -46.514      0.055     -0.052    -85.570    -85.670    -46.610    -46.665    -46.571    -46.519
    -46.000    -49.617    -49.669    -49.588    -49.533      0.052     -0.055    -88.570    -88.670    -49.629    -49.681    -49.600    -49.544
    -49.000    -52.615    -52.671    -52.601    -52.541      0.056     -0.059    -91.570    -91.670    -52.639    -52.695    -52.624    -52.565
    -52.000    -55.581    -55.641    -55.573    -55.512      0.060     -0.062    -94.570    -94.670    -55.628    -55.687    -55.621    -55.558
    -55.000    -58.528    -58.601    -58.529    -58.475      0.073     -0.054    -97.570    -97.670    -58.622    -58.694    -58.623    -58.566
    -58.000    -61.426    -61.504    -61.432    -61.376      0.079     -0.056   -100.570   -100.670    -61.611    -61.686    -61.617    -61.557
    -61.000    -64.245    -64.338    -64.240    -64.206      0.093     -0.034   -103.570   -103.670    -64.605    -64.694    -64.600    -64.560
    -64.000    -66.897    -67.004    -66.893    -66.891      0.107     -0.002   -106.570   -106.670    -67.587    -67.688    -67.581    -67.572
    -67.000    -69.278    -69.426    -69.293    -69.301      0.149      0.008   -109.570   -109.670    -70.551    -70.702    -70.569    -70.567
    -70.000    -71.323    -71.474    -71.314    -71.340      0.151      0.026   -112.570   -112.670    -73.592    -73.749    -73.573    -73.590
    -73.000    -72.836    -72.978    -72.854    -72.872      0.142      0.018   -115.570   -115.670    -76.567    -76.709    -76.602    -76.592
    -76.000    -73.845    -74.025    -73.832    -73.902      0.180      0.070   -118.570   -118.670    -79.487    -79.767    -79.425    -79.576
    -79.000    -74.447    -74.654    -74.498    -74.545      0.207      0.047   -121.570   -121.670    -82.281    -82.830    -82.573    -82.662
    -82.000    -74.834    -74.983    -74.834    -74.874      0.150      0.040   -124.570   -124.670    -85.444    -85.673    -85.390    -85.439
    -85.000    -74.994    -75.178    -75.012    -75.073      0.184      0.061   -127.570   -127.670    -87.787    -88.807    -88.045    -88.542
    -88.000    -75.121    -75.291    -75.141    -75.175      0.170      0.034   -130.570   -130.670    -91.227    -92.668    -91.902    -91.704
    -91.000    -75.140    -75.320    -75.161    -75.194      0.181      0.033   -133.570   -133.670    -92.082    -94.689    -92.937    -92.618
    -94.000    -75.179    -75.346    -75.195    -75.253      0.167      0.058   -136.570   -136.670    -94.647    -97.798    -95.655    -98.598
    -97.000    -75.209    -75.368    -75.228    -75.263      0.159      0.036   -139.570   -139.670    -98.698   -107.837   -103.597   -101.865
   -100.000    -75.222    -75.365    -75.233    -75.261      0.142      0.029   -142.570   -142.670   -103.700   -103.817   -110.930   -101.032
   -103.000    -75.233    -75.379    -75.229    -75.267      0.146      0.038   -145.570   -145.670   -103.700   -103.817   -105.149   -104.055
   -106.000    -75.221    -75.355    -75.216    -75.291      0.134      0.076   -148.570   -148.670   -103.700   -103.817    -98.963   -104.055
   -109.000    -75.237    -75.372    -75.242    -75.293      0.135      0.051   -151.570   -151.670   -103.700   -103.817    -98.963   -104.055
   -112.000    -75.227    -75.370    -75.255    -75.247      0.143     -0.009   -154.570   -154.670   -103.700   -103.817    -98.963   -104.055
   -115.000    -75.226    -75.381    -75.219    -75.266      0.155      0.047   -157.570   -157.670   -103.700   -103.817    -98.963   -104.055
   -118.000    -75.232    -75.373    -75.243    -75.285      0.141      0.042   -160.570   -160.670   -103.700   -103.817    -98.963   -104.055
