     14.000      8.925      9.131      8.666      6.517     -0.206      2.150    -28.570    -28.670      8.925      9.131      8.666      6.517
     11.000      4.952      6.421      4.826      6.153     -1.469     -1.327    -31.570    -31.670      4.952      6.421      4.826      6.153
      8.000      2.106      4.257      2.036      4.261     -2.151     -2.225    -34.570    -34.670      2.106      4.257      2.036      4.261
      5.000     -0.845      1.357     -0.883      1.408     -2.201     -2.291    -37.570    -37.670     -0.845      1.357     -0.883      1.408
      2.000     -3.828     -1.603     -3.843     -1.521     -2.225     -2.322    -40.570    -40.670     -3.828     -1.603     -3.843     -1.521
     -1.000     -6.835     -4.598     -6.836     -4.496     -2.237     -2.341    -43.570    -43.670     -6.835     -4.598     -6.836     -4.496
     -4.000     -9.861     -7.617     -9.851     -7.500     -2.245     -2.351    -46.570    -46.670     -9.861     -7.617     -9.851     -7.500
     -7.000    -12.870    -10.620    -12.850    -10.491     -2.249     -2.360    -49.570    -49.670    -12.870    -10.620    -12.850    -10.491
    -10.000    -15.857    -13.627    -15.834    -13.492     -2.230     -2.341    -52.570    -52.670    -15.857    -13.627    -15.834    -13.492
    -13.000    -18.857    -16.614    -18.832    -16.473     -2.243     -2.359    -55.570    -55.670    -18.857    -16.614    -18.832    -16.473
    -16.000    -21.860    -19.620    -21.839    -19.481     -2.240     -2.358    -58.570    -58.670    -21.860    -19.620    -21.839    -19.481
    -19.000    -24.871    -22.633    -24.842    -22.492     -2.237     -2.350    -61.570    -61.670    -24.871    -22.633    -24.842    -22.492
    -22.000    -27.872    -25.631    -27.844    -25.489     -2.240     -2.355    -64.570    -64.670    -27.872    -25.632    -27.844    -25.489
    -25.000    -30.876    -28.636    -30.849    -28.495     -2.240     -2.355    -67.570    -67.670    -30.876    -28.636    -30.849    -28.495
    -28.000    -33.869    -31.629    -33.843    -31.488     -2.240     -2.355    -70.570    -70.670    -33.870    -31.630    -33.844    -31.489
    -31.000    -36.886    -34.640    -36.856    -34.498     -2.246     -2.358    -73.570    -73.670    -36.887    -34.640    -36.856    -34.499
    -34.000    -39.884    -37.650    -39.853    -37.505     -2.234     -2.349    -76.570    -76.670    -39.885    -37.651    -39.854    -37.505
    -37.000    -42.882    -40.649    -42.856    -40.506     -2.232     -2.350    -79.570    -79.670    -42.883    -40.651    -42.858    -40.507
    -40.000    -45.874    -43.647    -45.852    -43.503     -2.226     -2.349    -82.570    -82.670    -45.877    -43.650    -45.855    -43.506
    -43.000    -48.849    -46.626    -48.833    -46.486     -2.222     -2.347    -85.570    -85.670    -48.855    -46.632    -48.839    -46.492
    -46.000    -51.855    -49.633    -51.850    -49.498     -2.222     -2.353    -88.570    -88.670    -51.868    -49.645    -51.863    -49.509
    -49.000    -54.863    -52.636    -54.860    -52.509     -2.227     -2.351    -91.570    -91.670    -54.889    -52.659    -54.886    -52.532
    -52.000    -57.839    -55.603    -57.841    -55.475     -2.237     -2.365    -94.570    -94.670    -57.891    -55.649    -57.892    -55.521
    -55.000    -60.813    -58.574    -60.824    -58.443     -2.239     -2.381    -97.570    -97.670    -60.915    -58.666    -60.927    -58.535
    -58.000    -63.725    -61.482    -63.743    -61.351     -2.244     -2.392   -100.570   -100.670    -63.928    -61.662    -63.945    -61.531
    -61.000    -66.546    -64.315    -66.550    -64.190     -2.231     -2.360   -103.570   -103.670    -66.943    -64.669    -66.945    -64.544
    -64.000    -69.199    -66.992    -69.205    -66.859     -2.207     -2.345   -106.570   -106.670    -69.962    -67.672    -69.963    -67.538
    -67.000    -71.547    -69.398    -71.558    -69.256     -2.148     -2.303   -109.570   -109.670    -72.952    -70.661    -72.959    -70.513
    -70.000    -73.494    -71.430    -73.553    -71.325     -2.064     -2.228   -112.570   -112.670    -75.958    -73.669    -76.043    -73.579
    -73.000    -74.957    -73.003    -75.004    -72.876     -1.954     -2.128   -115.570   -115.670    -79.005    -76.757    -79.087    -76.629
    -76.000    -75.936    -73.998    -75.975    -73.896     -1.938     -2.079   -118.570   -118.670    -82.127    -79.645    -82.213    -79.611
    -79.000    -76.490    -74.646    -76.531    -74.496     -1.844     -2.035   -121.570   -121.670    -85.121    -82.732    -85.271    -82.458
    -82.000    -76.812    -74.996    -76.801    -74.862     -1.816     -1.939   -124.570   -124.670    -88.319    -85.730    -87.866    -85.515
    -85.000    -76.987    -75.177    -77.002    -75.101     -1.810     -1.900   -127.570   -127.670    -91.886    -88.599    -91.621    -89.761
    -88.000    -77.062    -75.279    -77.073    -75.177     -1.783     -1.896   -130.570   -130.670    -95.125    -91.692    -94.397    -92.819
    -91.000    -77.106    -75.331    -77.102    -75.180     -1.775     -1.922   -133.570   -133.670    -99.690    -94.904    -96.325    -92.983
    -94.000    -77.114    -75.343    -77.140    -75.242     -1.771     -1.898   -136.570   -136.670   -101.404    -96.145   -101.941   -101.447
    -97.000    -77.104    -75.365    -77.131    -75.242     -1.739     -1.889   -139.570   -139.670    -99.343   -100.270    -99.858   -101.313
   -100.000    -77.126    -75.385    -77.167    -75.254     -1.741     -1.914   -142.570   -142.670   -107.265   -100.270    -99.858   -101.313
   -103.000    -77.125    -75.354    -77.155    -75.262     -1.771     -1.893   -145.570   -145.670   -106.054   -100.270    -99.858   -101.313
   -106.000    -77.138    -75.356    -77.151    -75.252     -1.782     -1.898   -148.570   -148.670   -106.054   -100.270    -99.858   -101.313
   -109.000    -77.120    -75.368    -77.138    -75.251     -1.752     -1.887   -151.570   -151.670   -106.054   -100.270    -99.858   -101.313
   -112.000    -77.117    -75.401    -77.156    -75.240     -1.717     -1.916   -154.570   -154.670   -106.054   -100.270    -99.858   -101.313
   -115.000    -77.132    -75.396    -77.151    -75.249     -1.736     -1.901   -157.570   -157.670   -106.054   -100.270    -99.858   -101.313
   -118.000    -77.153    -75.395    -77.163    -75.259     -1.759     -1.903   -160.570   -160.670   -106.054   -100.270    -99.858   -101.313
