    -14.000      7.877      8.415      7.089      6.400     -0.538      0.689    -29.710    -29.770      7.877      8.415      7.089      6.400
    -16.000      5.855      6.281      5.716      6.079     -0.427     -0.362    -31.710    -31.770      5.855      6.281      5.716      6.079
    -18.000      4.120      4.504      4.029      4.520     -0.383     -0.491    -33.710    -33.770      4.120      4.504      4.029      4.520
    -20.000      2.226      2.617      2.167      2.668     -0.392     -0.502    -35.710    -35.770      2.226      2.617      2.167      2.668
    -22.000      0.283      0.678      0.247      0.753     -0.395     -0.506    -37.710    -37.770      0.283      0.678      0.247      0.753
    -24.000     -1.616     -1.220     -1.633     -1.126     -0.396     -0.507    -39.710    -39.770     -1.616     -1.220     -1.633     -1.126
    -26.000     -2.531     -2.141     -2.550     -2.034     -0.390     -0.516    -41.710    -41.770     -2.531     -2.141     -2.550     -2.034
    -28.000     -5.614     -5.215     -5.608     -5.096     -0.399     -0.512    -43.710    -43.770     -5.614     -5.215     -5.608     -5.096
    -30.000     -7.575     -7.174     -7.560     -7.047     -0.400     -0.512    -45.710    -45.770     -7.575     -7.174     -7.560     -7.047
    -32.000     -9.593     -9.193     -9.569     -9.059     -0.400     -0.511    -47.710    -47.770     -9.593     -9.193     -9.570     -9.059
    -34.000    -11.556    -11.157    -11.529    -11.012     -0.400     -0.518    -49.710    -49.770    -11.556    -11.157    -11.529    -11.012
    -36.000    -13.578    -13.176    -13.547    -13.029     -0.402     -0.518    -51.710    -51.770    -13.578    -13.176    -13.547    -13.029
    -38.000    -15.522    -15.127    -15.485    -14.979     -0.395     -0.506    -53.710    -53.770    -15.522    -15.127    -15.485    -14.980
    -40.000    -17.543    -17.146    -17.509    -16.996     -0.396     -0.512    -55.710    -55.770    -17.543    -17.146    -17.509    -16.996
    -42.000    -19.564    -19.168    -19.530    -19.014     -0.396     -0.515    -57.710    -57.770    -19.564    -19.168    -19.530    -19.014
    -44.000    -21.533    -21.135    -21.500    -20.985     -0.399     -0.515    -59.710    -59.770    -21.533    -21.135    -21.500    -20.985
    -46.000    -23.533    -23.136    -23.488    -22.985     -0.398     -0.502    -61.710    -61.770    -23.533    -23.136    -23.488    -22.986
    -48.000    -25.484    -25.091    -25.446    -24.944     -0.394     -0.502    -63.710    -63.770    -25.484    -25.091    -25.446    -24.944
    -50.000    -27.506    -27.110    -27.467    -26.959     -0.395     -0.509    -65.710    -65.770    -27.506    -27.110    -27.467    -26.959
    -52.000    -29.524    -29.130    -29.487    -28.978     -0.394     -0.509    -67.710    -67.770    -29.524    -29.130    -29.487    -28.978
    -54.000    -31.546    -31.151    -31.509    -30.994     -0.395     -0.515    -69.710    -69.770    -31.546    -31.151    -31.509    -30.994
    -56.000    -33.566    -33.169    -33.538    -33.013     -0.397     -0.525    -71.710    -71.770    -33.566    -33.169    -33.538    -33.013
    -58.000    -35.508    -35.117    -35.470    -34.954     -0.391     -0.516    -73.710    -73.770    -35.508    -35.117    -35.471    -34.954
    -60.000    -37.529    -37.134    -37.493    -36.977     -0.395     -0.517    -75.710    -75.770    -37.530    -37.135    -37.494    -36.977
    -62.000    -39.550    -39.152    -39.511    -38.992     -0.398     -0.518    -77.710    -77.770    -39.552    -39.153    -39.512    -38.993
    -64.000    -41.495    -41.095    -41.451    -40.931     -0.400     -0.521    -79.710    -79.770    -41.497    -41.097    -41.453    -40.932
    -66.000    -43.514    -43.117    -43.467    -42.953     -0.398     -0.515    -81.710    -81.770    -43.517    -43.119    -43.470    -42.955
    -68.000    -45.461    -45.058    -45.422    -44.904     -0.403     -0.518    -83.710    -83.770    -45.465    -45.062    -45.426    -44.908
    -70.000    -47.470    -47.069    -47.436    -46.920     -0.401     -0.517    -85.710    -85.770    -47.476    -47.075    -47.443    -46.926
    -72.000    -49.474    -49.073    -49.447    -48.934     -0.401     -0.513    -87.710    -87.770    -49.484    -49.084    -49.457    -48.944
    -74.000    -50.435    -50.038    -50.412    -49.898     -0.396     -0.515    -89.710    -89.770    -50.448    -50.052    -50.425    -49.911
    -76.000    -53.424    -53.023    -53.404    -52.895     -0.401     -0.509    -91.710    -91.770    -53.450    -53.049    -53.430    -52.921
    -78.000    -55.350    -54.947    -55.338    -54.826     -0.403     -0.512    -93.710    -93.770    -55.390    -54.988    -55.377    -54.867
    -80.000    -57.346    -56.938    -57.333    -56.823     -0.408     -0.511    -95.710    -95.770    -57.410    -57.003    -57.396    -56.887
    -82.000    -59.269    -58.861    -59.262    -58.747     -0.408     -0.514    -97.710    -97.770    -59.368    -58.963    -59.360    -58.848
    -84.000    -61.237    -60.832    -61.226    -60.714     -0.405     -0.513    -99.710    -99.770    -61.394    -60.993    -61.382    -60.873
    -86.000    -63.157    -62.739    -63.140    -62.627     -0.417     -0.513   -101.710   -101.770    -63.403    -62.991    -63.384    -62.878
    -88.000    -65.001    -64.594    -64.994    -64.476     -0.407     -0.518   -103.710   -103.770    -65.384    -64.987    -65.374    -64.866
    -90.000    -66.814    -66.401    -66.811    -66.285     -0.413     -0.526   -105.710   -105.770    -67.409    -67.011    -67.403    -66.891
    -92.000    -68.484    -68.080    -68.503    -67.944     -0.404     -0.559   -107.710   -107.770    -69.388    -69.011    -69.408    -68.863
    -94.000    -70.039    -69.631    -70.053    -69.504     -0.409     -0.549   -109.710   -109.770    -71.398    -71.031    -71.412    -70.891
    -96.000    -71.375    -70.952    -71.393    -70.846     -0.423     -0.547   -111.710   -111.770    -73.350    -72.984    -73.371    -72.869
    -98.000    -72.553    -72.092    -72.563    -71.993     -0.461     -0.571   -113.710   -113.770    -75.388    -74.982    -75.396    -74.874
   -100.000    -73.498    -73.034    -73.492    -72.912     -0.465     -0.580   -115.710   -115.770    -77.434    -77.052    -77.400    -76.884
   -102.000    -74.164    -73.708    -74.181    -73.603     -0.456     -0.579   -117.710   -117.770    -79.314    -79.010    -79.343    -78.869
   -104.000    -74.679    -74.198    -74.703    -74.094     -0.481     -0.609   -119.710   -119.770    -81.297    -80.958    -81.361    -80.804
   -106.000    -75.047    -74.568    -75.071    -74.463     -0.479     -0.608   -121.710   -121.770    -83.321    -83.085    -83.410    -82.894
   -108.000    -75.286    -74.808    -75.317    -74.689     -0.479     -0.628   -123.710   -123.770    -85.263    -85.174    -85.460    -84.788
   -110.000    -75.464    -74.942    -75.463    -74.850     -0.523     -0.613   -125.710   -125.770    -87.473    -86.917    -87.268    -86.814
   -112.000    -75.568    -75.061    -75.581    -74.947     -0.507     -0.634   -127.710   -127.770    -89.520    -89.349    -89.536    -88.654
   -114.000    -75.635    -75.121    -75.651    -75.031     -0.513     -0.620   -129.710   -129.770    -91.574    -91.343    -91.748    -91.265
   -116.000    -75.675    -75.161    -75.686    -75.076     -0.514     -0.611   -131.710   -131.770    -93.524    -93.441    -93.461    -93.693
   -118.000    -75.695    -75.187    -75.710    -75.097     -0.508     -0.613   -133.710   -133.770    -94.959    -95.627    -95.165    -95.626
   -120.000    -75.721    -75.201    -75.727    -75.111     -0.520     -0.616   -135.710   -135.770    -98.021    -97.505    -97.014    -97.518
   -122.000    -75.735    -75.216    -75.762    -75.125     -0.518     -0.636   -137.710   -137.770   -101.418   -101.722    -97.014   -101.372
   -124.000    -75.750    -75.245    -75.750    -75.134     -0.505     -0.616   -139.710   -139.770   -101.418   -101.722    -97.014   -110.309
   -126.000    -75.747    -75.226    -75.755    -75.123     -0.522     -0.632   -141.710   -141.770   -101.418   -101.722    -97.014   -100.601
   -128.000    -75.749    -75.198    -75.760    -75.126     -0.551     -0.634   -143.710   -143.770   -101.418   -101.722    -97.014   -101.815
   -130.000    -75.746    -75.223    -75.764    -75.149     -0.523     -0.615   -145.710   -145.770   -101.418   -101.722    -97.014   -101.815
   -132.000    -75.757    -75.238    -75.773    -75.140     -0.519     -0.633   -147.710   -147.770   -101.418   -101.722    -97.014   -101.815
   -134.000    -75.753    -75.225    -75.752    -75.149     -0.528     -0.604   -149.710   -149.770   -101.418   -101.722    -97.014   -101.815
   -136.000    -75.758    -75.224    -75.760    -75.145     -0.535     -0.615   -151.710   -151.770   -101.418   -101.722    -97.014   -101.815
   -138.000    -75.754    -75.258    -75.768    -75.143     -0.496     -0.625   -153.710   -153.770   -101.418   -101.722    -97.014   -101.815
   -140.000    -75.741    -75.234    -75.782    -75.147     -0.507     -0.634   -155.710   -155.770   -101.418   -101.722    -97.014   -101.815
