    -14.000      8.627      7.034      8.824      6.554      1.593      2.270    -29.710    -29.770      8.627      7.034      8.824      6.554
    -16.000      6.997      6.512      6.728      6.202      0.485      0.527    -31.710    -31.770      6.997      6.512      6.728      6.202
    -18.000      4.978      5.337      4.857      5.290     -0.359     -0.433    -33.710    -33.770      4.978      5.337      4.857      5.290
    -20.000      4.174      4.530      4.060      4.505     -0.356     -0.445    -35.710    -35.770      4.174      4.530      4.060      4.505
    -22.000      1.181      1.556      1.124      1.575     -0.375     -0.452    -37.710    -37.770      1.181      1.556      1.124      1.575
    -24.000     -0.716     -0.341     -0.756     -0.300     -0.375     -0.456    -39.710    -39.770     -0.716     -0.341     -0.756     -0.300
    -26.000     -2.704     -2.326     -2.729     -2.271     -0.379     -0.458    -41.710    -41.770     -2.704     -2.326     -2.729     -2.271
    -28.000     -4.707     -4.329     -4.720     -4.260     -0.378     -0.460    -43.710    -43.770     -4.707     -4.329     -4.720     -4.260
    -30.000     -6.676     -6.300     -6.678     -6.217     -0.376     -0.461    -45.710    -45.770     -6.676     -6.300     -6.678     -6.217
    -32.000     -8.693     -8.316     -8.692     -8.230     -0.377     -0.462    -47.710    -47.770     -8.693     -8.316     -8.692     -8.230
    -34.000    -10.667    -10.284    -10.655    -10.194     -0.383     -0.462    -49.710    -49.770    -10.667    -10.285    -10.655    -10.194
    -36.000    -12.690    -12.309    -12.676    -12.214     -0.380     -0.463    -51.710    -51.770    -12.690    -12.309    -12.676    -12.214
    -38.000    -14.651    -14.280    -14.635    -14.174     -0.370     -0.462    -53.710    -53.770    -14.651    -14.280    -14.635    -14.174
    -40.000    -16.672    -16.291    -16.648    -16.186     -0.381     -0.462    -55.710    -55.770    -16.672    -16.291    -16.648    -16.187
    -42.000    -18.694    -18.313    -18.670    -18.208     -0.381     -0.462    -57.710    -57.770    -18.694    -18.313    -18.670    -18.208
    -44.000    -20.670    -20.289    -20.648    -20.187     -0.381     -0.461    -59.710    -59.770    -20.670    -20.289    -20.648    -20.187
    -46.000    -22.672    -22.291    -22.645    -22.188     -0.381     -0.458    -61.710    -61.770    -22.672    -22.291    -22.646    -22.188
    -48.000    -24.647    -24.268    -24.610    -24.149     -0.379     -0.461    -63.710    -63.770    -24.647    -24.268    -24.610    -24.150
    -50.000    -26.660    -26.280    -26.634    -26.174     -0.380     -0.460    -65.710    -65.770    -26.660    -26.280    -26.634    -26.174
    -52.000    -28.681    -28.302    -28.654    -28.194     -0.379     -0.460    -67.710    -67.770    -28.681    -28.302    -28.654    -28.194
    -54.000    -30.683    -30.303    -30.658    -30.194     -0.379     -0.464    -69.710    -69.770    -30.683    -30.304    -30.658    -30.194
    -56.000    -32.701    -32.324    -32.678    -32.213     -0.377     -0.465    -71.710    -71.770    -32.701    -32.324    -32.678    -32.213
    -58.000    -34.657    -34.275    -34.631    -34.167     -0.382     -0.463    -73.710    -73.770    -34.658    -34.276    -34.631    -34.168
    -60.000    -36.680    -36.301    -36.654    -36.192     -0.379     -0.463    -75.710    -75.770    -36.680    -36.302    -36.655    -36.192
    -62.000    -38.699    -38.320    -38.673    -38.212     -0.379     -0.462    -77.710    -77.770    -38.700    -38.321    -38.674    -38.213
    -64.000    -40.649    -40.265    -40.622    -40.155     -0.384     -0.467    -79.710    -79.770    -40.650    -40.266    -40.623    -40.156
    -66.000    -42.673    -42.289    -42.644    -42.171     -0.384     -0.473    -81.710    -81.770    -42.675    -42.291    -42.646    -42.173
    -68.000    -44.184    -43.812    -44.170    -43.688     -0.372     -0.482    -83.710    -83.770    -44.187    -43.815    -44.173    -43.691
    -70.000    -46.640    -46.267    -46.624    -46.151     -0.373     -0.474    -85.710    -85.770    -46.646    -46.273    -46.630    -46.157
    -72.000    -48.647    -48.278    -48.638    -48.163     -0.368     -0.475    -87.710    -87.770    -48.655    -48.287    -48.647    -48.172
    -74.000    -50.607    -50.244    -50.606    -50.133     -0.363     -0.473    -89.710    -89.770    -50.621    -50.259    -50.620    -50.148
    -76.000    -52.607    -52.247    -52.617    -52.140     -0.360     -0.477    -91.710    -91.770    -52.629    -52.270    -52.639    -52.163
    -78.000    -54.542    -54.184    -54.552    -54.075     -0.358     -0.477    -93.710    -93.770    -54.577    -54.220    -54.588    -54.112
    -80.000    -56.539    -56.186    -56.553    -56.073     -0.353     -0.480    -95.710    -95.770    -56.595    -56.243    -56.609    -56.131
    -82.000    -58.472    -58.115    -58.480    -58.002     -0.358     -0.478    -97.710    -97.770    -58.560    -58.204    -58.567    -58.091
    -84.000    -60.453    -60.093    -60.456    -59.980     -0.359     -0.476    -99.710    -99.770    -60.591    -60.235    -60.596    -60.123
    -86.000    -62.377    -62.012    -62.385    -61.904     -0.365     -0.480   -101.710   -101.770    -62.594    -62.234    -62.604    -62.128
    -88.000    -64.251    -63.887    -64.246    -63.771     -0.364     -0.476   -103.710   -103.770    -64.590    -64.234    -64.587    -64.120
    -90.000    -66.087    -65.712    -66.085    -65.599     -0.375     -0.486   -105.710   -105.770    -66.616    -66.252    -66.616    -66.143
    -92.000    -67.796    -67.391    -67.764    -67.288     -0.404     -0.475   -107.710   -107.770    -68.605    -68.211    -68.571    -68.117
    -94.000    -69.397    -69.004    -69.378    -68.889     -0.393     -0.489   -109.710   -109.770    -70.623    -70.249    -70.604    -70.143
    -96.000    -70.779    -70.387    -70.783    -70.263     -0.392     -0.520   -111.710   -111.770    -72.572    -72.211    -72.587    -72.096
    -98.000    -72.015    -71.588    -71.987    -71.495     -0.426     -0.493   -113.710   -113.770    -74.607    -74.203    -74.572    -74.149
   -100.000    -73.014    -72.579    -72.990    -72.460     -0.435     -0.530   -115.710   -115.770    -76.636    -76.224    -76.605    -76.136
   -102.000    -73.748    -73.329    -73.745    -73.202     -0.419     -0.543   -117.710   -117.770    -78.560    -78.213    -78.591    -78.116
   -104.000    -74.342    -73.891    -74.307    -73.761     -0.451     -0.546   -119.710   -119.770    -80.685    -80.243    -80.601    -80.156
   -106.000    -74.724    -74.291    -74.708    -74.161     -0.433     -0.547   -121.710   -121.770    -82.647    -82.320    -82.647    -82.254
   -108.000    -74.991    -74.549    -74.969    -74.400     -0.442     -0.569   -123.710   -123.770    -84.645    -84.299    -84.603    -84.096
   -110.000    -75.158    -74.722    -75.149    -74.598     -0.436     -0.551   -125.710   -125.770    -86.511    -86.297    -86.636    -86.432
   -112.000    -75.278    -74.833    -75.259    -74.707     -0.445     -0.552   -127.710   -127.770    -88.539    -88.266    -88.518    -88.494
   -114.000    -75.364    -74.909    -75.357    -74.784     -0.455     -0.572   -129.710   -129.770    -90.856    -90.338    -91.276    -90.858
   -116.000    -75.408    -74.966    -75.395    -74.798     -0.442     -0.597   -131.710   -131.770    -92.779    -92.983    -93.102    -91.455
   -118.000    -75.436    -74.997    -75.428    -74.847     -0.439     -0.581   -133.710   -133.770    -94.606    -95.594    -95.649    -94.648
   -120.000    -75.463    -75.019    -75.428    -74.850     -0.445     -0.578   -135.710   -135.770    -97.858    -99.306    -95.723    -94.985
   -122.000    -75.479    -75.015    -75.447    -74.876     -0.464     -0.571   -137.710   -137.770   -102.042    -98.346    -98.300    -98.930
   -124.000    -75.492    -75.025    -75.470    -74.895     -0.467     -0.575   -139.710   -139.770   -102.042   -101.316    -98.300    -98.930
   -126.000    -75.477    -75.043    -75.463    -74.902     -0.434     -0.561   -141.710   -141.770   -102.042   -101.316    -98.300    -98.930
   -128.000    -75.500    -75.034    -75.478    -74.894     -0.466     -0.584   -143.710   -143.770   -102.042   -101.316    -98.300    -98.930
   -130.000    -75.494    -75.035    -75.472    -74.897     -0.459     -0.575   -145.710   -145.770   -102.042   -101.316    -98.300    -98.930
   -132.000    -75.491    -75.044    -75.475    -74.902     -0.447     -0.572   -147.710   -147.770   -102.042   -101.316    -98.300    -98.930
   -134.000    -75.489    -75.041    -75.465    -74.901     -0.448     -0.564   -149.710   -149.770   -102.042   -101.316    -98.300    -98.930
   -136.000    -75.501    -75.041    -75.496    -74.906     -0.460     -0.590   -151.710   -151.770   -102.042   -101.316    -98.300    -98.930
   -138.000    -75.506    -75.053    -75.487    -74.901     -0.454     -0.586   -153.710   -153.770   -102.042   -101.316    -98.300    -98.930
   -140.000    -75.482    -75.035    -75.481    -74.897     -0.447     -0.584   -155.710   -155.770   -102.042   -101.316    -98.300    -98.930
