     14.000      8.096      8.175      7.974      8.063     -0.079     -0.089    -29.090    -28.960      8.096      8.175      7.974      8.063
     11.000      6.669      6.829      6.541      6.770     -0.160     -0.229    -32.090    -31.960      6.669      6.829      6.541      6.770
      8.000      4.067      4.279      4.004      4.309     -0.212     -0.304    -35.090    -34.960      4.067      4.279      4.004      4.309
      5.000      1.176      1.378      1.154      1.463     -0.201     -0.309    -38.090    -37.960      1.176      1.378      1.154      1.463
      2.000     -1.781     -1.582     -1.773     -1.465     -0.199     -0.307    -41.090    -40.960     -1.781     -1.582     -1.773     -1.465
     -1.000     -4.775     -4.579     -4.746     -4.439     -0.196     -0.308    -44.090    -43.960     -4.775     -4.579     -4.746     -4.439
     -4.000     -7.784     -7.589     -7.743     -7.435     -0.195     -0.308    -47.090    -46.960     -7.784     -7.589     -7.743     -7.435
     -7.000    -10.785    -10.590    -10.733    -10.426     -0.195     -0.307    -50.090    -49.960    -10.785    -10.590    -10.733    -10.426
    -10.000    -13.788    -13.595    -13.729    -13.423     -0.193     -0.306    -53.090    -52.960    -13.788    -13.595    -13.729    -13.423
    -13.000    -16.771    -16.579    -16.710    -16.404     -0.192     -0.306    -56.090    -55.960    -16.771    -16.579    -16.710    -16.404
    -16.000    -19.778    -19.586    -19.716    -19.410     -0.192     -0.306    -59.090    -58.960    -19.778    -19.586    -19.716    -19.410
    -19.000    -22.787    -22.595    -22.724    -22.419     -0.192     -0.305    -62.090    -61.960    -22.787    -22.595    -22.724    -22.419
    -22.000    -25.784    -25.593    -25.719    -25.414     -0.192     -0.306    -65.090    -64.960    -25.785    -25.593    -25.720    -25.414
    -25.000    -28.783    -28.592    -28.718    -28.413     -0.191     -0.305    -68.090    -67.960    -28.783    -28.592    -28.718    -28.413
    -28.000    -31.774    -31.584    -31.709    -31.405     -0.190     -0.304    -71.090    -70.960    -31.775    -31.584    -31.710    -31.405
    -31.000    -34.783    -34.593    -34.718    -34.413     -0.190     -0.305    -74.090    -73.960    -34.783    -34.594    -34.718    -34.414
    -34.000    -37.787    -37.598    -37.724    -37.420     -0.189     -0.304    -77.090    -76.960    -37.788    -37.599    -37.725    -37.420
    -37.000    -40.786    -40.596    -40.719    -40.414     -0.189     -0.305    -80.090    -79.960    -40.787    -40.598    -40.720    -40.416
    -40.000    -43.775    -43.587    -43.710    -43.406     -0.188     -0.304    -83.090    -82.960    -43.778    -43.590    -43.714    -43.409
    -43.000    -46.743    -46.558    -46.690    -46.384     -0.185     -0.306    -86.090    -85.960    -46.750    -46.564    -46.696    -46.390
    -46.000    -49.748    -49.563    -49.706    -49.399     -0.185     -0.308    -89.090    -88.960    -49.760    -49.575    -49.719    -49.411
    -49.000    -52.739    -52.555    -52.707    -52.404     -0.183     -0.303    -92.090    -91.960    -52.763    -52.579    -52.731    -52.428
    -52.000    -55.703    -55.522    -55.679    -55.375     -0.181     -0.305    -95.090    -94.960    -55.752    -55.569    -55.728    -55.422
    -55.000    -58.675    -58.497    -58.657    -58.354     -0.178     -0.303    -98.090    -97.960    -58.772    -58.591    -58.754    -58.448
    -58.000    -61.566    -61.400    -61.551    -61.260     -0.167     -0.291   -101.090   -100.960    -61.757    -61.585    -61.741    -61.444
    -61.000    -64.389    -64.237    -64.375    -64.087     -0.152     -0.288   -104.090   -103.960    -64.763    -64.601    -64.747    -64.448
    -64.000    -67.052    -66.891    -67.032    -66.748     -0.161     -0.283   -107.090   -106.960    -67.769    -67.585    -67.744    -67.439
    -67.000    -69.427    -69.295    -69.424    -69.156     -0.133     -0.268   -110.090   -109.960    -70.752    -70.585    -70.747    -70.442
    -70.000    -71.444    -71.340    -71.405    -71.185     -0.104     -0.220   -113.090   -112.960    -73.798    -73.645    -73.728    -73.466
    -73.000    -72.920    -72.819    -72.908    -72.705     -0.101     -0.203   -116.090   -115.960    -76.766    -76.573    -76.735    -76.473
    -76.000    -73.906    -73.846    -73.895    -73.716     -0.060     -0.179   -119.090   -118.960    -79.714    -79.584    -79.664    -79.435
    -79.000    -74.507    -74.464    -74.530    -74.329     -0.044     -0.201   -122.090   -121.960    -82.656    -82.566    -82.797    -82.372
    -82.000    -74.865    -74.810    -74.868    -74.695     -0.055     -0.173   -125.090   -124.960    -85.808    -85.530    -85.828    -85.515
    -85.000    -75.032    -74.996    -75.052    -74.876     -0.036     -0.176   -128.090   -127.960    -88.557    -88.497    -88.983    -88.452
    -88.000    -75.140    -75.099    -75.139    -74.986     -0.042     -0.153   -131.090   -130.960    -92.064    -91.723    -91.914    -92.139
    -91.000    -75.177    -75.133    -75.170    -75.010     -0.044     -0.160   -134.090   -133.960    -94.398    -93.702    -93.716    -93.624
    -94.000    -75.219    -75.166    -75.190    -75.025     -0.053     -0.164   -137.090   -136.960   -101.358    -97.048    -95.423    -94.896
    -97.000    -75.215    -75.184    -75.219    -75.072     -0.031     -0.147   -140.090   -139.960    -99.962   -101.360   -100.781    -94.896
   -100.000    -75.228    -75.194    -75.238    -75.070     -0.034     -0.168   -143.090   -142.960   -110.582   -101.360   -100.781    -94.896
   -103.000    -75.209    -75.206    -75.241    -75.071     -0.004     -0.170   -146.090   -145.960    -98.605   -101.360   -100.781    -94.896
   -106.000    -75.232    -75.195    -75.230    -75.062     -0.038     -0.168   -149.090   -148.960    -98.605   -101.360   -100.781    -94.896
   -109.000    -75.232    -75.198    -75.203    -75.065     -0.035     -0.138   -152.090   -151.960    -98.605   -101.360   -100.781    -94.896
   -112.000    -75.240    -75.184    -75.238    -75.069     -0.056     -0.169   -155.090   -154.960    -98.605   -101.360   -100.781    -94.896
   -115.000    -75.238    -75.190    -75.240    -75.075     -0.048     -0.165   -158.090   -157.960    -98.605   -101.360   -100.781    -94.896
   -118.000    -75.225    -75.193    -75.228    -75.081     -0.032     -0.147   -161.090   -160.960    -98.605   -101.360   -100.781    -94.896
