     20.000      7.713      6.719      6.821      9.065      0.994     -2.244    -22.570    -22.670      7.713      6.719      6.821      9.065
     17.000      7.837      6.729      6.858      9.068      1.107     -2.211    -25.570    -25.670      7.837      6.729      6.858      9.068
     14.000      6.637      7.500      6.697      7.000     -0.863     -0.303    -28.570    -28.670      6.637      7.500      6.697      7.000
     11.000      6.195      6.226      6.126      6.649     -0.031     -0.523    -31.570    -31.670      6.195      6.226      6.126      6.649
      8.000      4.424      4.636      4.323      4.608     -0.211     -0.286    -34.570    -34.670      4.424      4.636      4.323      4.608
      5.000      1.528      1.740      1.474      1.763     -0.212     -0.289    -37.570    -37.670      1.528      1.740      1.474      1.763
      2.000     -1.455     -1.243     -1.477     -1.188     -0.212     -0.288    -40.570    -40.670     -1.455     -1.243     -1.477     -1.188
     -1.000     -4.469     -4.257     -4.470     -4.179     -0.212     -0.291    -43.570    -43.670     -4.469     -4.257     -4.470     -4.179
     -4.000     -7.439     -7.228     -7.428     -7.135     -0.210     -0.292    -46.570    -46.670     -7.439     -7.228     -7.428     -7.135
     -7.000    -10.477    -10.267    -10.455    -10.166     -0.211     -0.289    -49.570    -49.670    -10.477    -10.267    -10.455    -10.166
    -10.000    -13.460    -13.249    -13.428    -13.139     -0.212     -0.288    -52.570    -52.670    -13.460    -13.249    -13.428    -13.139
    -13.000    -16.422    -16.212    -16.393    -16.097     -0.210     -0.296    -55.570    -55.670    -16.422    -16.212    -16.393    -16.097
    -16.000    -19.464    -19.252    -19.432    -19.141     -0.211     -0.292    -58.570    -58.670    -19.464    -19.252    -19.433    -19.141
    -19.000    -22.435    -22.226    -22.404    -22.113     -0.210     -0.292    -61.570    -61.670    -22.435    -22.226    -22.404    -22.113
    -22.000    -25.469    -25.258    -25.436    -25.143     -0.211     -0.293    -64.570    -64.670    -25.469    -25.258    -25.436    -25.143
    -25.000    -28.432    -28.222    -28.401    -28.104     -0.210     -0.297    -67.570    -67.670    -28.432    -28.222    -28.401    -28.105
    -28.000    -31.468    -31.257    -31.435    -31.139     -0.211     -0.296    -70.570    -70.670    -31.468    -31.257    -31.436    -31.140
    -31.000    -34.457    -34.245    -34.424    -34.123     -0.212     -0.301    -73.570    -73.670    -34.458    -34.246    -34.424    -34.123
    -34.000    -37.438    -37.224    -37.407    -37.107     -0.214     -0.299    -76.570    -76.670    -37.439    -37.225    -37.407    -37.108
    -37.000    -40.480    -40.265    -40.443    -40.140     -0.215     -0.303    -79.570    -79.670    -40.481    -40.267    -40.444    -40.141
    -40.000    -43.465    -43.251    -43.428    -43.128     -0.213     -0.299    -82.570    -82.670    -43.467    -43.254    -43.431    -43.131
    -43.000    -46.435    -46.227    -46.409    -46.108     -0.208     -0.301    -85.570    -85.670    -46.440    -46.232    -46.414    -46.114
    -46.000    -49.435    -49.228    -49.418    -49.121     -0.207     -0.297    -88.570    -88.670    -49.445    -49.239    -49.428    -49.131
    -49.000    -52.394    -52.188    -52.389    -52.088     -0.207     -0.301    -91.570    -91.670    -52.414    -52.208    -52.409    -52.109
    -52.000    -55.401    -55.194    -55.397    -55.102     -0.207     -0.295    -94.570    -94.670    -55.442    -55.236    -55.437    -55.144
    -55.000    -58.382    -58.182    -58.395    -58.087     -0.201     -0.307    -97.570    -97.670    -58.463    -58.265    -58.475    -58.171
    -58.000    -61.267    -61.071    -61.294    -60.967     -0.195     -0.327   -100.570   -100.670    -61.425    -61.235    -61.452    -61.131
    -61.000    -64.171    -63.949    -64.180    -63.852     -0.223     -0.328   -103.570   -103.670    -64.486    -64.271    -64.493    -64.176
    -64.000    -66.838    -66.627    -66.859    -66.528     -0.212     -0.330   -106.570   -106.670    -67.438    -67.245    -67.457    -67.149
    -67.000    -69.353    -69.109    -69.357    -69.012     -0.244     -0.345   -109.570   -109.670    -70.489    -70.273    -70.485    -70.181
    -70.000    -71.437    -71.190    -71.447    -71.076     -0.247     -0.371   -112.570   -112.670    -73.456    -73.262    -73.454    -73.150
    -73.000    -73.074    -72.793    -73.076    -72.695     -0.280     -0.381   -115.570   -115.670    -76.466    -76.251    -76.434    -76.174
    -76.000    -74.206    -73.917    -74.236    -73.818     -0.289     -0.417   -118.570   -118.670    -79.486    -79.309    -79.512    -79.251
    -79.000    -74.904    -74.569    -74.918    -74.462     -0.335     -0.456   -121.570   -121.670    -82.502    -82.167    -82.433    -82.101
    -82.000    -75.293    -74.972    -75.306    -74.856     -0.321     -0.451   -124.570   -124.670    -85.453    -85.267    -85.299    -85.135
    -85.000    -75.506    -75.168    -75.555    -75.082     -0.338     -0.472   -127.570   -127.670    -88.427    -88.036    -88.814    -88.532
    -88.000    -75.614    -75.284    -75.632    -75.191     -0.330     -0.441   -130.570   -130.670    -91.285    -91.135    -90.840    -91.955
    -91.000    -75.666    -75.348    -75.698    -75.248     -0.317     -0.451   -133.570   -133.670    -93.775    -94.742    -93.871    -96.133
    -94.000    -75.698    -75.349    -75.723    -75.263     -0.349     -0.460   -136.570   -136.670    -96.572    -94.793    -95.948    -98.614
    -97.000    -75.727    -75.378    -75.740    -75.262     -0.349     -0.478   -139.570   -139.670   -104.186    -98.773    -98.200    -98.414
   -100.000    -75.731    -75.404    -75.743    -75.308     -0.327     -0.435   -142.570   -142.670   -107.921    -98.773    -98.762    -98.414
   -103.000    -75.744    -75.393    -75.755    -75.297     -0.351     -0.459   -145.570   -145.670   -107.921    -98.773   -102.410    -98.414
   -106.000    -75.734    -75.394    -75.744    -75.293     -0.341     -0.451   -148.570   -148.670   -107.921    -98.773    -98.891    -98.414
   -109.000    -75.739    -75.382    -75.747    -75.298     -0.357     -0.448   -151.570   -151.670   -107.921    -98.773    -99.554    -98.414
   -112.000    -75.732    -75.404    -75.761    -75.302     -0.328     -0.459   -154.570   -154.670   -107.921    -98.773   -106.667    -98.414
   -115.000    -75.734    -75.406    -75.766    -75.297     -0.328     -0.469   -157.570   -157.670   -107.921    -98.773   -106.667    -98.414
   -118.000    -75.750    -75.397    -75.777    -75.294     -0.353     -0.483   -160.570   -160.670   -107.921    -98.773   -106.667    -98.414
   -121.000    -75.752    -75.396    -75.771    -75.287     -0.356     -0.484   -163.570   -163.670   -107.921    -98.773   -106.667    -98.414
   -124.000    -75.710    -75.416    -75.780    -75.293     -0.294     -0.487   -166.570   -166.670   -107.921    -98.773   -106.667    -98.414
   -127.000    -75.732    -75.406    -75.741    -75.278     -0.327     -0.463   -169.570   -169.670   -107.921    -98.773   -106.667    -98.414
   -130.000    -75.739    -75.376    -75.767    -75.274     -0.363     -0.492   -172.570   -172.670   -107.921    -98.773   -106.667    -98.414
