     14.000      6.565      9.026      6.626      6.559     -2.461      0.067    -28.570    -28.670      6.565      9.026      6.626      6.559
     11.000      6.133      6.578      6.080      6.093     -0.445     -0.013    -31.570    -31.670      6.133      6.578      6.080      6.093
      8.000      4.214      4.219      4.119      4.214     -0.005     -0.095    -34.570    -34.670      4.214      4.219      4.119      4.214
      5.000      1.322      1.322      1.276      1.363      0.001     -0.087    -37.570    -37.670      1.322      1.322      1.276      1.363
      2.000     -1.631     -1.634     -1.649     -1.563      0.004     -0.086    -40.570    -40.670     -1.631     -1.634     -1.649     -1.563
     -1.000     -4.624     -4.630     -4.620     -4.538      0.006     -0.083    -43.570    -43.670     -4.624     -4.630     -4.620     -4.538
     -4.000     -7.644     -7.651     -7.629     -7.545      0.007     -0.084    -46.570    -46.670     -7.644     -7.651     -7.629     -7.545
     -7.000    -10.637    -10.655    -10.614    -10.529      0.018     -0.085    -49.570    -49.670    -10.637    -10.655    -10.614    -10.529
    -10.000    -13.650    -13.659    -13.621    -13.535      0.009     -0.086    -52.570    -52.670    -13.650    -13.659    -13.621    -13.535
    -13.000    -16.638    -16.650    -16.598    -16.519      0.013     -0.079    -55.570    -55.670    -16.638    -16.650    -16.598    -16.519
    -16.000    -19.660    -19.673    -19.617    -19.538      0.013     -0.079    -58.570    -58.670    -19.660    -19.673    -19.617    -19.538
    -19.000    -22.653    -22.663    -22.611    -22.532      0.011     -0.079    -61.570    -61.670    -22.653    -22.663    -22.611    -22.532
    -22.000    -25.647    -25.657    -25.603    -25.525      0.010     -0.078    -64.570    -64.670    -25.647    -25.657    -25.603    -25.525
    -25.000    -28.648    -28.659    -28.605    -28.528      0.011     -0.077    -67.570    -67.670    -28.648    -28.659    -28.605    -28.528
    -28.000    -31.640    -31.657    -31.601    -31.520      0.017     -0.081    -70.570    -70.670    -31.640    -31.657    -31.601    -31.520
    -31.000    -34.653    -34.667    -34.613    -34.532      0.014     -0.081    -73.570    -73.670    -34.653    -34.667    -34.613    -34.532
    -34.000    -37.657    -37.679    -37.621    -37.539      0.022     -0.082    -76.570    -76.670    -37.658    -37.680    -37.622    -37.540
    -37.000    -40.662    -40.671    -40.616    -40.539      0.010     -0.077    -79.570    -79.670    -40.663    -40.673    -40.618    -40.540
    -40.000    -43.658    -43.668    -43.612    -43.536      0.009     -0.075    -82.570    -82.670    -43.661    -43.670    -43.614    -43.539
    -43.000    -46.625    -46.643    -46.591    -46.512      0.017     -0.079    -85.570    -85.670    -46.631    -46.648    -46.596    -46.518
    -46.000    -49.627    -49.652    -49.605    -49.522      0.024     -0.083    -88.570    -88.670    -49.639    -49.663    -49.616    -49.533
    -49.000    -52.625    -52.649    -52.613    -52.527      0.024     -0.086    -91.570    -91.670    -52.648    -52.672    -52.636    -52.550
    -52.000    -55.592    -55.622    -55.586    -55.498      0.031     -0.087    -94.570    -94.670    -55.638    -55.669    -55.632    -55.544
    -55.000    -58.547    -58.584    -58.537    -58.468      0.037     -0.069    -97.570    -97.670    -58.640    -58.676    -58.628    -58.560
    -58.000    -61.455    -61.495    -61.439    -61.387      0.039     -0.053   -100.570   -100.670    -61.637    -61.676    -61.620    -61.568
    -61.000    -64.286    -64.319    -64.269    -64.220      0.034     -0.049   -103.570   -103.670    -64.642    -64.673    -64.623    -64.575
    -64.000    -66.948    -66.979    -66.940    -66.903      0.031     -0.038   -106.570   -106.670    -67.631    -67.657    -67.619    -67.585
    -67.000    -69.331    -69.402    -69.342    -69.308      0.071     -0.033   -109.570   -109.670    -70.591    -70.665    -70.600    -70.576
    -70.000    -71.369    -71.448    -71.370    -71.360      0.079     -0.010   -112.570   -112.670    -73.607    -73.696    -73.598    -73.622
    -73.000    -72.880    -72.974    -72.906    -72.882      0.095     -0.024   -115.570   -115.670    -76.546    -76.684    -76.588    -76.611
    -76.000    -73.917    -74.015    -73.939    -73.887      0.098     -0.052   -118.570   -118.670    -79.506    -79.699    -79.548    -79.514
    -79.000    -74.554    -74.679    -74.560    -74.539      0.125     -0.021   -121.570   -121.670    -82.471    -82.936    -82.424    -82.606
    -82.000    -74.903    -74.996    -74.927    -74.931      0.093      0.004   -124.570   -124.670    -85.286    -85.693    -85.399    -86.100
    -85.000    -75.104    -75.179    -75.114    -75.066      0.075     -0.048   -127.570   -127.670    -88.250    -88.571    -88.160    -88.327
    -88.000    -75.193    -75.277    -75.207    -75.185      0.084     -0.022   -130.570   -130.670    -90.589    -91.466    -90.555    -92.009
    -91.000    -75.226    -75.353    -75.273    -75.226      0.127     -0.047   -133.570   -133.670    -91.910    -97.037    -93.749    -94.675
    -94.000    -75.282    -75.357    -75.302    -75.262      0.075     -0.040   -136.570   -136.670    -95.888    -97.655    -96.470   -100.262
    -97.000    -75.289    -75.370    -75.316    -75.274      0.081     -0.042   -139.570   -139.670    -96.820   -100.920    -98.930   -108.535
   -100.000    -75.314    -75.388    -75.319    -75.273      0.074     -0.046   -142.570   -142.670   -104.332   -100.920    -99.679   -107.479
   -103.000    -75.317    -75.372    -75.354    -75.265      0.056     -0.089   -145.570   -145.670   -106.571   -100.920    -99.679   -101.311
   -106.000    -75.321    -75.385    -75.336    -75.277      0.064     -0.059   -148.570   -148.670   -106.571   -100.920    -99.679   -101.311
   -109.000    -75.330    -75.375    -75.337    -75.268      0.045     -0.069   -151.570   -151.670   -106.571   -100.920    -99.679   -101.311
   -112.000    -75.317    -75.400    -75.313    -75.286      0.084     -0.027   -154.570   -154.670   -106.571   -100.920    -99.679   -101.311
   -115.000    -75.311    -75.379    -75.334    -75.294      0.067     -0.040   -157.570   -157.670   -106.571   -100.920    -99.679   -101.311
   -118.000    -75.329    -75.376    -75.353    -75.267      0.048     -0.086   -160.570   -160.670   -106.571   -100.920    -99.679   -101.311
