    -14.000      6.582      6.242      6.493      6.229      0.340      0.264    -29.150    -29.110      6.582      6.242      6.493      6.229
    -16.000      4.834      4.408      4.755      4.415      0.426      0.340    -31.150    -31.110      4.834      4.408      4.755      4.415
    -18.000      2.986      2.545      2.922      2.564      0.441      0.358    -33.150    -33.110      2.986      2.545      2.922      2.564
    -20.000      1.028      0.580      0.976      0.608      0.448      0.368    -35.150    -35.110      1.028      0.580      0.975      0.608
    -22.000     -0.950     -1.404     -0.997     -1.370      0.454      0.374    -37.150    -37.110     -0.950     -1.404     -0.997     -1.370
    -24.000     -2.874     -3.330     -2.915     -3.291      0.456      0.376    -39.150    -39.110     -2.874     -3.330     -2.915     -3.291
    -26.000     -4.879     -5.336     -4.915     -5.293      0.457      0.378    -41.150    -41.110     -4.879     -5.336     -4.915     -5.293
    -28.000     -6.885     -7.344     -6.918     -7.297      0.459      0.379    -43.150    -43.110     -6.885     -7.344     -6.918     -7.297
    -30.000     -8.855     -9.316     -8.886     -9.266      0.461      0.380    -45.150    -45.110     -8.855     -9.316     -8.886     -9.266
    -32.000    -10.871    -11.333    -10.899    -11.280      0.462      0.381    -47.150    -47.110    -10.871    -11.333    -10.899    -11.280
    -34.000    -12.837    -13.301    -12.863    -13.244      0.463      0.381    -49.150    -49.110    -12.837    -13.301    -12.863    -13.244
    -36.000    -14.853    -15.316    -14.876    -15.256      0.463      0.380    -51.150    -51.110    -14.853    -15.316    -14.876    -15.256
    -38.000    -16.808    -17.274    -16.829    -17.210      0.465      0.382    -53.150    -53.110    -16.808    -17.274    -16.829    -17.211
    -40.000    -18.833    -19.298    -18.852    -19.233      0.466      0.381    -55.150    -55.110    -18.833    -19.298    -18.852    -19.233
    -42.000    -20.852    -21.317    -20.869    -21.250      0.465      0.381    -57.150    -57.110    -20.852    -21.317    -20.869    -21.250
    -44.000    -22.827    -23.294    -22.842    -23.222      0.467      0.380    -59.150    -59.110    -22.827    -23.294    -22.842    -23.222
    -46.000    -24.825    -25.288    -24.835    -25.217      0.463      0.382    -61.150    -61.110    -24.825    -25.288    -24.835    -25.217
    -48.000    -26.790    -27.255    -26.802    -27.183      0.465      0.381    -63.150    -63.110    -26.790    -27.255    -26.802    -27.183
    -50.000    -28.811    -29.276    -28.823    -29.204      0.465      0.381    -65.150    -65.110    -28.811    -29.276    -28.823    -29.204
    -52.000    -30.830    -31.294    -30.842    -31.223      0.465      0.381    -67.150    -67.110    -30.830    -31.295    -30.842    -31.223
    -54.000    -32.843    -33.309    -32.855    -33.236      0.466      0.381    -69.150    -69.110    -32.843    -33.309    -32.855    -33.236
    -56.000    -34.861    -35.327    -34.872    -35.253      0.465      0.381    -71.150    -71.110    -34.862    -35.327    -34.872    -35.253
    -58.000    -36.819    -37.278    -36.824    -37.212      0.459      0.388    -73.150    -73.110    -36.819    -37.278    -36.824    -37.212
    -60.000    -38.831    -39.296    -38.841    -39.221      0.465      0.380    -75.150    -75.110    -38.832    -39.296    -38.842    -39.222
    -62.000    -40.848    -41.313    -40.855    -41.236      0.465      0.381    -77.150    -77.110    -40.849    -41.314    -40.856    -41.237
    -64.000    -42.795    -43.259    -42.801    -43.181      0.464      0.380    -79.150    -79.110    -42.797    -43.261    -42.802    -43.183
    -66.000    -44.809    -45.272    -44.817    -45.197      0.463      0.381    -81.150    -81.110    -44.811    -45.275    -44.819    -45.200
    -68.000    -46.757    -47.220    -46.771    -47.150      0.463      0.379    -83.150    -83.110    -46.761    -47.225    -46.775    -47.154
    -70.000    -48.766    -49.227    -48.783    -49.163      0.462      0.380    -85.150    -85.110    -48.772    -49.234    -48.789    -49.170
    -72.000    -50.765    -51.226    -50.791    -51.169      0.461      0.378    -87.150    -87.110    -50.775    -51.237    -50.801    -51.180
    -74.000    -52.718    -53.179    -52.752    -53.129      0.461      0.377    -89.150    -89.110    -52.734    -53.196    -52.768    -53.146
    -76.000    -54.720    -55.181    -54.755    -55.132      0.460      0.377    -91.150    -91.110    -54.745    -55.207    -54.780    -55.159
    -78.000    -56.652    -57.113    -56.694    -57.072      0.462      0.378    -93.150    -93.110    -56.691    -57.155    -56.733    -57.114
    -80.000    -58.650    -59.108    -58.693    -59.068      0.458      0.375    -95.150    -95.110    -58.712    -59.174    -58.755    -59.134
    -82.000    -60.582    -61.038    -60.623    -60.996      0.456      0.373    -97.150    -97.110    -60.679    -61.142    -60.720    -61.100
    -84.000    -62.547    -63.001    -62.591    -62.960      0.454      0.368    -99.150    -99.110    -62.701    -63.165    -62.745    -63.123
    -86.000    -64.465    -64.915    -64.508    -64.876      0.450      0.368   -101.150   -101.110    -64.707    -65.173    -64.749    -65.133
    -88.000    -66.322    -66.763    -66.368    -66.724      0.442      0.356   -103.150   -103.110    -66.699    -67.166    -66.745    -67.124
    -90.000    -68.137    -68.560    -68.183    -68.532      0.423      0.349   -105.150   -105.110    -68.723    -69.184    -68.768    -69.154
    -92.000    -69.814    -70.214    -69.862    -70.191      0.400      0.330   -107.150   -107.110    -70.707    -71.160    -70.754    -71.136
    -94.000    -71.383    -71.761    -71.430    -71.736      0.378      0.307   -109.150   -109.110    -72.730    -73.185    -72.775    -73.158
    -96.000    -72.725    -73.077    -72.778    -73.040      0.351      0.262   -111.150   -111.110    -74.685    -75.142    -74.738    -75.094
    -98.000    -73.908    -74.221    -73.947    -74.202      0.313      0.255   -113.150   -113.110    -76.721    -77.166    -76.750    -77.148
   -100.000    -74.828    -75.119    -74.891    -75.099      0.292      0.208   -115.150   -115.110    -78.691    -79.160    -78.774    -79.137
   -102.000    -75.543    -75.784    -75.585    -75.764      0.241      0.179   -117.150   -117.110    -80.696    -81.099    -80.722    -81.074
   -104.000    -76.061    -76.309    -76.113    -76.276      0.248      0.162   -119.150   -119.110    -82.692    -83.222    -82.753    -83.132
   -106.000    -76.444    -76.623    -76.465    -76.630      0.179      0.165   -121.150   -121.110    -84.825    -85.043    -84.681    -85.204
   -108.000    -76.676    -76.892    -76.734    -76.852      0.216      0.118   -123.150   -123.110    -86.757    -87.396    -86.895    -87.139
   -110.000    -76.835    -77.043    -76.883    -77.015      0.207      0.132   -125.150   -125.110    -88.740    -89.488    -88.758    -89.306
   -112.000    -76.937    -77.117    -76.993    -77.112      0.180      0.119   -127.150   -127.110    -90.671    -91.036    -90.860    -91.345
   -114.000    -77.024    -77.192    -77.060    -77.170      0.169      0.110   -129.150   -129.110    -93.399    -93.421    -92.903    -93.223
   -116.000    -77.061    -77.241    -77.099    -77.217      0.180      0.118   -131.150   -131.110    -95.421    -96.139    -94.723    -95.735
   -118.000    -77.073    -77.245    -77.117    -77.241      0.172      0.124   -133.150   -133.110    -96.340    -96.477    -95.934    -97.906
   -120.000    -77.094    -77.282    -77.146    -77.273      0.188      0.127   -135.150   -135.110    -98.641   -101.837    -99.018   -106.001
   -122.000    -77.113    -77.275    -77.175    -77.266      0.162      0.091   -137.150   -137.110   -102.732   -100.232    -99.018   -102.743
   -124.000    -77.121    -77.293    -77.163    -77.267      0.172      0.104   -139.150   -139.110   -107.345   -107.297    -99.018   -102.997
   -126.000    -77.129    -77.298    -77.161    -77.285      0.169      0.124   -141.150   -141.110   -107.345   -107.297    -99.018   -102.997
   -128.000    -77.113    -77.306    -77.160    -77.273      0.193      0.113   -143.150   -143.110   -107.345   -107.297    -99.018   -102.997
   -130.000    -77.118    -77.292    -77.181    -77.280      0.174      0.099   -145.150   -145.110   -107.345   -107.297    -99.018   -102.997
   -132.000    -77.154    -77.310    -77.184    -77.293      0.156      0.109   -147.150   -147.110   -107.345   -107.297    -99.018   -102.997
   -134.000    -77.121    -77.299    -77.181    -77.274      0.178      0.092   -149.150   -149.110   -107.345   -107.297    -99.018   -102.997
   -136.000    -77.132    -77.315    -77.191    -77.282      0.183      0.091   -151.150   -151.110   -107.345   -107.297    -99.018   -102.997
   -138.000    -77.137    -77.301    -77.187    -77.301      0.164      0.114   -153.150   -153.110   -107.345   -107.297    -99.018   -102.997
   -140.000    -77.142    -77.299    -77.190    -77.274      0.157      0.084   -155.150   -155.110   -107.345   -107.297    -99.018   -102.997
