    -14.000      6.646      8.027      6.304      7.594     -1.381     -1.290    -29.710    -29.770      6.646      8.027      6.304      7.594
    -16.000      5.912      6.373      5.778      6.284     -0.462     -0.506    -31.710    -31.770      5.911      6.373      5.778      6.283
    -18.000      4.181      4.563      4.094      4.576     -0.382     -0.482    -33.710    -33.770      4.181      4.563      4.094      4.576
    -20.000      2.288      2.678      2.233      2.727     -0.391     -0.494    -35.710    -35.770      2.288      2.678      2.233      2.727
    -22.000      0.345      0.738      0.313      0.813     -0.393     -0.499    -37.710    -37.770      0.345      0.738      0.313      0.813
    -24.000     -1.554     -1.159     -1.570     -1.068     -0.396     -0.502    -39.710    -39.770     -1.554     -1.159     -1.570     -1.068
    -26.000     -3.547     -3.151     -3.547     -3.044     -0.396     -0.503    -41.710    -41.770     -3.547     -3.151     -3.547     -3.044
    -28.000     -5.552     -5.156     -5.543     -5.037     -0.396     -0.506    -43.710    -43.770     -5.552     -5.156     -5.543     -5.037
    -30.000     -7.512     -7.115     -7.495     -6.989     -0.396     -0.506    -45.710    -45.770     -7.512     -7.115     -7.495     -6.989
    -32.000     -9.531     -9.135     -9.508     -9.001     -0.396     -0.507    -47.710    -47.770     -9.531     -9.135     -9.508     -9.001
    -34.000    -11.495    -11.098    -11.466    -10.954     -0.396     -0.511    -49.710    -49.770    -11.495    -11.098    -11.466    -10.954
    -36.000    -13.517    -13.124    -13.480    -12.973     -0.393     -0.507    -51.710    -51.770    -13.517    -13.124    -13.480    -12.973
    -38.000    -15.461    -15.070    -15.428    -14.927     -0.392     -0.501    -53.710    -53.770    -15.461    -15.070    -15.428    -14.927
    -40.000    -17.482    -17.088    -17.448    -16.936     -0.395     -0.512    -55.710    -55.770    -17.482    -17.088    -17.448    -16.936
    -42.000    -19.503    -19.109    -19.469    -18.957     -0.395     -0.512    -57.710    -57.770    -19.503    -19.109    -19.469    -18.957
    -44.000    -21.476    -21.080    -21.440    -20.924     -0.396     -0.515    -59.710    -59.770    -21.476    -21.080    -21.440    -20.924
    -46.000    -23.477    -23.077    -23.433    -22.925     -0.401     -0.509    -61.710    -61.770    -23.477    -23.077    -23.433    -22.925
    -48.000    -25.427    -25.032    -25.389    -24.878     -0.395     -0.512    -63.710    -63.770    -25.427    -25.032    -25.389    -24.878
    -50.000    -27.450    -27.053    -27.412    -26.901     -0.397     -0.511    -65.710    -65.770    -27.450    -27.053    -27.412    -26.901
    -52.000    -29.470    -29.072    -29.431    -28.920     -0.398     -0.511    -67.710    -67.770    -29.470    -29.072    -29.431    -28.920
    -54.000    -31.486    -31.093    -31.448    -30.940     -0.394     -0.508    -69.710    -69.770    -31.486    -31.093    -31.448    -30.940
    -56.000    -33.506    -33.112    -33.469    -32.959     -0.393     -0.510    -71.710    -71.770    -33.506    -33.113    -33.469    -32.959
    -58.000    -35.450    -35.055    -35.412    -34.904     -0.395     -0.509    -73.710    -73.770    -35.450    -35.056    -35.413    -34.904
    -60.000    -37.473    -37.077    -37.437    -36.924     -0.396     -0.513    -75.710    -75.770    -37.474    -37.077    -37.438    -36.924
    -62.000    -39.488    -39.098    -39.452    -38.941     -0.390     -0.511    -77.710    -77.770    -39.489    -39.099    -39.453    -38.942
    -64.000    -41.430    -41.045    -41.393    -40.881     -0.385     -0.512    -79.710    -79.770    -41.431    -41.047    -41.394    -40.883
    -66.000    -43.447    -43.064    -43.413    -42.905     -0.383     -0.508    -81.710    -81.770    -43.449    -43.067    -43.415    -42.908
    -68.000    -45.397    -45.021    -45.372    -44.856     -0.375     -0.516    -83.710    -83.770    -45.401    -45.025    -45.376    -44.860
    -70.000    -47.405    -47.026    -47.384    -46.873     -0.379     -0.511    -85.710    -85.770    -47.412    -47.033    -47.390    -46.879
    -72.000    -49.408    -49.032    -49.400    -48.884     -0.376     -0.516    -87.710    -87.770    -49.419    -49.043    -49.410    -48.894
    -74.000    -51.357    -50.980    -51.359    -50.843     -0.377     -0.516    -89.710    -89.770    -51.373    -50.996    -51.375    -50.859
    -76.000    -53.358    -52.982    -53.368    -52.846     -0.376     -0.522    -91.710    -91.770    -53.384    -53.008    -53.393    -52.871
    -78.000    -55.283    -54.913    -55.303    -54.774     -0.370     -0.529    -93.710    -93.770    -55.323    -54.954    -55.342    -54.814
    -80.000    -57.278    -56.904    -57.299    -56.773     -0.373     -0.526    -95.710    -95.770    -57.340    -56.969    -57.361    -56.837
    -82.000    -59.203    -58.831    -59.227    -58.692     -0.372     -0.534    -97.710    -97.770    -59.301    -58.932    -59.324    -58.792
    -84.000    -61.169    -60.793    -61.197    -60.657     -0.376     -0.540    -99.710    -99.770    -61.323    -60.952    -61.352    -60.815
    -86.000    -63.084    -62.703    -63.109    -62.574     -0.382     -0.535   -101.710   -101.770    -63.327    -62.953    -63.352    -62.822
    -88.000    -64.940    -64.555    -64.954    -64.413     -0.385     -0.541   -103.710   -103.770    -65.317    -64.944    -65.332    -64.798
    -90.000    -66.749    -66.357    -66.770    -66.220     -0.392     -0.550   -105.710   -105.770    -67.336    -66.961    -67.357    -66.817
    -92.000    -68.445    -68.031    -68.458    -67.907     -0.414     -0.551   -107.710   -107.770    -69.343    -68.952    -69.355    -68.819
    -94.000    -70.011    -69.593    -70.019    -69.455     -0.418     -0.564   -109.710   -109.770    -71.364    -70.981    -71.370    -70.825
    -96.000    -71.355    -70.908    -71.355    -70.793     -0.448     -0.562   -111.710   -111.770    -73.327    -72.916    -73.318    -72.788
    -98.000    -72.513    -72.093    -72.529    -71.954     -0.420     -0.575   -113.710   -113.770    -75.322    -74.987    -75.339    -74.802
   -100.000    -73.477    -73.011    -73.463    -72.892     -0.466     -0.571   -115.710   -115.770    -77.399    -77.001    -77.342    -76.838
   -102.000    -74.142    -73.681    -74.152    -73.577     -0.461     -0.575   -117.710   -117.770    -79.271    -78.928    -79.271    -78.789
   -104.000    -74.680    -74.181    -74.677    -74.096     -0.498     -0.582   -119.710   -119.770    -81.343    -80.893    -81.281    -80.824
   -106.000    -75.051    -74.549    -75.057    -74.454     -0.502     -0.603   -121.710   -121.770    -83.422    -82.977    -83.377    -82.851
   -108.000    -75.296    -74.794    -75.304    -74.693     -0.502     -0.611   -123.710   -123.770    -85.474    -85.062    -85.420    -84.860
   -110.000    -75.463    -74.945    -75.454    -74.833     -0.518     -0.620   -125.710   -125.770    -87.638    -87.023    -87.276    -86.600
   -112.000    -75.552    -75.062    -75.561    -74.950     -0.491     -0.611   -127.710   -127.770    -89.427    -89.460    -89.301    -88.809
   -114.000    -75.616    -75.101    -75.638    -75.019     -0.515     -0.619   -129.710   -129.770    -91.330    -90.697    -91.619    -90.880
   -116.000    -75.654    -75.176    -75.682    -75.073     -0.478     -0.609   -131.710   -131.770    -93.013    -94.894    -93.814    -93.721
   -118.000    -75.703    -75.179    -75.705    -75.087     -0.525     -0.619   -133.710   -133.770    -97.208    -95.194    -95.722    -94.850
   -120.000    -75.707    -75.194    -75.729    -75.106     -0.514     -0.623   -135.710   -135.770    -97.797    -97.023    -99.132    -97.264
   -122.000    -75.731    -75.214    -75.726    -75.124     -0.517     -0.602   -137.710   -137.770   -107.760   -102.409    -98.445   -101.914
   -124.000    -75.741    -75.212    -75.737    -75.116     -0.529     -0.621   -139.710   -139.770   -107.760   -101.264   -101.372    -99.300
   -126.000    -75.732    -75.231    -75.760    -75.136     -0.501     -0.624   -141.710   -141.770   -107.760   -101.264   -101.372    -99.300
   -128.000    -75.731    -75.241    -75.763    -75.122     -0.490     -0.641   -143.710   -143.770   -107.760   -101.264   -101.372    -99.300
   -130.000    -75.744    -75.220    -75.741    -75.126     -0.524     -0.614   -145.710   -145.770   -107.760   -101.264   -101.372    -99.300
   -132.000    -75.743    -75.234    -75.751    -75.156     -0.510     -0.595   -147.710   -147.770   -107.760   -101.264   -101.372    -99.300
   -134.000    -75.725    -75.227    -75.758    -75.138     -0.498     -0.620   -149.710   -149.770   -107.760   -101.264   -101.372    -99.300
   -136.000    -75.736    -75.229    -75.763    -75.142     -0.506     -0.621   -151.710   -151.770   -107.760   -101.264   -101.372    -99.300
   -138.000    -75.749    -75.220    -75.754    -75.147     -0.528     -0.607   -153.710   -153.770   -107.760   -101.264   -101.372    -99.300
   -140.000    -75.738    -75.226    -75.758    -75.147     -0.512     -0.611   -155.710   -155.770   -107.760   -101.264   -101.372    -99.300
