     14.000      6.618      6.806      6.434      8.924     -0.188     -2.490    -29.090    -28.960      6.618      6.806      6.434      8.924
     11.000      6.284      6.514      6.098      6.861     -0.229     -0.763    -32.090    -31.960      6.284      6.514      6.098      6.861
      8.000      3.649      3.866      3.610      3.926     -0.217     -0.316    -35.090    -34.960      3.649      3.866      3.610      3.926
      5.000      0.748      0.962      0.751      1.067     -0.214     -0.315    -38.090    -37.960      0.748      0.962      0.751      1.067
      2.000     -2.213     -2.001     -2.181     -1.866     -0.212     -0.315    -41.090    -40.960     -2.213     -2.001     -2.181     -1.866
     -1.000     -5.211     -5.002     -5.159     -4.846     -0.209     -0.313    -44.090    -43.960     -5.211     -5.002     -5.159     -4.846
     -4.000     -8.233     -8.025     -8.169     -7.857     -0.208     -0.312    -47.090    -46.960     -8.233     -8.025     -8.169     -7.857
     -7.000    -11.231    -11.026    -11.158    -10.848     -0.205     -0.310    -50.090    -49.960    -11.231    -11.027    -11.158    -10.848
    -10.000    -14.237    -14.031    -14.156    -13.844     -0.206     -0.312    -53.090    -52.960    -14.237    -14.031    -14.156    -13.844
    -13.000    -17.218    -17.014    -17.139    -16.827     -0.204     -0.312    -56.090    -55.960    -17.218    -17.014    -17.139    -16.827
    -16.000    -20.223    -20.020    -20.144    -19.833     -0.203     -0.310    -59.090    -58.960    -20.223    -20.020    -20.144    -19.833
    -19.000    -23.233    -23.031    -23.151    -22.839     -0.202     -0.312    -62.090    -61.960    -23.233    -23.031    -23.151    -22.839
    -22.000    -26.229    -26.025    -26.145    -25.833     -0.203     -0.312    -65.090    -64.960    -26.229    -26.026    -26.145    -25.833
    -25.000    -29.227    -29.025    -29.143    -28.831     -0.202     -0.312    -68.090    -67.960    -29.227    -29.025    -29.143    -28.831
    -28.000    -32.217    -32.013    -32.136    -31.821     -0.204     -0.316    -71.090    -70.960    -32.217    -32.013    -32.137    -31.821
    -31.000    -35.227    -35.021    -35.146    -34.830     -0.206     -0.316    -74.090    -73.960    -35.227    -35.022    -35.147    -34.830
    -34.000    -38.230    -38.025    -38.146    -37.833     -0.204     -0.313    -77.090    -76.960    -38.230    -38.026    -38.147    -37.834
    -37.000    -41.234    -41.029    -41.150    -40.823     -0.204     -0.327    -80.090    -79.960    -41.235    -41.031    -41.152    -40.825
    -40.000    -44.219    -44.015    -44.138    -43.812     -0.204     -0.326    -83.090    -82.960    -44.222    -44.019    -44.141    -43.815
    -43.000    -47.181    -46.980    -47.110    -46.787     -0.201     -0.323    -86.090    -85.960    -47.188    -46.987    -47.116    -46.794
    -46.000    -50.185    -49.985    -50.118    -49.801     -0.200     -0.318    -89.090    -88.960    -50.197    -49.998    -50.131    -49.813
    -49.000    -53.179    -52.977    -53.118    -52.798     -0.201     -0.320    -92.090    -91.960    -53.203    -53.003    -53.142    -52.823
    -52.000    -56.142    -55.946    -56.092    -55.764     -0.195     -0.328    -95.090    -94.960    -56.191    -55.997    -56.141    -55.814
    -55.000    -59.110    -58.906    -59.071    -58.749     -0.204     -0.322    -98.090    -97.960    -59.208    -59.007    -59.168    -58.849
    -58.000    -62.006    -61.802    -61.967    -61.650     -0.204     -0.318   -101.090   -100.960    -62.199    -62.001    -62.160    -61.848
    -61.000    -64.827    -64.624    -64.784    -64.457     -0.203     -0.327   -104.090   -103.960    -65.205    -65.013    -65.160    -64.842
    -64.000    -67.475    -67.269    -67.436    -67.106     -0.206     -0.330   -107.090   -106.960    -68.197    -68.014    -68.155    -67.844
    -67.000    -69.851    -69.630    -69.810    -69.458     -0.221     -0.353   -110.090   -109.960    -71.186    -71.006    -71.137    -70.816
    -70.000    -71.846    -71.608    -71.841    -71.470     -0.239     -0.371   -113.090   -112.960    -74.207    -74.036    -74.209    -73.887
    -73.000    -73.329    -73.078    -73.320    -72.933     -0.251     -0.387   -116.090   -115.960    -77.200    -77.067    -77.201    -76.890
    -76.000    -74.330    -74.025    -74.303    -73.909     -0.305     -0.394   -119.090   -118.960    -80.226    -79.997    -80.171    -79.906
    -79.000    -74.933    -74.596    -74.899    -74.483     -0.337     -0.415   -122.090   -121.960    -83.269    -82.901    -83.135    -82.854
    -82.000    -75.248    -74.923    -75.223    -74.800     -0.326     -0.422   -125.090   -124.960    -86.092    -85.825    -85.966    -85.723
    -85.000    -75.442    -75.108    -75.405    -74.978     -0.334     -0.426   -128.090   -127.960    -89.370    -88.954    -88.862    -88.705
    -88.000    -75.551    -75.198    -75.503    -75.065     -0.353     -0.438   -131.090   -130.960    -93.444    -91.950    -91.830    -91.418
    -91.000    -75.587    -75.248    -75.555    -75.112     -0.338     -0.443   -134.090   -133.960    -96.520    -95.384    -94.990    -94.170
    -94.000    -75.621    -75.273    -75.576    -75.146     -0.348     -0.430   -137.090   -136.960   -113.233    -99.157    -97.310    -98.463
    -97.000    -75.590    -75.266    -75.587    -75.161     -0.324     -0.426   -140.090   -139.960    -96.981    -97.726    -99.358   -104.271
   -100.000    -75.618    -75.263    -75.606    -75.152     -0.355     -0.454   -143.090   -142.960   -106.144    -97.217    -99.358    -99.883
   -103.000    -75.616    -75.289    -75.603    -75.144     -0.327     -0.459   -146.090   -145.960   -104.274   -110.178    -99.358    -98.043
   -106.000    -75.632    -75.284    -75.594    -75.167     -0.348     -0.426   -149.090   -148.960   -104.274   -103.381    -99.358    -98.043
   -109.000    -75.610    -75.288    -75.614    -75.174     -0.322     -0.440   -152.090   -151.960   -104.274   -107.220    -99.358    -98.043
   -112.000    -75.625    -75.315    -75.614    -75.194     -0.309     -0.420   -155.090   -154.960   -104.274   -107.220    -99.358    -98.043
   -115.000    -75.637    -75.296    -75.610    -75.195     -0.342     -0.415   -158.090   -157.960   -104.274   -107.220    -99.358    -98.043
   -118.000    -75.614    -75.300    -75.594    -75.139     -0.314     -0.455   -161.090   -160.960   -104.274   -107.220    -99.358    -98.043
