     14.000      7.673      7.929   -999.900   -999.900     -0.255      0.000    -29.500    -29.300      7.673      7.929   -999.900   -999.900
     11.000      5.616      6.541   -999.900   -999.900     -0.925      0.000    -32.500    -32.300      5.616      6.541   -999.900   -999.900
      8.000      2.841      4.003   -999.900   -999.900     -1.163      0.000    -35.500    -35.300      2.841      4.003   -999.900   -999.900
      5.000     -0.090      1.140   -999.900   -999.900     -1.230      0.000    -38.500    -38.300     -0.090      1.140   -999.900   -999.900
      2.000     -3.051     -1.783   -999.900   -999.900     -1.267      0.000    -41.500    -41.300     -3.051     -1.783   -999.900   -999.900
     -1.000     -6.042     -4.749   -999.900   -999.900     -1.292      0.000    -44.500    -44.300     -6.042     -4.749   -999.900   -999.900
     -4.000     -9.073     -7.764   -999.900   -999.900     -1.308      0.000    -47.500    -47.300     -9.073     -7.764   -999.900   -999.900
     -7.000    -12.065    -10.746   -999.900   -999.900     -1.319      0.000    -50.500    -50.300    -12.065    -10.746   -999.900   -999.900
    -10.000    -15.077    -13.759   -999.900   -999.900     -1.319      0.000    -53.500    -53.300    -15.077    -13.759   -999.900   -999.900
    -13.000    -18.076    -16.750   -999.900   -999.900     -1.326      0.000    -56.500    -56.300    -18.076    -16.750   -999.900   -999.900
    -16.000    -21.075    -19.749   -999.900   -999.900     -1.326      0.000    -59.500    -59.300    -21.075    -19.749   -999.900   -999.900
    -19.000    -24.075    -22.745   -999.900   -999.900     -1.330      0.000    -62.500    -62.300    -24.075    -22.745   -999.900   -999.900
    -22.000    -27.080    -25.752   -999.900   -999.900     -1.328      0.000    -65.500    -65.300    -27.080    -25.752   -999.900   -999.900
    -25.000    -30.063    -28.735   -999.900   -999.900     -1.328      0.000    -68.500    -68.300    -30.063    -28.736   -999.900   -999.900
    -28.000    -33.062    -31.734   -999.900   -999.900     -1.329      0.000    -71.500    -71.300    -33.062    -31.734   -999.900   -999.900
    -31.000    -36.062    -34.733   -999.900   -999.900     -1.329      0.000    -74.500    -74.300    -36.063    -34.733   -999.900   -999.900
    -34.000    -39.074    -37.748   -999.900   -999.900     -1.326      0.000    -77.500    -77.300    -39.075    -37.748   -999.900   -999.900
    -37.000    -42.067    -40.737   -999.900   -999.900     -1.331      0.000    -80.500    -80.300    -42.069    -40.738   -999.900   -999.900
    -40.000    -45.073    -43.748   -999.900   -999.900     -1.325      0.000    -83.500    -83.300    -45.076    -43.751   -999.900   -999.900
    -43.000    -48.028    -46.713   -999.900   -999.900     -1.315      0.000    -86.500    -86.300    -48.034    -46.719   -999.900   -999.900
    -46.000    -51.025    -49.718   -999.900   -999.900     -1.306      0.000    -89.500    -89.300    -51.038    -49.731   -999.900   -999.900
    -49.000    -54.033    -52.735   -999.900   -999.900     -1.297      0.000    -92.500    -92.300    -54.058    -52.761   -999.900   -999.900
    -52.000    -56.998    -55.696   -999.900   -999.900     -1.302      0.000    -95.500    -95.300    -57.049    -55.747   -999.900   -999.900
    -55.000    -59.976    -58.678   -999.900   -999.900     -1.298      0.000    -98.500    -98.300    -60.078    -58.780   -999.900   -999.900
    -58.000    -62.878    -61.578   -999.900   -999.900     -1.299      0.000   -101.500   -101.300    -63.078    -61.778   -999.900   -999.900
    -61.000    -65.701    -64.399   -999.900   -999.900     -1.302      0.000   -104.500   -104.300    -66.093    -64.790   -999.900   -999.900
    -64.000    -68.334    -67.024   -999.900   -999.900     -1.310      0.000   -107.500   -107.300    -69.082    -67.769   -999.900   -999.900
    -67.000    -70.691    -69.402   -999.900   -999.900     -1.289      0.000   -110.500   -110.300    -72.070    -70.786   -999.900   -999.900
    -70.000    -72.671    -71.366   -999.900   -999.900     -1.306      0.000   -113.500   -113.300    -75.108    -73.798   -999.900   -999.900
    -73.000    -74.135    -72.819   -999.900   -999.900     -1.316      0.000   -116.500   -116.300    -78.129    -76.790   -999.900   -999.900
    -76.000    -75.111    -73.805   -999.900   -999.900     -1.306      0.000   -119.500   -119.300    -81.185    -79.861   -999.900   -999.900
    -79.000    -75.670    -74.365   -999.900   -999.900     -1.305      0.000   -122.500   -122.300    -84.099    -82.769   -999.900   -999.900
    -82.000    -75.995    -74.701   -999.900   -999.900     -1.294      0.000   -125.500   -125.300    -87.130    -85.915   -999.900   -999.900
    -85.000    -76.173    -74.874   -999.900   -999.900     -1.299      0.000   -128.500   -128.300    -90.327    -89.071   -999.900   -999.900
    -88.000    -76.256    -74.968   -999.900   -999.900     -1.288      0.000   -131.500   -131.300    -93.254    -92.643   -999.900   -999.900
    -91.000    -76.313    -74.995   -999.900   -999.900     -1.318      0.000   -134.500   -134.300    -97.891    -94.593   -999.900   -999.900
    -94.000    -76.338    -75.025   -999.900   -999.900     -1.313      0.000   -137.500   -137.300   -105.301    -98.955   -999.900   -999.900
    -97.000    -76.336    -75.026   -999.900   -999.900     -1.310      0.000   -140.500   -140.300   -104.333    -99.154   -999.900   -999.900
   -100.000    -76.351    -75.035   -999.900   -999.900     -1.315      0.000   -143.500   -143.300   -104.333   -102.536   -999.900   -999.900
   -103.000    -76.342    -75.041   -999.900   -999.900     -1.301      0.000   -146.500   -146.300   -104.333   -108.800   -999.900   -999.900
   -106.000    -76.348    -75.046   -999.900   -999.900     -1.302      0.000   -149.500   -149.300   -104.333   -108.800   -999.900   -999.900
   -109.000    -76.346    -75.046   -999.900   -999.900     -1.300      0.000   -152.500   -152.300   -104.333   -108.800   -999.900   -999.900
   -112.000    -76.336    -75.036   -999.900   -999.900     -1.300      0.000   -155.500   -155.300   -104.333   -108.800   -999.900   -999.900
   -115.000    -76.341    -75.043   -999.900   -999.900     -1.298      0.000   -158.500   -158.300   -104.333   -108.800   -999.900   -999.900
   -118.000    -76.339    -75.053   -999.900   -999.900     -1.286      0.000   -161.500   -161.300   -104.333   -108.800   -999.900   -999.900
