     14.000      7.655      7.918   -999.900   -999.900     -0.263      0.000    -29.500    -29.300      7.655      7.918   -999.900   -999.900
     11.000      5.563      6.503   -999.900   -999.900     -0.940      0.000    -32.500    -32.300      5.563      6.503   -999.900   -999.900
      8.000      2.784      3.952   -999.900   -999.900     -1.168      0.000    -35.500    -35.300      2.784      3.952   -999.900   -999.900
      5.000     -0.161      1.073   -999.900   -999.900     -1.234      0.000    -38.500    -38.300     -0.161      1.073   -999.900   -999.900
      2.000     -3.121     -1.849   -999.900   -999.900     -1.272      0.000    -41.500    -41.300     -3.121     -1.849   -999.900   -999.900
     -1.000     -6.114     -4.818   -999.900   -999.900     -1.297      0.000    -44.500    -44.300     -6.114     -4.818   -999.900   -999.900
     -4.000     -9.147     -7.835   -999.900   -999.900     -1.312      0.000    -47.500    -47.300     -9.147     -7.835   -999.900   -999.900
     -7.000    -12.140    -10.817   -999.900   -999.900     -1.323      0.000    -50.500    -50.300    -12.140    -10.817   -999.900   -999.900
    -10.000    -15.151    -13.829   -999.900   -999.900     -1.322      0.000    -53.500    -53.300    -15.151    -13.829   -999.900   -999.900
    -13.000    -18.151    -16.820   -999.900   -999.900     -1.330      0.000    -56.500    -56.300    -18.151    -16.820   -999.900   -999.900
    -16.000    -21.148    -19.819   -999.900   -999.900     -1.330      0.000    -59.500    -59.300    -21.149    -19.819   -999.900   -999.900
    -19.000    -24.148    -22.815   -999.900   -999.900     -1.334      0.000    -62.500    -62.300    -24.148    -22.815   -999.900   -999.900
    -22.000    -27.153    -25.821   -999.900   -999.900     -1.332      0.000    -65.500    -65.300    -27.153    -25.821   -999.900   -999.900
    -25.000    -30.136    -28.804   -999.900   -999.900     -1.331      0.000    -68.500    -68.300    -30.136    -28.804   -999.900   -999.900
    -28.000    -33.135    -31.803   -999.900   -999.900     -1.332      0.000    -71.500    -71.300    -33.135    -31.803   -999.900   -999.900
    -31.000    -36.136    -34.802   -999.900   -999.900     -1.334      0.000    -74.500    -74.300    -36.137    -34.803   -999.900   -999.900
    -34.000    -39.146    -37.816   -999.900   -999.900     -1.330      0.000    -77.500    -77.300    -39.147    -37.817   -999.900   -999.900
    -37.000    -42.140    -40.806   -999.900   -999.900     -1.334      0.000    -80.500    -80.300    -42.142    -40.808   -999.900   -999.900
    -40.000    -45.145    -43.817   -999.900   -999.900     -1.329      0.000    -83.500    -83.300    -45.149    -43.820   -999.900   -999.900
    -43.000    -48.101    -46.783   -999.900   -999.900     -1.318      0.000    -86.500    -86.300    -48.107    -46.790   -999.900   -999.900
    -46.000    -51.096    -49.787   -999.900   -999.900     -1.309      0.000    -89.500    -89.300    -51.109    -49.800   -999.900   -999.900
    -49.000    -54.104    -52.801   -999.900   -999.900     -1.303      0.000    -92.500    -92.300    -54.130    -52.827   -999.900   -999.900
    -52.000    -57.067    -55.765   -999.900   -999.900     -1.302      0.000    -95.500    -95.300    -57.118    -55.817   -999.900   -999.900
    -55.000    -60.045    -58.746   -999.900   -999.900     -1.299      0.000    -98.500    -98.300    -60.148    -58.849   -999.900   -999.900
    -58.000    -62.943    -61.641   -999.900   -999.900     -1.302      0.000   -101.500   -101.300    -63.144    -61.844   -999.900   -999.900
    -61.000    -65.774    -64.458   -999.900   -999.900     -1.316      0.000   -104.500   -104.300    -66.169    -64.854   -999.900   -999.900
    -64.000    -68.396    -67.089   -999.900   -999.900     -1.308      0.000   -107.500   -107.300    -69.149    -67.846   -999.900   -999.900
    -67.000    -70.755    -69.443   -999.900   -999.900     -1.312      0.000   -110.500   -110.300    -72.145    -70.841   -999.900   -999.900
    -70.000    -72.714    -71.407   -999.900   -999.900     -1.307      0.000   -113.500   -113.300    -75.154    -73.867   -999.900   -999.900
    -73.000    -74.175    -72.852   -999.900   -999.900     -1.323      0.000   -116.500   -116.300    -78.176    -76.867   -999.900   -999.900
    -76.000    -75.148    -73.811   -999.900   -999.900     -1.337      0.000   -119.500   -119.300    -81.223    -79.871   -999.900   -999.900
    -79.000    -75.709    -74.379   -999.900   -999.900     -1.330      0.000   -122.500   -122.300    -84.156    -82.843   -999.900   -999.900
    -82.000    -76.027    -74.710   -999.900   -999.900     -1.317      0.000   -125.500   -125.300    -87.102    -85.977   -999.900   -999.900
    -85.000    -76.201    -74.879   -999.900   -999.900     -1.322      0.000   -128.500   -128.300    -90.161    -89.104   -999.900   -999.900
    -88.000    -76.294    -74.970   -999.900   -999.900     -1.324      0.000   -131.500   -131.300    -93.391    -92.540   -999.900   -999.900
    -91.000    -76.336    -75.003   -999.900   -999.900     -1.333      0.000   -134.500   -134.300    -96.351    -95.018   -999.900   -999.900
    -94.000    -76.352    -75.022   -999.900   -999.900     -1.331      0.000   -137.500   -137.300    -98.356    -97.394   -999.900   -999.900
    -97.000    -76.376    -75.036   -999.900   -999.900     -1.341      0.000   -140.500   -140.300   -107.590   -100.928   -999.900   -999.900
   -100.000    -76.381    -75.041   -999.900   -999.900     -1.340      0.000   -143.500   -143.300   -107.590   -103.970   -999.900   -999.900
   -103.000    -76.389    -75.045   -999.900   -999.900     -1.343      0.000   -146.500   -146.300   -107.590   -109.810   -999.900   -999.900
   -106.000    -76.379    -75.038   -999.900   -999.900     -1.341      0.000   -149.500   -149.300   -107.590   -102.071   -999.900   -999.900
   -109.000    -76.384    -75.042   -999.900   -999.900     -1.342      0.000   -152.500   -152.300   -107.590   -104.496   -999.900   -999.900
   -112.000    -76.377    -75.044   -999.900   -999.900     -1.333      0.000   -155.500   -155.300   -107.590   -106.836   -999.900   -999.900
   -115.000    -76.381    -75.067   -999.900   -999.900     -1.314      0.000   -158.500   -158.300   -107.590   -106.836   -999.900   -999.900
   -118.000    -76.366    -75.050   -999.900   -999.900     -1.317      0.000   -161.500   -161.300   -107.590   -106.836   -999.900   -999.900
