     14.000      8.064      7.901   -999.900   -999.900      0.164      0.000    -29.500    -29.300      8.064      7.901   -999.900   -999.900
     11.000      6.804      6.443   -999.900   -999.900      0.360      0.000    -32.500    -32.300      6.804      6.443   -999.900   -999.900
      8.000      4.282      3.867   -999.900   -999.900      0.415      0.000    -35.500    -35.300      4.282      3.867   -999.900   -999.900
      5.000      1.385      0.993   -999.900   -999.900      0.392      0.000    -38.500    -38.300      1.385      0.993   -999.900   -999.900
      2.000     -1.561     -1.933   -999.900   -999.900      0.372      0.000    -41.500    -41.300     -1.561     -1.933   -999.900   -999.900
     -1.000     -4.546     -4.903   -999.900   -999.900      0.357      0.000    -44.500    -44.300     -4.546     -4.903   -999.900   -999.900
     -4.000     -7.578     -7.926   -999.900   -999.900      0.348      0.000    -47.500    -47.300     -7.578     -7.926   -999.900   -999.900
     -7.000    -10.570    -10.909   -999.900   -999.900      0.339      0.000    -50.500    -50.300    -10.570    -10.909   -999.900   -999.900
    -10.000    -13.592    -13.923   -999.900   -999.900      0.331      0.000    -53.500    -53.300    -13.592    -13.923   -999.900   -999.900
    -13.000    -16.586    -16.916   -999.900   -999.900      0.329      0.000    -56.500    -56.300    -16.586    -16.916   -999.900   -999.900
    -16.000    -19.587    -19.916   -999.900   -999.900      0.329      0.000    -59.500    -59.300    -19.587    -19.916   -999.900   -999.900
    -19.000    -22.585    -22.913   -999.900   -999.900      0.328      0.000    -62.500    -62.300    -22.585    -22.913   -999.900   -999.900
    -22.000    -25.593    -25.920   -999.900   -999.900      0.327      0.000    -65.500    -65.300    -25.593    -25.920   -999.900   -999.900
    -25.000    -28.577    -28.905   -999.900   -999.900      0.328      0.000    -68.500    -68.300    -28.577    -28.905   -999.900   -999.900
    -28.000    -31.577    -31.904   -999.900   -999.900      0.327      0.000    -71.500    -71.300    -31.577    -31.905   -999.900   -999.900
    -31.000    -34.576    -34.905   -999.900   -999.900      0.329      0.000    -74.500    -74.300    -34.576    -34.905   -999.900   -999.900
    -34.000    -37.593    -37.921   -999.900   -999.900      0.328      0.000    -77.500    -77.300    -37.593    -37.921   -999.900   -999.900
    -37.000    -40.585    -40.910   -999.900   -999.900      0.325      0.000    -80.500    -80.300    -40.587    -40.912   -999.900   -999.900
    -40.000    -43.581    -43.922   -999.900   -999.900      0.341      0.000    -83.500    -83.300    -43.584    -43.925   -999.900   -999.900
    -43.000    -46.554    -46.890   -999.900   -999.900      0.336      0.000    -86.500    -86.300    -46.560    -46.896   -999.900   -999.900
    -46.000    -49.553    -49.896   -999.900   -999.900      0.343      0.000    -89.500    -89.300    -49.565    -49.909   -999.900   -999.900
    -49.000    -52.555    -52.911   -999.900   -999.900      0.356      0.000    -92.500    -92.300    -52.581    -52.937   -999.900   -999.900
    -52.000    -55.520    -55.879   -999.900   -999.900      0.359      0.000    -95.500    -95.300    -55.570    -55.931   -999.900   -999.900
    -55.000    -58.499    -58.854   -999.900   -999.900      0.356      0.000    -98.500    -98.300    -58.598    -58.958   -999.900   -999.900
    -58.000    -61.399    -61.747   -999.900   -999.900      0.349      0.000   -101.500   -101.300    -61.595    -61.951   -999.900   -999.900
    -61.000    -64.226    -64.565   -999.900   -999.900      0.338      0.000   -104.500   -104.300    -64.612    -64.964   -999.900   -999.900
    -64.000    -66.815    -67.164   -999.900   -999.900      0.349      0.000   -107.500   -107.300    -67.542    -67.920   -999.900   -999.900
    -67.000    -69.253    -69.560   -999.900   -999.900      0.307      0.000   -110.500   -110.300    -70.623    -70.971   -999.900   -999.900
    -70.000    -71.209    -71.481   -999.900   -999.900      0.273      0.000   -113.500   -113.300    -73.607    -73.936   -999.900   -999.900
    -73.000    -72.692    -72.922   -999.900   -999.900      0.230      0.000   -116.500   -116.300    -76.639    -76.919   -999.900   -999.900
    -76.000    -73.726    -73.912   -999.900   -999.900      0.186      0.000   -119.500   -119.300    -79.878    -80.031   -999.900   -999.900
    -79.000    -74.303    -74.506   -999.900   -999.900      0.203      0.000   -122.500   -122.300    -83.006    -83.245   -999.900   -999.900
    -82.000    -74.536    -74.786   -999.900   -999.900      0.250      0.000   -125.500   -125.300    -85.130    -85.982   -999.900   -999.900
    -85.000    -74.754    -74.941   -999.900   -999.900      0.187      0.000   -128.500   -128.300    -88.725    -88.670   -999.900   -999.900
    -88.000    -74.869    -75.067   -999.900   -999.900      0.199      0.000   -131.500   -131.300    -93.285    -93.597   -999.900   -999.900
    -91.000    -74.864    -75.091   -999.900   -999.900      0.227      0.000   -134.500   -134.300    -92.992    -95.745   -999.900   -999.900
    -94.000    -74.939    -75.136   -999.900   -999.900      0.197      0.000   -137.500   -137.300    -92.992    -95.745   -999.900   -999.900
    -97.000    -74.914    -75.118   -999.900   -999.900      0.204      0.000   -140.500   -140.300    -92.992    -95.745   -999.900   -999.900
   -100.000    -74.883    -75.075   -999.900   -999.900      0.193      0.000   -143.500   -143.300    -92.992    -95.745   -999.900   -999.900
   -103.000    -74.959    -75.149   -999.900   -999.900      0.190      0.000   -146.500   -146.300    -92.992    -95.745   -999.900   -999.900
   -106.000    -74.907    -75.105   -999.900   -999.900      0.198      0.000   -149.500   -149.300    -92.992    -95.745   -999.900   -999.900
   -109.000    -74.954    -75.138   -999.900   -999.900      0.184      0.000   -152.500   -152.300    -92.992    -95.745   -999.900   -999.900
   -112.000    -74.949    -75.166   -999.900   -999.900      0.216      0.000   -155.500   -155.300    -92.992    -95.745   -999.900   -999.900
   -115.000    -74.859    -75.108   -999.900   -999.900      0.249      0.000   -158.500   -158.300    -92.992    -95.745   -999.900   -999.900
   -118.000    -75.013    -75.161   -999.900   -999.900      0.149      0.000   -161.500   -161.300    -92.992    -95.745   -999.900   -999.900
