     14.000      7.937      7.913   -999.900   -999.900      0.024      0.000    -29.500    -29.300      7.937      7.913   -999.900   -999.900
     11.000      6.453      6.479   -999.900   -999.900     -0.026      0.000    -32.500    -32.300      6.453      6.479   -999.900   -999.900
      8.000      3.813      3.916   -999.900   -999.900     -0.103      0.000    -35.500    -35.300      3.813      3.916   -999.900   -999.900
      5.000      0.904      1.044   -999.900   -999.900     -0.139      0.000    -38.500    -38.300      0.904      1.044   -999.900   -999.900
      2.000     -2.043     -1.879   -999.900   -999.900     -0.164      0.000    -41.500    -41.300     -2.043     -1.879   -999.900   -999.900
     -1.000     -5.032     -4.849   -999.900   -999.900     -0.183      0.000    -44.500    -44.300     -5.032     -4.849   -999.900   -999.900
     -4.000     -8.060     -7.865   -999.900   -999.900     -0.195      0.000    -47.500    -47.300     -8.060     -7.865   -999.900   -999.900
     -7.000    -11.053    -10.849   -999.900   -999.900     -0.204      0.000    -50.500    -50.300    -11.053    -10.849   -999.900   -999.900
    -10.000    -14.072    -13.862   -999.900   -999.900     -0.210      0.000    -53.500    -53.300    -14.072    -13.862   -999.900   -999.900
    -13.000    -17.067    -16.855   -999.900   -999.900     -0.213      0.000    -56.500    -56.300    -17.067    -16.855   -999.900   -999.900
    -16.000    -20.067    -19.854   -999.900   -999.900     -0.213      0.000    -59.500    -59.300    -20.067    -19.854   -999.900   -999.900
    -19.000    -23.066    -22.851   -999.900   -999.900     -0.215      0.000    -62.500    -62.300    -23.066    -22.851   -999.900   -999.900
    -22.000    -26.073    -25.858   -999.900   -999.900     -0.215      0.000    -65.500    -65.300    -26.073    -25.858   -999.900   -999.900
    -25.000    -29.057    -28.843   -999.900   -999.900     -0.214      0.000    -68.500    -68.300    -29.057    -28.843   -999.900   -999.900
    -28.000    -32.057    -31.842   -999.900   -999.900     -0.214      0.000    -71.500    -71.300    -32.057    -31.843   -999.900   -999.900
    -31.000    -35.058    -34.843   -999.900   -999.900     -0.215      0.000    -74.500    -74.300    -35.058    -34.843   -999.900   -999.900
    -34.000    -38.072    -37.858   -999.900   -999.900     -0.215      0.000    -77.500    -77.300    -38.073    -37.858   -999.900   -999.900
    -37.000    -41.064    -40.847   -999.900   -999.900     -0.217      0.000    -80.500    -80.300    -41.066    -40.849   -999.900   -999.900
    -40.000    -44.074    -43.860   -999.900   -999.900     -0.214      0.000    -83.500    -83.300    -44.077    -43.864   -999.900   -999.900
    -43.000    -47.032    -46.827   -999.900   -999.900     -0.205      0.000    -86.500    -86.300    -47.038    -46.834   -999.900   -999.900
    -46.000    -50.028    -49.831   -999.900   -999.900     -0.196      0.000    -89.500    -89.300    -50.040    -49.845   -999.900   -999.900
    -49.000    -53.035    -52.844   -999.900   -999.900     -0.191      0.000    -92.500    -92.300    -53.060    -52.871   -999.900   -999.900
    -52.000    -55.996    -55.808   -999.900   -999.900     -0.187      0.000    -95.500    -95.300    -56.046    -55.862   -999.900   -999.900
    -55.000    -58.978    -58.787   -999.900   -999.900     -0.191      0.000    -98.500    -98.300    -59.079    -58.894   -999.900   -999.900
    -58.000    -61.876    -61.675   -999.900   -999.900     -0.201      0.000   -101.500   -101.300    -62.074    -61.886   -999.900   -999.900
    -61.000    -64.693    -64.487   -999.900   -999.900     -0.206      0.000   -104.500   -104.300    -65.080    -64.900   -999.900   -999.900
    -64.000    -67.311    -67.046   -999.900   -999.900     -0.265      0.000   -107.500   -107.300    -68.047    -67.822   -999.900   -999.900
    -67.000    -69.699    -69.419   -999.900   -999.900     -0.279      0.000   -110.500   -110.300    -71.065    -70.860   -999.900   -999.900
    -70.000    -71.688    -71.356   -999.900   -999.900     -0.332      0.000   -113.500   -113.300    -74.105    -73.881   -999.900   -999.900
    -73.000    -73.147    -72.784   -999.900   -999.900     -0.362      0.000   -116.500   -116.300    -77.095    -76.902   -999.900   -999.900
    -76.000    -74.092    -73.640   -999.900   -999.900     -0.452      0.000   -119.500   -119.300    -79.983    -79.592   -999.900   -999.900
    -79.000    -74.662    -74.130   -999.900   -999.900     -0.532      0.000   -122.500   -122.300    -82.797    -81.954   -999.900   -999.900
    -82.000    -75.002    -74.503   -999.900   -999.900     -0.499      0.000   -125.500   -125.300    -85.724    -84.955   -999.900   -999.900
    -85.000    -75.204    -74.709   -999.900   -999.900     -0.495      0.000   -128.500   -128.300    -89.075    -88.102   -999.900   -999.900
    -88.000    -75.284    -74.810   -999.900   -999.900     -0.474      0.000   -131.500   -131.300    -91.633    -91.135   -999.900   -999.900
    -91.000    -75.273    -74.776   -999.900   -999.900     -0.497      0.000   -134.500   -134.300    -91.181    -89.868   -999.900   -999.900
    -94.000    -75.366    -74.874   -999.900   -999.900     -0.492      0.000   -137.500   -137.300    -98.831    -95.400   -999.900   -999.900
    -97.000    -75.389    -74.863   -999.900   -999.900     -0.526      0.000   -140.500   -140.300    -98.831    -94.298   -999.900   -999.900
   -100.000    -75.405    -74.900   -999.900   -999.900     -0.505      0.000   -143.500   -143.300    -98.831   -100.186   -999.900   -999.900
   -103.000    -75.407    -74.924   -999.900   -999.900     -0.483      0.000   -146.500   -146.300    -98.831   -100.186   -999.900   -999.900
   -106.000    -75.391    -74.929   -999.900   -999.900     -0.462      0.000   -149.500   -149.300    -98.831   -100.186   -999.900   -999.900
   -109.000    -75.378    -74.940   -999.900   -999.900     -0.439      0.000   -152.500   -152.300    -98.831   -100.186   -999.900   -999.900
   -112.000    -75.393    -74.923   -999.900   -999.900     -0.470      0.000   -155.500   -155.300    -98.831   -100.186   -999.900   -999.900
   -115.000    -75.390    -74.913   -999.900   -999.900     -0.477      0.000   -158.500   -158.300    -98.831   -100.186   -999.900   -999.900
   -118.000    -75.336    -74.861   -999.900   -999.900     -0.475      0.000   -161.500   -161.300    -98.831   -100.186   -999.900   -999.900
