     14.000      8.104      7.923   -999.900   -999.900      0.181      0.000    -29.500    -29.300      8.104      7.923   -999.900   -999.900
     11.000      7.019      6.534   -999.900   -999.900      0.485      0.000    -32.500    -32.300      7.019      6.534   -999.900   -999.900
      8.000      4.647      3.989   -999.900   -999.900      0.658      0.000    -35.500    -35.300      4.647      3.989   -999.900   -999.900
      5.000      1.766      1.120   -999.900   -999.900      0.645      0.000    -38.500    -38.300      1.766      1.120   -999.900   -999.900
      2.000     -1.174     -1.804   -999.900   -999.900      0.630      0.000    -41.500    -41.300     -1.174     -1.804   -999.900   -999.900
     -1.000     -4.155     -4.773   -999.900   -999.900      0.618      0.000    -44.500    -44.300     -4.155     -4.773   -999.900   -999.900
     -4.000     -7.179     -7.787   -999.900   -999.900      0.609      0.000    -47.500    -47.300     -7.179     -7.787   -999.900   -999.900
     -7.000    -10.173    -10.772   -999.900   -999.900      0.599      0.000    -50.500    -50.300    -10.173    -10.772   -999.900   -999.900
    -10.000    -13.194    -13.786   -999.900   -999.900      0.592      0.000    -53.500    -53.300    -13.194    -13.786   -999.900   -999.900
    -13.000    -16.188    -16.778   -999.900   -999.900      0.590      0.000    -56.500    -56.300    -16.188    -16.778   -999.900   -999.900
    -16.000    -19.189    -19.778   -999.900   -999.900      0.589      0.000    -59.500    -59.300    -19.189    -19.778   -999.900   -999.900
    -19.000    -22.189    -22.776   -999.900   -999.900      0.588      0.000    -62.500    -62.300    -22.189    -22.776   -999.900   -999.900
    -22.000    -25.197    -25.784   -999.900   -999.900      0.586      0.000    -65.500    -65.300    -25.197    -25.784   -999.900   -999.900
    -25.000    -28.182    -28.769   -999.900   -999.900      0.586      0.000    -68.500    -68.300    -28.183    -28.769   -999.900   -999.900
    -28.000    -31.184    -31.768   -999.900   -999.900      0.584      0.000    -71.500    -71.300    -31.184    -31.768   -999.900   -999.900
    -31.000    -34.187    -34.770   -999.900   -999.900      0.583      0.000    -74.500    -74.300    -34.187    -34.770   -999.900   -999.900
    -34.000    -37.201    -37.785   -999.900   -999.900      0.584      0.000    -77.500    -77.300    -37.202    -37.786   -999.900   -999.900
    -37.000    -40.198    -40.776   -999.900   -999.900      0.578      0.000    -80.500    -80.300    -40.199    -40.777   -999.900   -999.900
    -40.000    -43.215    -43.791   -999.900   -999.900      0.576      0.000    -83.500    -83.300    -43.218    -43.794   -999.900   -999.900
    -43.000    -46.172    -46.758   -999.900   -999.900      0.586      0.000    -86.500    -86.300    -46.177    -46.764   -999.900   -999.900
    -46.000    -49.171    -49.764   -999.900   -999.900      0.593      0.000    -89.500    -89.300    -49.182    -49.776   -999.900   -999.900
    -49.000    -52.182    -52.780   -999.900   -999.900      0.598      0.000    -92.500    -92.300    -52.206    -52.805   -999.900   -999.900
    -52.000    -55.142    -55.747   -999.900   -999.900      0.604      0.000    -95.500    -95.300    -55.189    -55.797   -999.900   -999.900
    -55.000    -58.119    -58.730   -999.900   -999.900      0.610      0.000    -98.500    -98.300    -58.212    -58.830   -999.900   -999.900
    -58.000    -61.028    -61.626   -999.900   -999.900      0.599      0.000   -101.500   -101.300    -61.211    -61.824   -999.900   -999.900
    -61.000    -63.867    -64.453   -999.900   -999.900      0.586      0.000   -104.500   -104.300    -64.226    -64.841   -999.900   -999.900
    -64.000    -66.528    -67.092   -999.900   -999.900      0.564      0.000   -107.500   -107.300    -67.216    -67.834   -999.900   -999.900
    -67.000    -68.938    -69.460   -999.900   -999.900      0.523      0.000   -110.500   -110.300    -70.217    -70.833   -999.900   -999.900
    -70.000    -70.972    -71.430   -999.900   -999.900      0.458      0.000   -113.500   -113.300    -73.245    -73.844   -999.900   -999.900
    -73.000    -72.479    -72.891   -999.900   -999.900      0.412      0.000   -116.500   -116.300    -76.212    -76.838   -999.900   -999.900
    -76.000    -73.514    -73.871   -999.900   -999.900      0.357      0.000   -119.500   -119.300    -79.230    -79.859   -999.900   -999.900
    -79.000    -74.137    -74.451   -999.900   -999.900      0.314      0.000   -122.500   -122.300    -82.225    -82.841   -999.900   -999.900
    -82.000    -74.477    -74.778   -999.900   -999.900      0.301      0.000   -125.500   -125.300    -85.106    -85.856   -999.900   -999.900
    -85.000    -74.655    -74.936   -999.900   -999.900      0.281      0.000   -128.500   -128.300    -87.814    -88.512   -999.900   -999.900
    -88.000    -74.778    -75.032   -999.900   -999.900      0.254      0.000   -131.500   -131.300    -91.535    -91.480   -999.900   -999.900
    -91.000    -74.814    -75.095   -999.900   -999.900      0.281      0.000   -134.500   -134.300    -93.738    -95.956   -999.900   -999.900
    -94.000    -74.841    -75.120   -999.900   -999.900      0.279      0.000   -137.500   -137.300    -96.566   -100.881   -999.900   -999.900
    -97.000    -74.852    -75.123   -999.900   -999.900      0.271      0.000   -140.500   -140.300    -98.637   -102.322   -999.900   -999.900
   -100.000    -74.870    -75.114   -999.900   -999.900      0.243      0.000   -143.500   -143.300    -98.637    -99.091   -999.900   -999.900
   -103.000    -74.887    -75.136   -999.900   -999.900      0.250      0.000   -146.500   -146.300    -98.637    -99.091   -999.900   -999.900
   -106.000    -74.872    -75.144   -999.900   -999.900      0.272      0.000   -149.500   -149.300    -98.637    -99.091   -999.900   -999.900
   -109.000    -74.861    -75.134   -999.900   -999.900      0.273      0.000   -152.500   -152.300    -98.637    -99.091   -999.900   -999.900
   -112.000    -74.865    -75.131   -999.900   -999.900      0.267      0.000   -155.500   -155.300    -98.637    -99.091   -999.900   -999.900
   -115.000    -74.857    -75.123   -999.900   -999.900      0.266      0.000   -158.500   -158.300    -98.637    -99.091   -999.900   -999.900
   -118.000    -74.880    -75.136   -999.900   -999.900      0.256      0.000   -161.500   -161.300    -98.637    -99.091   -999.900   -999.900
