     14.000      8.013      7.918   -999.900   -999.900      0.095      0.000    -29.500    -29.300      8.013      7.918   -999.900   -999.900
     11.000      6.782      6.498   -999.900   -999.900      0.284      0.000    -32.500    -32.300      6.782      6.498   -999.900   -999.900
      8.000      4.268      3.943   -999.900   -999.900      0.324      0.000    -35.500    -35.300      4.268      3.943   -999.900   -999.900
      5.000      1.376      1.074   -999.900   -999.900      0.302      0.000    -38.500    -38.300      1.376      1.074   -999.900   -999.900
      2.000     -1.566     -1.849   -999.900   -999.900      0.282      0.000    -41.500    -41.300     -1.566     -1.849   -999.900   -999.900
     -1.000     -4.550     -4.818   -999.900   -999.900      0.267      0.000    -44.500    -44.300     -4.550     -4.818   -999.900   -999.900
     -4.000     -7.581     -7.838   -999.900   -999.900      0.258      0.000    -47.500    -47.300     -7.581     -7.838   -999.900   -999.900
     -7.000    -10.573    -10.822   -999.900   -999.900      0.249      0.000    -50.500    -50.300    -10.573    -10.822   -999.900   -999.900
    -10.000    -13.594    -13.835   -999.900   -999.900      0.241      0.000    -53.500    -53.300    -13.594    -13.835   -999.900   -999.900
    -13.000    -16.588    -16.827   -999.900   -999.900      0.239      0.000    -56.500    -56.300    -16.588    -16.827   -999.900   -999.900
    -16.000    -19.588    -19.826   -999.900   -999.900      0.238      0.000    -59.500    -59.300    -19.588    -19.826   -999.900   -999.900
    -19.000    -22.586    -22.823   -999.900   -999.900      0.237      0.000    -62.500    -62.300    -22.586    -22.823   -999.900   -999.900
    -22.000    -25.593    -25.830   -999.900   -999.900      0.236      0.000    -65.500    -65.300    -25.593    -25.830   -999.900   -999.900
    -25.000    -28.578    -28.814   -999.900   -999.900      0.237      0.000    -68.500    -68.300    -28.578    -28.815   -999.900   -999.900
    -28.000    -31.577    -31.813   -999.900   -999.900      0.236      0.000    -71.500    -71.300    -31.577    -31.813   -999.900   -999.900
    -31.000    -34.577    -34.813   -999.900   -999.900      0.236      0.000    -74.500    -74.300    -34.577    -34.814   -999.900   -999.900
    -34.000    -37.591    -37.828   -999.900   -999.900      0.237      0.000    -77.500    -77.300    -37.592    -37.829   -999.900   -999.900
    -37.000    -40.584    -40.818   -999.900   -999.900      0.235      0.000    -80.500    -80.300    -40.585    -40.820   -999.900   -999.900
    -40.000    -43.593    -43.830   -999.900   -999.900      0.237      0.000    -83.500    -83.300    -43.596    -43.834   -999.900   -999.900
    -43.000    -46.553    -46.797   -999.900   -999.900      0.244      0.000    -86.500    -86.300    -46.559    -46.803   -999.900   -999.900
    -46.000    -49.550    -49.804   -999.900   -999.900      0.253      0.000    -89.500    -89.300    -49.562    -49.816   -999.900   -999.900
    -49.000    -52.560    -52.816   -999.900   -999.900      0.256      0.000    -92.500    -92.300    -52.584    -52.842   -999.900   -999.900
    -52.000    -55.517    -55.779   -999.900   -999.900      0.262      0.000    -95.500    -95.300    -55.565    -55.830   -999.900   -999.900
    -55.000    -58.500    -58.760   -999.900   -999.900      0.260      0.000    -98.500    -98.300    -58.596    -58.862   -999.900   -999.900
    -58.000    -61.401    -61.656   -999.900   -999.900      0.256      0.000   -101.500   -101.300    -61.590    -61.857   -999.900   -999.900
    -61.000    -64.238    -64.475   -999.900   -999.900      0.237      0.000   -104.500   -104.300    -64.609    -64.867   -999.900   -999.900
    -64.000    -66.884    -67.108   -999.900   -999.900      0.224      0.000   -107.500   -107.300    -67.593    -67.857   -999.900   -999.900
    -67.000    -69.273    -69.471   -999.900   -999.900      0.198      0.000   -110.500   -110.300    -70.587    -70.854   -999.900   -999.900
    -70.000    -71.302    -71.452   -999.900   -999.900      0.151      0.000   -113.500   -113.300    -73.641    -73.898   -999.900   -999.900
    -73.000    -72.799    -72.896   -999.900   -999.900      0.098      0.000   -116.500   -116.300    -76.649    -76.880   -999.900   -999.900
    -76.000    -73.803    -73.870   -999.900   -999.900      0.066      0.000   -119.500   -119.300    -79.670    -79.912   -999.900   -999.900
    -79.000    -74.401    -74.465   -999.900   -999.900      0.064      0.000   -122.500   -122.300    -82.649    -83.051   -999.900   -999.900
    -82.000    -74.720    -74.762   -999.900   -999.900      0.042      0.000   -125.500   -125.300    -85.430    -85.864   -999.900   -999.900
    -85.000    -74.908    -74.943   -999.900   -999.900      0.036      0.000   -128.500   -128.300    -88.420    -89.129   -999.900   -999.900
    -88.000    -75.025    -75.023   -999.900   -999.900     -0.002      0.000   -131.500   -131.300    -92.395    -91.927   -999.900   -999.900
    -91.000    -75.051    -75.064   -999.900   -999.900      0.012      0.000   -134.500   -134.300    -94.120    -94.599   -999.900   -999.900
    -94.000    -75.088    -75.079   -999.900   -999.900     -0.009      0.000   -137.500   -137.300    -99.065    -96.221   -999.900   -999.900
    -97.000    -75.106    -75.074   -999.900   -999.900     -0.032      0.000   -140.500   -140.300    -99.065    -95.654   -999.900   -999.900
   -100.000    -75.099    -75.100   -999.900   -999.900      0.000      0.000   -143.500   -143.300    -99.065   -100.432   -999.900   -999.900
   -103.000    -75.117    -75.123   -999.900   -999.900      0.006      0.000   -146.500   -146.300    -99.065   -100.432   -999.900   -999.900
   -106.000    -75.115    -75.113   -999.900   -999.900     -0.002      0.000   -149.500   -149.300    -99.065   -100.432   -999.900   -999.900
   -109.000    -75.091    -75.117   -999.900   -999.900      0.026      0.000   -152.500   -152.300    -99.065   -100.432   -999.900   -999.900
   -112.000    -75.108    -75.106   -999.900   -999.900     -0.002      0.000   -155.500   -155.300    -99.065   -100.432   -999.900   -999.900
   -115.000    -75.100    -75.129   -999.900   -999.900      0.029      0.000   -158.500   -158.300    -99.065   -100.432   -999.900   -999.900
   -118.000    -75.108    -75.098   -999.900   -999.900     -0.010      0.000   -161.500   -161.300    -99.065   -100.432   -999.900   -999.900
