     14.000      8.092      7.929   -999.900   -999.900      0.164      0.000    -29.500    -29.300      8.092      7.929   -999.900   -999.900
     11.000      6.921      6.533   -999.900   -999.900      0.388      0.000    -32.500    -32.300      6.921      6.533   -999.900   -999.900
      8.000      4.466      3.986   -999.900   -999.900      0.481      0.000    -35.500    -35.300      4.466      3.986   -999.900   -999.900
      5.000      1.576      1.116   -999.900   -999.900      0.460      0.000    -38.500    -38.300      1.576      1.116   -999.900   -999.900
      2.000     -1.368     -1.809   -999.900   -999.900      0.441      0.000    -41.500    -41.300     -1.368     -1.809   -999.900   -999.900
     -1.000     -4.351     -4.778   -999.900   -999.900      0.426      0.000    -44.500    -44.300     -4.351     -4.778   -999.900   -999.900
     -4.000     -7.384     -7.801   -999.900   -999.900      0.417      0.000    -47.500    -47.300     -7.384     -7.801   -999.900   -999.900
     -7.000    -10.377    -10.785   -999.900   -999.900      0.408      0.000    -50.500    -50.300    -10.377    -10.785   -999.900   -999.900
    -10.000    -13.402    -13.801   -999.900   -999.900      0.400      0.000    -53.500    -53.300    -13.402    -13.801   -999.900   -999.900
    -13.000    -16.397    -16.795   -999.900   -999.900      0.398      0.000    -56.500    -56.300    -16.397    -16.795   -999.900   -999.900
    -16.000    -19.399    -19.796   -999.900   -999.900      0.397      0.000    -59.500    -59.300    -19.399    -19.796   -999.900   -999.900
    -19.000    -22.399    -22.795   -999.900   -999.900      0.396      0.000    -62.500    -62.300    -22.399    -22.795   -999.900   -999.900
    -22.000    -25.408    -25.804   -999.900   -999.900      0.396      0.000    -65.500    -65.300    -25.408    -25.804   -999.900   -999.900
    -25.000    -28.393    -28.789   -999.900   -999.900      0.396      0.000    -68.500    -68.300    -28.393    -28.789   -999.900   -999.900
    -28.000    -31.394    -31.790   -999.900   -999.900      0.396      0.000    -71.500    -71.300    -31.394    -31.790   -999.900   -999.900
    -31.000    -34.396    -34.791   -999.900   -999.900      0.395      0.000    -74.500    -74.300    -34.397    -34.792   -999.900   -999.900
    -34.000    -37.412    -37.808   -999.900   -999.900      0.396      0.000    -77.500    -77.300    -37.412    -37.808   -999.900   -999.900
    -37.000    -40.404    -40.799   -999.900   -999.900      0.394      0.000    -80.500    -80.300    -40.406    -40.801   -999.900   -999.900
    -40.000    -43.419    -43.814   -999.900   -999.900      0.395      0.000    -83.500    -83.300    -43.422    -43.817   -999.900   -999.900
    -43.000    -46.378    -46.782   -999.900   -999.900      0.403      0.000    -86.500    -86.300    -46.385    -46.788   -999.900   -999.900
    -46.000    -49.378    -49.789   -999.900   -999.900      0.411      0.000    -89.500    -89.300    -49.390    -49.802   -999.900   -999.900
    -49.000    -52.389    -52.807   -999.900   -999.900      0.418      0.000    -92.500    -92.300    -52.413    -52.833   -999.900   -999.900
    -52.000    -55.350    -55.771   -999.900   -999.900      0.421      0.000    -95.500    -95.300    -55.399    -55.822   -999.900   -999.900
    -55.000    -58.322    -58.744   -999.900   -999.900      0.422      0.000    -98.500    -98.300    -58.419    -58.846   -999.900   -999.900
    -58.000    -61.223    -61.641   -999.900   -999.900      0.419      0.000   -101.500   -101.300    -61.414    -61.843   -999.900   -999.900
    -61.000    -64.062    -64.470   -999.900   -999.900      0.407      0.000   -104.500   -104.300    -64.437    -64.864   -999.900   -999.900
    -64.000    -66.706    -67.090   -999.900   -999.900      0.384      0.000   -107.500   -107.300    -67.421    -67.841   -999.900   -999.900
    -67.000    -69.088    -69.466   -999.900   -999.900      0.378      0.000   -110.500   -110.300    -70.413    -70.860   -999.900   -999.900
    -70.000    -71.108    -71.434   -999.900   -999.900      0.326      0.000   -113.500   -113.300    -73.464    -73.890   -999.900   -999.900
    -73.000    -72.607    -72.893   -999.900   -999.900      0.286      0.000   -116.500   -116.300    -76.492    -76.919   -999.900   -999.900
    -76.000    -73.573    -73.802   -999.900   -999.900      0.229      0.000   -119.500   -119.300    -79.397    -79.736   -999.900   -999.900
    -79.000    -74.190    -74.406   -999.900   -999.900      0.215      0.000   -122.500   -122.300    -82.466    -82.822   -999.900   -999.900
    -82.000    -74.551    -74.760   -999.900   -999.900      0.209      0.000   -125.500   -125.300    -85.803    -86.231   -999.900   -999.900
    -85.000    -74.727    -74.919   -999.900   -999.900      0.192      0.000   -128.500   -128.300    -89.086    -89.285   -999.900   -999.900
    -88.000    -74.825    -75.006   -999.900   -999.900      0.181      0.000   -131.500   -131.300    -93.143    -92.688   -999.900   -999.900
    -91.000    -74.867    -75.053   -999.900   -999.900      0.186      0.000   -134.500   -134.300    -97.786    -97.059   -999.900   -999.900
    -94.000    -74.884    -75.075   -999.900   -999.900      0.191      0.000   -137.500   -137.300   -103.766   -103.904   -999.900   -999.900
    -97.000    -74.921    -75.095   -999.900   -999.900      0.174      0.000   -140.500   -140.300   -103.766   -103.904   -999.900   -999.900
   -100.000    -74.840    -75.053   -999.900   -999.900      0.213      0.000   -143.500   -143.300   -103.766   -103.904   -999.900   -999.900
   -103.000    -74.907    -75.099   -999.900   -999.900      0.192      0.000   -146.500   -146.300   -103.766   -103.904   -999.900   -999.900
   -106.000    -74.926    -75.114   -999.900   -999.900      0.188      0.000   -149.500   -149.300   -103.766   -103.904   -999.900   -999.900
   -109.000    -74.855    -75.027   -999.900   -999.900      0.173      0.000   -152.500   -152.300   -103.766   -103.904   -999.900   -999.900
   -112.000    -74.914    -75.116   -999.900   -999.900      0.202      0.000   -155.500   -155.300   -103.766   -103.904   -999.900   -999.900
   -115.000    -74.925    -75.113   -999.900   -999.900      0.188      0.000   -158.500   -158.300   -103.766   -103.904   -999.900   -999.900
   -118.000    -74.862    -75.046   -999.900   -999.900      0.184      0.000   -161.500   -161.300   -103.766   -103.904   -999.900   -999.900
