     14.000      7.936      7.914   -999.900   -999.900      0.023      0.000    -29.500    -29.300      7.936      7.914   -999.900   -999.900
     11.000      6.454      6.479   -999.900   -999.900     -0.025      0.000    -32.500    -32.300      6.454      6.479   -999.900   -999.900
      8.000      3.813      3.916   -999.900   -999.900     -0.103      0.000    -35.500    -35.300      3.813      3.916   -999.900   -999.900
      5.000      0.905      1.043   -999.900   -999.900     -0.139      0.000    -38.500    -38.300      0.905      1.043   -999.900   -999.900
      2.000     -2.044     -1.880   -999.900   -999.900     -0.163      0.000    -41.500    -41.300     -2.044     -1.880   -999.900   -999.900
     -1.000     -5.032     -4.850   -999.900   -999.900     -0.182      0.000    -44.500    -44.300     -5.032     -4.850   -999.900   -999.900
     -4.000     -8.060     -7.866   -999.900   -999.900     -0.194      0.000    -47.500    -47.300     -8.060     -7.866   -999.900   -999.900
     -7.000    -11.053    -10.850   -999.900   -999.900     -0.203      0.000    -50.500    -50.300    -11.053    -10.850   -999.900   -999.900
    -10.000    -14.072    -13.863   -999.900   -999.900     -0.209      0.000    -53.500    -53.300    -14.072    -13.863   -999.900   -999.900
    -13.000    -17.067    -16.855   -999.900   -999.900     -0.212      0.000    -56.500    -56.300    -17.067    -16.855   -999.900   -999.900
    -16.000    -20.066    -19.853   -999.900   -999.900     -0.213      0.000    -59.500    -59.300    -20.066    -19.853   -999.900   -999.900
    -19.000    -23.065    -22.851   -999.900   -999.900     -0.215      0.000    -62.500    -62.300    -23.065    -22.851   -999.900   -999.900
    -22.000    -26.072    -25.858   -999.900   -999.900     -0.214      0.000    -65.500    -65.300    -26.072    -25.858   -999.900   -999.900
    -25.000    -29.057    -28.843   -999.900   -999.900     -0.214      0.000    -68.500    -68.300    -29.057    -28.843   -999.900   -999.900
    -28.000    -32.056    -31.842   -999.900   -999.900     -0.214      0.000    -71.500    -71.300    -32.056    -31.842   -999.900   -999.900
    -31.000    -35.058    -34.843   -999.900   -999.900     -0.215      0.000    -74.500    -74.300    -35.058    -34.843   -999.900   -999.900
    -34.000    -38.072    -37.858   -999.900   -999.900     -0.214      0.000    -77.500    -77.300    -38.073    -37.859   -999.900   -999.900
    -37.000    -41.064    -40.848   -999.900   -999.900     -0.216      0.000    -80.500    -80.300    -41.066    -40.850   -999.900   -999.900
    -40.000    -44.073    -43.860   -999.900   -999.900     -0.212      0.000    -83.500    -83.300    -44.076    -43.863   -999.900   -999.900
    -43.000    -47.032    -46.827   -999.900   -999.900     -0.204      0.000    -86.500    -86.300    -47.038    -46.834   -999.900   -999.900
    -46.000    -50.028    -49.831   -999.900   -999.900     -0.197      0.000    -89.500    -89.300    -50.041    -49.845   -999.900   -999.900
    -49.000    -53.033    -52.845   -999.900   -999.900     -0.188      0.000    -92.500    -92.300    -53.059    -52.872   -999.900   -999.900
    -52.000    -55.995    -55.810   -999.900   -999.900     -0.185      0.000    -95.500    -95.300    -56.046    -55.863   -999.900   -999.900
    -55.000    -58.975    -58.785   -999.900   -999.900     -0.190      0.000    -98.500    -98.300    -59.077    -58.891   -999.900   -999.900
    -58.000    -61.860    -61.673   -999.900   -999.900     -0.187      0.000   -101.500   -101.300    -62.061    -61.882   -999.900   -999.900
    -61.000    -64.657    -64.464   -999.900   -999.900     -0.193      0.000   -104.500   -104.300    -65.046    -64.869   -999.900   -999.900
    -64.000    -67.330    -67.112   -999.900   -999.900     -0.217      0.000   -107.500   -107.300    -68.080    -67.889   -999.900   -999.900
    -67.000    -69.702    -69.453   -999.900   -999.900     -0.250      0.000   -110.500   -110.300    -71.093    -70.883   -999.900   -999.900
    -70.000    -71.646    -71.389   -999.900   -999.900     -0.257      0.000   -113.500   -113.300    -74.077    -73.893   -999.900   -999.900
    -73.000    -73.067    -72.800   -999.900   -999.900     -0.267      0.000   -116.500   -116.300    -76.989    -76.849   -999.900   -999.900
    -76.000    -74.058    -73.725   -999.900   -999.900     -0.333      0.000   -119.500   -119.300    -80.027    -79.751   -999.900   -999.900
    -79.000    -74.651    -74.356   -999.900   -999.900     -0.295      0.000   -122.500   -122.300    -83.076    -83.139   -999.900   -999.900
    -82.000    -74.993    -74.673   -999.900   -999.900     -0.320      0.000   -125.500   -125.300    -86.334    -86.437   -999.900   -999.900
    -85.000    -75.092    -74.792   -999.900   -999.900     -0.300      0.000   -128.500   -128.300    -87.918    -88.697   -999.900   -999.900
    -88.000    -75.196    -74.929   -999.900   -999.900     -0.267      0.000   -131.500   -131.300    -90.548    -94.958   -999.900   -999.900
    -91.000    -75.298    -74.972   -999.900   -999.900     -0.326      0.000   -134.500   -134.300    -97.522    -94.958   -999.900   -999.900
    -94.000    -75.320    -74.993   -999.900   -999.900     -0.327      0.000   -137.500   -137.300   -105.234    -94.958   -999.900   -999.900
    -97.000    -75.326    -75.005   -999.900   -999.900     -0.321      0.000   -140.500   -140.300   -105.234    -94.958   -999.900   -999.900
   -100.000    -75.325    -74.946   -999.900   -999.900     -0.379      0.000   -143.500   -143.300   -105.234    -94.958   -999.900   -999.900
   -103.000    -75.364    -74.975   -999.900   -999.900     -0.389      0.000   -146.500   -146.300   -105.234    -94.958   -999.900   -999.900
   -106.000    -75.325    -75.002   -999.900   -999.900     -0.323      0.000   -149.500   -149.300   -105.234    -94.958   -999.900   -999.900
   -109.000    -75.328    -75.003   -999.900   -999.900     -0.326      0.000   -152.500   -152.300   -105.234    -94.958   -999.900   -999.900
   -112.000    -75.318    -74.939   -999.900   -999.900     -0.379      0.000   -155.500   -155.300   -105.234    -94.958   -999.900   -999.900
   -115.000    -75.323    -75.001   -999.900   -999.900     -0.322      0.000   -158.500   -158.300   -105.234    -94.958   -999.900   -999.900
   -118.000    -75.289    -74.941   -999.900   -999.900     -0.348      0.000   -161.500   -161.300   -105.234    -94.958   -999.900   -999.900
