     14.000      7.856      7.848   -999.900   -999.900      0.008      0.000    -29.500    -29.300      7.856      7.848   -999.900   -999.900
     11.000      6.231      6.313   -999.900   -999.900     -0.083      0.000    -32.500    -32.300      6.231      6.313   -999.900   -999.900
      8.000      3.536      3.703   -999.900   -999.900     -0.167      0.000    -35.500    -35.300      3.536      3.703   -999.900   -999.900
      5.000      0.627      0.830   -999.900   -999.900     -0.202      0.000    -38.500    -38.300      0.627      0.830   -999.900   -999.900
      2.000     -2.323     -2.096   -999.900   -999.900     -0.227      0.000    -41.500    -41.300     -2.323     -2.096   -999.900   -999.900
     -1.000     -5.308     -5.063   -999.900   -999.900     -0.244      0.000    -44.500    -44.300     -5.308     -5.063   -999.900   -999.900
     -4.000     -8.334     -8.078   -999.900   -999.900     -0.256      0.000    -47.500    -47.300     -8.334     -8.078   -999.900   -999.900
     -7.000    -11.323    -11.058   -999.900   -999.900     -0.265      0.000    -50.500    -50.300    -11.323    -11.058   -999.900   -999.900
    -10.000    -14.335    -14.065   -999.900   -999.900     -0.270      0.000    -53.500    -53.300    -14.335    -14.065   -999.900   -999.900
    -13.000    -17.327    -17.054   -999.900   -999.900     -0.273      0.000    -56.500    -56.300    -17.327    -17.054   -999.900   -999.900
    -16.000    -20.323    -20.050   -999.900   -999.900     -0.273      0.000    -59.500    -59.300    -20.323    -20.050   -999.900   -999.900
    -19.000    -23.318    -23.041   -999.900   -999.900     -0.277      0.000    -62.500    -62.300    -23.318    -23.041   -999.900   -999.900
    -22.000    -26.320    -26.045   -999.900   -999.900     -0.275      0.000    -65.500    -65.300    -26.320    -26.045   -999.900   -999.900
    -25.000    -29.301    -29.026   -999.900   -999.900     -0.275      0.000    -68.500    -68.300    -29.301    -29.026   -999.900   -999.900
    -28.000    -32.296    -32.021   -999.900   -999.900     -0.275      0.000    -71.500    -71.300    -32.296    -32.021   -999.900   -999.900
    -31.000    -35.294    -35.019   -999.900   -999.900     -0.275      0.000    -74.500    -74.300    -35.294    -35.019   -999.900   -999.900
    -34.000    -38.305    -38.030   -999.900   -999.900     -0.275      0.000    -77.500    -77.300    -38.306    -38.031   -999.900   -999.900
    -37.000    -41.295    -41.019   -999.900   -999.900     -0.277      0.000    -80.500    -80.300    -41.297    -41.020   -999.900   -999.900
    -40.000    -44.298    -44.025   -999.900   -999.900     -0.273      0.000    -83.500    -83.300    -44.302    -44.029   -999.900   -999.900
    -43.000    -47.252    -46.988   -999.900   -999.900     -0.264      0.000    -86.500    -86.300    -47.258    -46.995   -999.900   -999.900
    -46.000    -50.245    -49.990   -999.900   -999.900     -0.255      0.000    -89.500    -89.300    -50.258    -50.004   -999.900   -999.900
    -49.000    -53.249    -53.001   -999.900   -999.900     -0.248      0.000    -92.500    -92.300    -53.275    -53.027   -999.900   -999.900
    -52.000    -56.207    -55.961   -999.900   -999.900     -0.247      0.000    -95.500    -95.300    -56.258    -56.013   -999.900   -999.900
    -55.000    -59.192    -58.948   -999.900   -999.900     -0.244      0.000    -98.500    -98.300    -59.293    -59.053   -999.900   -999.900
    -58.000    -62.085    -61.834   -999.900   -999.900     -0.252      0.000   -101.500   -101.300    -62.285    -62.041   -999.900   -999.900
    -61.000    -64.914    -64.638   -999.900   -999.900     -0.276      0.000   -104.500   -104.300    -65.305    -65.042   -999.900   -999.900
    -64.000    -67.534    -67.254   -999.900   -999.900     -0.280      0.000   -107.500   -107.300    -68.278    -68.023   -999.900   -999.900
    -67.000    -69.909    -69.598   -999.900   -999.900     -0.312      0.000   -110.500   -110.300    -71.287    -71.015   -999.900   -999.900
    -70.000    -71.889    -71.545   -999.900   -999.900     -0.344      0.000   -113.500   -113.300    -74.321    -74.033   -999.900   -999.900
    -73.000    -73.345    -72.989   -999.900   -999.900     -0.356      0.000   -116.500   -116.300    -77.320    -77.057   -999.900   -999.900
    -76.000    -74.294    -73.949   -999.900   -999.900     -0.345      0.000   -119.500   -119.300    -80.247    -80.119   -999.900   -999.900
    -79.000    -74.864    -74.481   -999.900   -999.900     -0.383      0.000   -122.500   -122.300    -83.120    -82.934   -999.900   -999.900
    -82.000    -75.180    -74.771   -999.900   -999.900     -0.409      0.000   -125.500   -125.300    -85.883    -85.557   -999.900   -999.900
    -85.000    -75.389    -74.956   -999.900   -999.900     -0.433      0.000   -128.500   -128.300    -89.374    -88.553   -999.900   -999.900
    -88.000    -75.442    -75.037   -999.900   -999.900     -0.406      0.000   -131.500   -131.300    -90.951    -90.942   -999.900   -999.900
    -91.000    -75.504    -75.062   -999.900   -999.900     -0.442      0.000   -134.500   -134.300    -93.930    -92.031   -999.900   -999.900
    -94.000    -75.526    -75.087   -999.900   -999.900     -0.439      0.000   -137.500   -137.300    -95.833    -93.531   -999.900   -999.900
    -97.000    -75.552    -75.130   -999.900   -999.900     -0.422      0.000   -140.500   -140.300   -100.295    -98.525   -999.900   -999.900
   -100.000    -75.550    -75.139   -999.900   -999.900     -0.411      0.000   -143.500   -143.300    -99.833   -101.332   -999.900   -999.900
   -103.000    -75.561    -75.166   -999.900   -999.900     -0.395      0.000   -146.500   -146.300   -104.719   -101.332   -999.900   -999.900
   -106.000    -75.575    -75.160   -999.900   -999.900     -0.415      0.000   -149.500   -149.300   -104.719   -101.332   -999.900   -999.900
   -109.000    -75.571    -75.184   -999.900   -999.900     -0.387      0.000   -152.500   -152.300   -104.719   -101.332   -999.900   -999.900
   -112.000    -75.577    -75.144   -999.900   -999.900     -0.433      0.000   -155.500   -155.300   -104.719   -101.332   -999.900   -999.900
   -115.000    -75.567    -75.111   -999.900   -999.900     -0.456      0.000   -158.500   -158.300   -104.719   -101.332   -999.900   -999.900
   -118.000    -75.563    -75.144   -999.900   -999.900     -0.419      0.000   -161.500   -161.300   -104.719   -101.332   -999.900   -999.900
