     14.000      8.014      7.920   -999.900   -999.900      0.094      0.000    -29.500    -29.300      8.014      7.920   -999.900   -999.900
     11.000      6.782      6.498   -999.900   -999.900      0.283      0.000    -32.500    -32.300      6.782      6.498   -999.900   -999.900
      8.000      4.272      3.946   -999.900   -999.900      0.325      0.000    -35.500    -35.300      4.272      3.946   -999.900   -999.900
      5.000      1.380      1.077   -999.900   -999.900      0.303      0.000    -38.500    -38.300      1.380      1.077   -999.900   -999.900
      2.000     -1.562     -1.845   -999.900   -999.900      0.283      0.000    -41.500    -41.300     -1.562     -1.845   -999.900   -999.900
     -1.000     -4.546     -4.814   -999.900   -999.900      0.269      0.000    -44.500    -44.300     -4.546     -4.814   -999.900   -999.900
     -4.000     -7.576     -7.835   -999.900   -999.900      0.259      0.000    -47.500    -47.300     -7.576     -7.835   -999.900   -999.900
     -7.000    -10.568    -10.818   -999.900   -999.900      0.250      0.000    -50.500    -50.300    -10.568    -10.818   -999.900   -999.900
    -10.000    -13.589    -13.831   -999.900   -999.900      0.242      0.000    -53.500    -53.300    -13.589    -13.831   -999.900   -999.900
    -13.000    -16.584    -16.824   -999.900   -999.900      0.240      0.000    -56.500    -56.300    -16.584    -16.824   -999.900   -999.900
    -16.000    -19.583    -19.823   -999.900   -999.900      0.240      0.000    -59.500    -59.300    -19.583    -19.823   -999.900   -999.900
    -19.000    -22.581    -22.820   -999.900   -999.900      0.239      0.000    -62.500    -62.300    -22.581    -22.820   -999.900   -999.900
    -22.000    -25.589    -25.826   -999.900   -999.900      0.237      0.000    -65.500    -65.300    -25.589    -25.826   -999.900   -999.900
    -25.000    -28.574    -28.812   -999.900   -999.900      0.238      0.000    -68.500    -68.300    -28.574    -28.812   -999.900   -999.900
    -28.000    -31.573    -31.811   -999.900   -999.900      0.238      0.000    -71.500    -71.300    -31.573    -31.811   -999.900   -999.900
    -31.000    -34.573    -34.811   -999.900   -999.900      0.237      0.000    -74.500    -74.300    -34.574    -34.811   -999.900   -999.900
    -34.000    -37.587    -37.825   -999.900   -999.900      0.238      0.000    -77.500    -77.300    -37.588    -37.826   -999.900   -999.900
    -37.000    -40.579    -40.815   -999.900   -999.900      0.236      0.000    -80.500    -80.300    -40.580    -40.816   -999.900   -999.900
    -40.000    -43.589    -43.829   -999.900   -999.900      0.240      0.000    -83.500    -83.300    -43.592    -43.832   -999.900   -999.900
    -43.000    -46.548    -46.794   -999.900   -999.900      0.246      0.000    -86.500    -86.300    -46.554    -46.800   -999.900   -999.900
    -46.000    -49.547    -49.799   -999.900   -999.900      0.252      0.000    -89.500    -89.300    -49.559    -49.812   -999.900   -999.900
    -49.000    -52.553    -52.816   -999.900   -999.900      0.263      0.000    -92.500    -92.300    -52.577    -52.842   -999.900   -999.900
    -52.000    -55.514    -55.777   -999.900   -999.900      0.263      0.000    -95.500    -95.300    -55.562    -55.828   -999.900   -999.900
    -55.000    -58.498    -58.755   -999.900   -999.900      0.258      0.000    -98.500    -98.300    -58.594    -58.857   -999.900   -999.900
    -58.000    -61.396    -61.650   -999.900   -999.900      0.254      0.000   -101.500   -101.300    -61.585    -61.850   -999.900   -999.900
    -61.000    -64.229    -64.473   -999.900   -999.900      0.244      0.000   -104.500   -104.300    -64.600    -64.865   -999.900   -999.900
    -64.000    -66.881    -67.095   -999.900   -999.900      0.214      0.000   -107.500   -107.300    -67.590    -67.842   -999.900   -999.900
    -67.000    -69.264    -69.465   -999.900   -999.900      0.201      0.000   -110.500   -110.300    -70.576    -70.847   -999.900   -999.900
    -70.000    -71.276    -71.436   -999.900   -999.900      0.161      0.000   -113.500   -113.300    -73.599    -73.870   -999.900   -999.900
    -73.000    -72.777    -72.889   -999.900   -999.900      0.112      0.000   -116.500   -116.300    -76.600    -76.864   -999.900   -999.900
    -76.000    -73.784    -73.869   -999.900   -999.900      0.085      0.000   -119.500   -119.300    -79.602    -79.911   -999.900   -999.900
    -79.000    -74.390    -74.427   -999.900   -999.900      0.037      0.000   -122.500   -122.300    -82.592    -82.793   -999.900   -999.900
    -82.000    -74.740    -74.761   -999.900   -999.900      0.021      0.000   -125.500   -125.300    -85.704    -85.867   -999.900   -999.900
    -85.000    -74.920    -74.925   -999.900   -999.900      0.005      0.000   -128.500   -128.300    -88.768    -88.700   -999.900   -999.900
    -88.000    -75.013    -75.027   -999.900   -999.900      0.014      0.000   -131.500   -131.300    -91.896    -92.185   -999.900   -999.900
    -91.000    -75.069    -75.062   -999.900   -999.900     -0.007      0.000   -134.500   -134.300    -96.148    -94.529   -999.900   -999.900
    -94.000    -75.090    -75.094   -999.900   -999.900      0.004      0.000   -137.500   -137.300   -100.626    -99.245   -999.900   -999.900
    -97.000    -75.107    -75.094   -999.900   -999.900     -0.014      0.000   -140.500   -140.300   -100.626    -99.079   -999.900   -999.900
   -100.000    -75.096    -75.107   -999.900   -999.900      0.012      0.000   -143.500   -143.300   -100.626   -105.554   -999.900   -999.900
   -103.000    -75.105    -75.131   -999.900   -999.900      0.025      0.000   -146.500   -146.300   -100.626   -105.554   -999.900   -999.900
   -106.000    -75.107    -75.113   -999.900   -999.900      0.006      0.000   -149.500   -149.300   -100.626   -105.554   -999.900   -999.900
   -109.000    -75.110    -75.109   -999.900   -999.900     -0.001      0.000   -152.500   -152.300   -100.626   -105.554   -999.900   -999.900
   -112.000    -75.088    -75.111   -999.900   -999.900      0.023      0.000   -155.500   -155.300   -100.626   -105.554   -999.900   -999.900
   -115.000    -75.108    -75.103   -999.900   -999.900     -0.005      0.000   -158.500   -158.300   -100.626   -105.554   -999.900   -999.900
   -118.000    -75.104    -75.104   -999.900   -999.900     -0.000      0.000   -161.500   -161.300   -100.626   -105.554   -999.900   -999.900
