     14.000      7.990      7.904   -999.900   -999.900      0.086      0.000    -29.500    -29.300      7.990      7.904   -999.900   -999.900
     11.000      6.716      6.476   -999.900   -999.900      0.240      0.000    -32.500    -32.300      6.716      6.476   -999.900   -999.900
      8.000      4.174      3.913   -999.900   -999.900      0.260      0.000    -35.500    -35.300      4.174      3.913   -999.900   -999.900
      5.000      1.278      1.043   -999.900   -999.900      0.235      0.000    -38.500    -38.300      1.278      1.043   -999.900   -999.900
      2.000     -1.668     -1.881   -999.900   -999.900      0.213      0.000    -41.500    -41.300     -1.668     -1.881   -999.900   -999.900
     -1.000     -4.652     -4.850   -999.900   -999.900      0.198      0.000    -44.500    -44.300     -4.652     -4.850   -999.900   -999.900
     -4.000     -7.682     -7.870   -999.900   -999.900      0.189      0.000    -47.500    -47.300     -7.682     -7.870   -999.900   -999.900
     -7.000    -10.674    -10.854   -999.900   -999.900      0.180      0.000    -50.500    -50.300    -10.674    -10.854   -999.900   -999.900
    -10.000    -13.693    -13.866   -999.900   -999.900      0.172      0.000    -53.500    -53.300    -13.693    -13.866   -999.900   -999.900
    -13.000    -16.687    -16.857   -999.900   -999.900      0.171      0.000    -56.500    -56.300    -16.687    -16.857   -999.900   -999.900
    -16.000    -19.687    -19.857   -999.900   -999.900      0.170      0.000    -59.500    -59.300    -19.687    -19.857   -999.900   -999.900
    -19.000    -22.683    -22.852   -999.900   -999.900      0.169      0.000    -62.500    -62.300    -22.684    -22.852   -999.900   -999.900
    -22.000    -25.690    -25.858   -999.900   -999.900      0.169      0.000    -65.500    -65.300    -25.690    -25.858   -999.900   -999.900
    -25.000    -28.673    -28.842   -999.900   -999.900      0.169      0.000    -68.500    -68.300    -28.673    -28.842   -999.900   -999.900
    -28.000    -31.671    -31.840   -999.900   -999.900      0.169      0.000    -71.500    -71.300    -31.672    -31.840   -999.900   -999.900
    -31.000    -34.671    -34.840   -999.900   -999.900      0.169      0.000    -74.500    -74.300    -34.672    -34.840   -999.900   -999.900
    -34.000    -37.685    -37.855   -999.900   -999.900      0.169      0.000    -77.500    -77.300    -37.686    -37.856   -999.900   -999.900
    -37.000    -40.678    -40.845   -999.900   -999.900      0.167      0.000    -80.500    -80.300    -40.680    -40.847   -999.900   -999.900
    -40.000    -43.686    -43.858   -999.900   -999.900      0.171      0.000    -83.500    -83.300    -43.689    -43.861   -999.900   -999.900
    -43.000    -46.645    -46.822   -999.900   -999.900      0.177      0.000    -86.500    -86.300    -46.651    -46.828   -999.900   -999.900
    -46.000    -49.643    -49.828   -999.900   -999.900      0.185      0.000    -89.500    -89.300    -49.655    -49.841   -999.900   -999.900
    -49.000    -52.649    -52.844   -999.900   -999.900      0.195      0.000    -92.500    -92.300    -52.674    -52.870   -999.900   -999.900
    -52.000    -55.607    -55.809   -999.900   -999.900      0.202      0.000    -95.500    -95.300    -55.656    -55.861   -999.900   -999.900
    -55.000    -58.590    -58.789   -999.900   -999.900      0.199      0.000    -98.500    -98.300    -58.687    -58.892   -999.900   -999.900
    -58.000    -61.495    -61.684   -999.900   -999.900      0.189      0.000   -101.500   -101.300    -61.688    -61.887   -999.900   -999.900
    -61.000    -64.325    -64.510   -999.900   -999.900      0.185      0.000   -104.500   -104.300    -64.702    -64.907   -999.900   -999.900
    -64.000    -66.957    -67.125   -999.900   -999.900      0.168      0.000   -107.500   -107.300    -67.676    -67.879   -999.900   -999.900
    -67.000    -69.358    -69.491   -999.900   -999.900      0.133      0.000   -110.500   -110.300    -70.696    -70.888   -999.900   -999.900
    -70.000    -71.346    -71.451   -999.900   -999.900      0.105      0.000   -113.500   -113.300    -73.704    -73.907   -999.900   -999.900
    -73.000    -72.827    -72.887   -999.900   -999.900      0.059      0.000   -116.500   -116.300    -76.693    -76.880   -999.900   -999.900
    -76.000    -73.827    -73.860   -999.900   -999.900      0.033      0.000   -119.500   -119.300    -79.714    -79.922   -999.900   -999.900
    -79.000    -74.436    -74.428   -999.900   -999.900     -0.008      0.000   -122.500   -122.300    -82.786    -82.887   -999.900   -999.900
    -82.000    -74.770    -74.723   -999.900   -999.900     -0.048      0.000   -125.500   -125.300    -85.853    -85.565   -999.900   -999.900
    -85.000    -74.960    -74.901   -999.900   -999.900     -0.059      0.000   -128.500   -128.300    -89.305    -88.477   -999.900   -999.900
    -88.000    -75.025    -75.006   -999.900   -999.900     -0.019      0.000   -131.500   -131.300    -91.569    -91.903   -999.900   -999.900
    -91.000    -75.093    -75.059   -999.900   -999.900     -0.034      0.000   -134.500   -134.300    -96.810    -95.756   -999.900   -999.900
    -94.000    -75.124    -75.050   -999.900   -999.900     -0.075      0.000   -137.500   -137.300    -96.810    -94.777   -999.900   -999.900
    -97.000    -75.126    -75.080   -999.900   -999.900     -0.046      0.000   -140.500   -140.300    -96.810    -99.385   -999.900   -999.900
   -100.000    -75.122    -75.098   -999.900   -999.900     -0.024      0.000   -143.500   -143.300    -96.810    -99.385   -999.900   -999.900
   -103.000    -75.121    -75.097   -999.900   -999.900     -0.023      0.000   -146.500   -146.300    -96.810    -99.385   -999.900   -999.900
   -106.000    -75.124    -75.092   -999.900   -999.900     -0.033      0.000   -149.500   -149.300    -96.810    -99.385   -999.900   -999.900
   -109.000    -75.132    -75.090   -999.900   -999.900     -0.043      0.000   -152.500   -152.300    -96.810    -99.385   -999.900   -999.900
   -112.000    -75.108    -75.112   -999.900   -999.900      0.004      0.000   -155.500   -155.300    -96.810    -99.385   -999.900   -999.900
   -115.000    -75.122    -75.090   -999.900   -999.900     -0.032      0.000   -158.500   -158.300    -96.810    -99.385   -999.900   -999.900
   -118.000    -75.129    -75.093   -999.900   -999.900     -0.035      0.000   -161.500   -161.300    -96.810    -99.385   -999.900   -999.900
