    -10.000      8.527      8.437      7.295      8.300      0.089     -1.005    -25.710    -25.770      8.526      8.437      7.295      8.300
    -12.000      8.331      8.329      7.264      8.290      0.002     -1.026    -27.710    -27.770      8.331      8.328      7.264      8.290
    -14.000      7.550      7.773      7.659      7.949     -0.223     -0.290    -29.710    -29.770      7.550      7.773      7.659      7.949
    -16.000      6.110      6.412      6.274      6.656     -0.303     -0.382    -31.710    -31.770      6.110      6.412      6.274      6.656
    -18.000      4.433      4.760      4.652      5.069     -0.327     -0.417    -33.710    -33.770      4.433      4.760      4.652      5.069
    -20.000      2.568      2.904      2.823      3.253     -0.336     -0.430    -35.710    -35.770      2.568      2.904      2.823      3.253
    -22.000      0.638      0.978      0.920      1.354     -0.340     -0.435    -37.710    -37.770      0.638      0.978      0.920      1.354
    -24.000     -1.258     -0.915     -0.956     -0.519     -0.344     -0.437    -39.710    -39.770     -1.259     -0.915     -0.956     -0.519
    -26.000     -3.248     -2.906     -2.929     -2.490     -0.341     -0.439    -41.710    -41.770     -3.248     -2.906     -2.930     -2.490
    -28.000     -5.251     -4.907     -4.919     -4.479     -0.344     -0.440    -43.710    -43.770     -5.251     -4.907     -4.919     -4.479
    -30.000     -7.216     -6.876     -6.879     -6.438     -0.341     -0.442    -45.710    -45.770     -7.217     -6.876     -6.879     -6.438
    -32.000     -9.236     -8.896     -8.890     -8.448     -0.340     -0.442    -47.710    -47.770     -9.236     -8.896     -8.891     -8.448
    -34.000    -11.205    -10.864    -10.854    -10.410     -0.341     -0.444    -49.710    -49.770    -11.205    -10.864    -10.854    -10.410
    -36.000    -13.237    -12.886    -12.872    -12.429     -0.350     -0.443    -51.710    -51.770    -13.237    -12.886    -12.872    -12.429
    -38.000    -15.208    -14.851    -14.836    -14.396     -0.357     -0.440    -53.710    -53.770    -15.208    -14.851    -14.836    -14.396
    -40.000    -17.234    -16.892    -16.864    -16.424     -0.342     -0.440    -55.710    -55.770    -17.234    -16.892    -16.864    -16.424
    -42.000    -19.257    -18.914    -18.888    -18.447     -0.343     -0.441    -57.710    -57.770    -19.257    -18.914    -18.888    -18.447
    -44.000    -21.233    -20.890    -20.866    -20.424     -0.343     -0.442    -59.710    -59.770    -21.233    -20.890    -20.866    -20.424
    -46.000    -23.236    -22.892    -22.869    -22.427     -0.344     -0.442    -61.710    -61.770    -23.236    -22.892    -22.869    -22.427
    -48.000    -25.206    -24.858    -24.837    -24.395     -0.347     -0.442    -63.710    -63.770    -25.206    -24.859    -24.837    -24.395
    -50.000    -27.231    -26.892    -26.863    -26.420     -0.338     -0.442    -65.710    -65.770    -27.231    -26.893    -26.863    -26.420
    -52.000    -29.257    -28.907    -28.883    -28.442     -0.351     -0.441    -67.710    -67.770    -29.257    -28.907    -28.883    -28.442
    -54.000    -31.265    -30.919    -30.887    -30.444     -0.347     -0.443    -69.710    -69.770    -31.265    -30.919    -30.887    -30.444
    -56.000    -33.282    -32.935    -32.909    -32.467     -0.347     -0.442    -71.710    -71.770    -33.282    -32.935    -32.909    -32.467
    -58.000    -35.226    -34.882    -34.858    -34.420     -0.344     -0.438    -73.710    -73.770    -35.226    -34.882    -34.859    -34.420
    -60.000    -37.259    -36.915    -36.879    -36.440     -0.344     -0.438    -75.710    -75.770    -37.260    -36.916    -36.879    -36.441
    -62.000    -39.278    -38.936    -38.897    -38.457     -0.342     -0.440    -77.710    -77.770    -39.279    -38.936    -38.898    -38.458
    -64.000    -41.217    -40.905    -40.837    -40.398     -0.313     -0.438    -79.710    -79.770    -41.218    -40.906    -40.838    -40.399
    -66.000    -43.278    -42.937    -42.849    -42.413     -0.341     -0.436    -81.710    -81.770    -43.279    -42.938    -42.851    -42.415
    -68.000    -45.238    -44.897    -44.805    -44.371     -0.341     -0.433    -83.710    -83.770    -45.241    -44.900    -44.807    -44.374
    -70.000    -47.261    -46.921    -46.822    -46.387     -0.341     -0.435    -85.710    -85.770    -47.265    -46.925    -46.826    -46.391
    -72.000    -49.282    -48.936    -48.831    -48.394     -0.346     -0.437    -87.710    -87.770    -49.288    -48.943    -48.837    -48.400
    -74.000    -51.253    -50.906    -50.803    -50.359     -0.347     -0.444    -89.710    -89.770    -51.263    -50.916    -50.813    -50.369
    -76.000    -53.264    -52.921    -52.839    -52.392     -0.343     -0.447    -91.710    -91.770    -53.280    -52.936    -52.854    -52.407
    -78.000    -55.211    -54.865    -54.791    -54.353     -0.346     -0.438    -93.710    -93.770    -55.235    -54.889    -54.814    -54.377
    -80.000    -57.218    -56.868    -56.800    -56.370     -0.350     -0.429    -95.710    -95.770    -57.257    -56.906    -56.838    -56.408
    -82.000    -59.156    -58.799    -58.740    -58.314     -0.357     -0.426    -97.710    -97.770    -59.217    -58.859    -58.800    -58.373
    -84.000    -61.141    -60.790    -60.724    -60.306     -0.351     -0.418    -99.710    -99.770    -61.237    -60.885    -60.818    -60.400
    -86.000    -63.083    -62.727    -62.657    -62.249     -0.356     -0.408   -101.710   -101.770    -63.235    -62.876    -62.805    -62.397
    -88.000    -64.981    -64.630    -64.557    -64.144     -0.351     -0.413   -103.710   -103.770    -65.218    -64.864    -64.789    -64.375
    -90.000    -66.867    -66.506    -66.429    -66.026     -0.361     -0.403   -105.710   -105.770    -67.238    -66.870    -66.791    -66.388
    -92.000    -68.618    -68.297    -68.199    -67.788     -0.321     -0.411   -107.710   -107.770    -69.186    -68.860    -68.756    -68.343
    -94.000    -70.340    -70.019    -69.919    -69.505     -0.322     -0.414   -109.710   -109.770    -71.214    -70.885    -70.774    -70.357
    -96.000    -71.876    -71.563    -71.451    -71.042     -0.313     -0.409   -111.710   -111.770    -73.182    -72.859    -72.726    -72.313
    -98.000    -73.290    -72.973    -72.869    -72.456     -0.317     -0.413   -113.710   -113.770    -75.226    -74.890    -74.758    -74.337
   -100.000    -74.480    -74.185    -74.063    -73.671     -0.296     -0.392   -115.710   -115.770    -77.262    -76.957    -76.774    -76.387
   -102.000    -75.426    -75.114    -75.007    -74.597     -0.312     -0.411   -117.710   -117.770    -79.277    -78.925    -78.744    -78.317
   -104.000    -76.156    -75.832    -75.742    -75.361     -0.325     -0.381   -119.710   -119.770    -81.322    -80.908    -80.737    -80.394
   -106.000    -76.693    -76.396    -76.271    -75.909     -0.297     -0.362   -121.710   -121.770    -83.411    -83.072    -82.690    -82.456
   -108.000    -77.040    -76.757    -76.678    -76.276     -0.283     -0.402   -123.710   -123.770    -85.358    -85.084    -84.853    -84.430
   -110.000    -77.287    -76.988    -76.906    -76.526     -0.299     -0.381   -125.710   -125.770    -87.399    -86.976    -86.632    -86.405
   -112.000    -77.454    -77.160    -77.075    -76.698     -0.293     -0.376   -127.710   -127.770    -89.520    -89.102    -88.547    -88.474
   -114.000    -77.560    -77.266    -77.196    -76.814     -0.294     -0.382   -129.710   -129.770    -91.653    -91.150    -90.683    -90.669
   -116.000    -77.621    -77.359    -77.259    -76.882     -0.262     -0.377   -131.710   -131.770    -93.598    -94.312    -92.361    -92.712
   -118.000    -77.674    -77.388    -77.318    -76.926     -0.286     -0.392   -133.710   -133.770    -96.403    -96.036    -94.837    -94.824
   -120.000    -77.705    -77.410    -77.351    -76.965     -0.295     -0.385   -135.710   -135.770    -99.769    -98.125    -97.230    -98.370
   -122.000    -77.704    -77.435    -77.385    -76.976     -0.269     -0.410   -137.710   -137.770    -99.674   -103.030   -103.690   -100.112
   -124.000    -77.723    -77.456    -77.393    -76.985     -0.267     -0.408   -139.710   -139.770   -104.334   -103.030   -109.329   -102.490
   -126.000    -77.728    -77.439    -77.379    -76.996     -0.289     -0.383   -141.710   -141.770   -107.787   -103.030   -101.622   -114.664
   -128.000    -77.745    -77.453    -77.398    -77.005     -0.292     -0.393   -143.710   -143.770   -107.787   -103.030   -101.622   -114.664
   -130.000    -77.735    -77.457    -77.427    -77.014     -0.278     -0.413   -145.710   -145.770   -107.787   -103.030   -101.622   -114.664
   -132.000    -77.752    -77.450    -77.403    -77.001     -0.302     -0.402   -147.710   -147.770   -107.787   -103.030   -101.622   -114.664
   -134.000    -77.755    -77.466    -77.409    -77.009     -0.289     -0.400   -149.710   -149.770   -107.787   -103.030   -101.622   -114.664
   -136.000    -77.743    -77.460    -77.415    -77.021     -0.283     -0.394   -151.710   -151.770   -107.787   -103.030   -101.622   -114.664
