    -10.000      8.080      8.620      8.593      8.414     -0.540      0.179    -25.710    -25.770      8.080      8.620      8.593      8.414
    -12.000      8.070      8.434      8.460      8.384     -0.364      0.076    -27.710    -27.770      8.070      8.434      8.460      8.384
    -14.000      7.568      7.790      7.678      7.965     -0.221     -0.287    -29.710    -29.770      7.568      7.790      7.678      7.965
    -16.000      6.133      6.434      6.297      6.676     -0.301     -0.379    -31.710    -31.770      6.133      6.434      6.297      6.676
    -18.000      4.458      4.785      4.676      5.092     -0.326     -0.416    -33.710    -33.770      4.458      4.785      4.676      5.092
    -20.000      2.593      2.928      2.849      3.276     -0.335     -0.427    -35.710    -35.770      2.593      2.928      2.849      3.276
    -22.000      0.664      1.002      0.947      1.379     -0.338     -0.432    -37.710    -37.770      0.664      1.002      0.947      1.379
    -24.000     -1.230     -0.891     -0.929     -0.495     -0.339     -0.434    -39.710    -39.770     -1.230     -0.891     -0.929     -0.495
    -26.000     -3.222     -2.880     -2.904     -2.467     -0.342     -0.437    -41.710    -41.770     -3.222     -2.880     -2.904     -2.467
    -28.000     -5.223     -4.882     -4.891     -4.453     -0.341     -0.438    -43.710    -43.770     -5.223     -4.882     -4.891     -4.453
    -30.000     -7.191     -6.849     -6.850     -6.411     -0.342     -0.439    -45.710    -45.770     -7.191     -6.849     -6.850     -6.411
    -32.000     -9.210     -8.867     -8.864     -8.424     -0.343     -0.439    -47.710    -47.770     -9.210     -8.867     -8.864     -8.424
    -34.000    -11.179    -10.838    -10.825    -10.386     -0.340     -0.439    -49.710    -49.770    -11.179    -10.839    -10.825    -10.386
    -36.000    -13.201    -12.863    -12.841    -12.401     -0.338     -0.440    -51.710    -51.770    -13.202    -12.863    -12.841    -12.401
    -38.000    -15.172    -14.832    -14.799    -14.362     -0.340     -0.438    -53.710    -53.770    -15.173    -14.832    -14.799    -14.362
    -40.000    -17.206    -16.867    -16.831    -16.393     -0.339     -0.439    -55.710    -55.770    -17.206    -16.867    -16.832    -16.393
    -42.000    -19.229    -18.888    -18.860    -18.418     -0.341     -0.442    -57.710    -57.770    -19.229    -18.888    -18.860    -18.418
    -44.000    -21.205    -20.866    -20.836    -20.398     -0.340     -0.439    -59.710    -59.770    -21.205    -20.866    -20.836    -20.398
    -46.000    -23.210    -22.870    -22.842    -22.403     -0.340     -0.439    -61.710    -61.770    -23.210    -22.870    -22.842    -22.403
    -48.000    -25.180    -24.837    -24.814    -24.373     -0.342     -0.441    -63.710    -63.770    -25.180    -24.838    -24.814    -24.373
    -50.000    -27.205    -26.867    -26.838    -26.399     -0.338     -0.440    -65.710    -65.770    -27.205    -26.867    -26.838    -26.399
    -52.000    -29.226    -28.886    -28.858    -28.419     -0.340     -0.439    -67.710    -67.770    -29.226    -28.886    -28.858    -28.419
    -54.000    -31.229    -30.895    -30.860    -30.419     -0.334     -0.440    -69.710    -69.770    -31.229    -30.895    -30.860    -30.419
    -56.000    -33.245    -32.918    -32.883    -32.444     -0.326     -0.440    -71.710    -71.770    -33.245    -32.918    -32.884    -32.444
    -58.000    -35.201    -34.861    -34.836    -34.394     -0.341     -0.442    -73.710    -73.770    -35.202    -34.861    -34.836    -34.394
    -60.000    -37.230    -36.884    -36.857    -36.416     -0.346     -0.440    -75.710    -75.770    -37.230    -36.884    -36.857    -36.417
    -62.000    -39.260    -38.910    -38.873    -38.432     -0.349     -0.441    -77.710    -77.770    -39.260    -38.911    -38.873    -38.432
    -64.000    -41.222    -40.850    -40.813    -40.373     -0.371     -0.440    -79.710    -79.770    -41.223    -40.851    -40.814    -40.374
    -66.000    -43.254    -42.907    -42.826    -42.386     -0.347     -0.440    -81.710    -81.770    -43.256    -42.909    -42.827    -42.388
    -68.000    -45.212    -44.872    -44.769    -44.331     -0.340     -0.438    -83.710    -83.770    -45.214    -44.875    -44.772    -44.333
    -70.000    -47.237    -46.896    -46.777    -46.340     -0.341     -0.437    -85.710    -85.770    -47.241    -46.900    -46.781    -46.343
    -72.000    -49.254    -48.916    -48.795    -48.353     -0.338     -0.442    -87.710    -87.770    -49.260    -48.922    -48.801    -48.359
    -74.000    -51.223    -50.889    -50.785    -50.344     -0.334     -0.442    -89.710    -89.770    -51.232    -50.898    -50.795    -50.353
    -76.000    -53.233    -52.899    -52.818    -52.377     -0.334     -0.440    -91.710    -91.770    -53.248    -52.914    -52.833    -52.392
    -78.000    -55.174    -54.842    -54.774    -54.331     -0.332     -0.443    -93.710    -93.770    -55.198    -54.866    -54.798    -54.355
    -80.000    -57.180    -56.848    -56.785    -56.346     -0.331     -0.438    -95.710    -95.770    -57.218    -56.886    -56.822    -56.384
    -82.000    -59.117    -58.779    -58.724    -58.282     -0.338     -0.442    -97.710    -97.770    -59.177    -58.838    -58.783    -58.341
    -84.000    -61.101    -60.767    -60.705    -60.261     -0.334     -0.444    -99.710    -99.770    -61.196    -60.861    -60.799    -60.354
    -86.000    -63.035    -62.702    -62.640    -62.200     -0.333     -0.440   -101.710   -101.770    -63.185    -62.850    -62.787    -62.347
    -88.000    -64.934    -64.599    -64.531    -64.100     -0.335     -0.432   -103.710   -103.770    -65.168    -64.830    -64.761    -64.328
    -90.000    -66.829    -66.494    -66.424    -65.972     -0.335     -0.452   -105.710   -105.770    -67.196    -66.857    -66.785    -66.329
    -92.000    -68.596    -68.250    -68.204    -67.767     -0.346     -0.437   -107.710   -107.770    -69.161    -68.805    -68.760    -68.318
    -94.000    -70.322    -69.974    -69.936    -69.486     -0.348     -0.451   -109.710   -109.770    -71.191    -70.828    -70.794    -70.332
    -96.000    -71.865    -71.513    -71.476    -71.024     -0.352     -0.452   -111.710   -111.770    -73.165    -72.788    -72.757    -72.288
    -98.000    -73.263    -72.948    -72.921    -72.435     -0.314     -0.486   -113.710   -113.770    -75.180    -74.846    -74.834    -74.302
   -100.000    -74.459    -74.144    -74.104    -73.678     -0.314     -0.426   -115.710   -115.770    -77.218    -76.872    -76.843    -76.396
   -102.000    -75.411    -75.085    -75.047    -74.612     -0.325     -0.436   -117.710   -117.770    -79.235    -78.844    -78.829    -78.346
   -104.000    -76.119    -75.849    -75.823    -75.365     -0.270     -0.458   -119.710   -119.770    -81.192    -80.941    -80.979    -80.396
   -106.000    -76.676    -76.391    -76.343    -75.914     -0.285     -0.428   -121.710   -121.770    -83.321    -83.012    -82.987    -82.461
   -108.000    -77.032    -76.755    -76.702    -76.288     -0.278     -0.414   -123.710   -123.770    -85.284    -85.013    -84.972    -84.487
   -110.000    -77.302    -76.986    -76.970    -76.554     -0.316     -0.416   -125.710   -125.770    -87.517    -86.858    -87.201    -86.645
   -112.000    -77.457    -77.159    -77.133    -76.695     -0.298     -0.437   -127.710   -127.770    -89.515    -88.928    -89.331    -88.366
   -114.000    -77.554    -77.244    -77.216    -76.823     -0.310     -0.392   -129.710   -129.770    -91.422    -90.438    -90.968    -90.780
   -116.000    -77.631    -77.343    -77.299    -76.891     -0.288     -0.409   -131.710   -131.770    -93.838    -93.189    -93.591    -92.885
   -118.000    -77.682    -77.380    -77.354    -76.938     -0.301     -0.415   -133.710   -133.770    -96.732    -94.931    -96.869    -95.352
   -120.000    -77.694    -77.427    -77.364    -76.984     -0.267     -0.380   -135.710   -135.770    -97.852    -99.003    -97.858   -100.859
   -122.000    -77.723    -77.442    -77.386    -76.978     -0.281     -0.408   -137.710   -137.770   -102.876   -102.004   -101.670    -99.688
   -124.000    -77.730    -77.433    -77.388    -76.989     -0.297     -0.400   -139.710   -139.770   -106.418    -99.982   -102.212   -102.325
   -126.000    -77.748    -77.462    -77.403    -76.995     -0.286     -0.408   -141.710   -141.770   -106.418    -99.982   -102.212   -105.294
   -128.000    -77.742    -77.483    -77.420    -77.021     -0.258     -0.399   -143.710   -143.770   -106.418    -99.982   -102.212   -105.294
   -130.000    -77.742    -77.474    -77.413    -77.020     -0.268     -0.393   -145.710   -145.770   -106.418    -99.982   -102.212   -105.294
   -132.000    -77.762    -77.467    -77.410    -77.006     -0.295     -0.404   -147.710   -147.770   -106.418    -99.982   -102.212   -105.294
   -134.000    -77.728    -77.465    -77.421    -77.011     -0.263     -0.409   -149.710   -149.770   -106.418    -99.982   -102.212   -105.294
   -136.000    -77.758    -77.465    -77.419    -77.009     -0.292     -0.410   -151.710   -151.770   -106.418    -99.982   -102.212   -105.294
