    -10.000      8.413      8.547      8.837      8.846     -0.134     -0.010    -25.710    -25.770      8.413      8.547      8.837      8.846
    -12.000      8.300      8.409      8.533      8.663     -0.109     -0.130    -27.710    -27.770      8.300      8.409      8.533      8.663
    -14.000      7.577      7.796      7.685      7.971     -0.219     -0.286    -29.710    -29.770      7.577      7.796      7.685      7.971
    -16.000      6.143      6.441      6.306      6.683     -0.298     -0.378    -31.710    -31.770      6.143      6.441      6.305      6.683
    -18.000      4.469      4.792      4.687      5.099     -0.323     -0.412    -33.710    -33.770      4.469      4.792      4.687      5.099
    -20.000      2.605      2.936      2.860      3.285     -0.331     -0.425    -35.710    -35.770      2.605      2.936      2.860      3.285
    -22.000      0.676      1.010      0.958      1.387     -0.334     -0.430    -37.710    -37.770      0.676      1.010      0.958      1.387
    -24.000     -1.217     -0.884     -0.917     -0.485     -0.334     -0.431    -39.710    -39.770     -1.217     -0.884     -0.917     -0.485
    -26.000     -3.209     -2.872     -2.891     -2.458     -0.337     -0.433    -41.710    -41.770     -3.209     -2.872     -2.891     -2.458
    -28.000     -5.212     -4.875     -4.881     -4.446     -0.337     -0.435    -43.710    -43.770     -5.212     -4.875     -4.881     -4.446
    -30.000     -7.180     -6.840     -6.839     -6.402     -0.340     -0.437    -45.710    -45.770     -7.180     -6.840     -6.839     -6.402
    -32.000     -9.199     -8.858     -8.851     -8.417     -0.341     -0.434    -47.710    -47.770     -9.199     -8.858     -8.852     -8.417
    -34.000    -11.167    -10.829    -10.814    -10.379     -0.338     -0.435    -49.710    -49.770    -11.167    -10.829    -10.814    -10.379
    -36.000    -13.190    -12.857    -12.832    -12.396     -0.332     -0.437    -51.710    -51.770    -13.190    -12.857    -12.832    -12.396
    -38.000    -15.154    -14.832    -14.791    -14.354     -0.322     -0.437    -53.710    -53.770    -15.154    -14.832    -14.791    -14.354
    -40.000    -17.193    -16.858    -16.823    -16.386     -0.334     -0.438    -55.710    -55.770    -17.193    -16.859    -16.823    -16.386
    -42.000    -19.217    -18.881    -18.850    -18.413     -0.336     -0.437    -57.710    -57.770    -19.217    -18.881    -18.850    -18.413
    -44.000    -21.195    -20.858    -20.825    -20.390     -0.337     -0.435    -59.710    -59.770    -21.195    -20.858    -20.825    -20.390
    -46.000    -23.196    -22.860    -22.831    -22.395     -0.336     -0.435    -61.710    -61.770    -23.196    -22.860    -22.831    -22.396
    -48.000    -25.161    -24.831    -24.802    -24.364     -0.330     -0.438    -63.710    -63.770    -25.161    -24.831    -24.802    -24.364
    -50.000    -27.194    -26.855    -26.826    -26.389     -0.340     -0.437    -65.710    -65.770    -27.194    -26.855    -26.826    -26.389
    -52.000    -29.209    -28.883    -28.845    -28.410     -0.327     -0.436    -67.710    -67.770    -29.209    -28.883    -28.845    -28.410
    -54.000    -31.221    -30.889    -30.848    -30.411     -0.332     -0.437    -69.710    -69.770    -31.221    -30.889    -30.848    -30.411
    -56.000    -33.236    -32.908    -32.872    -32.434     -0.329     -0.438    -71.710    -71.770    -33.237    -32.908    -32.872    -32.434
    -58.000    -35.186    -34.853    -34.826    -34.389     -0.333     -0.437    -73.710    -73.770    -35.186    -34.853    -34.827    -34.390
    -60.000    -37.216    -36.878    -36.846    -36.408     -0.338     -0.438    -75.710    -75.770    -37.216    -36.878    -36.846    -36.408
    -62.000    -39.238    -38.904    -38.864    -38.424     -0.334     -0.441    -77.710    -77.770    -39.239    -38.905    -38.865    -38.424
    -64.000    -41.210    -40.842    -40.804    -40.364     -0.368     -0.441    -79.710    -79.770    -41.211    -40.843    -40.805    -40.365
    -66.000    -43.238    -42.899    -42.822    -42.380     -0.338     -0.442    -81.710    -81.770    -43.239    -42.901    -42.823    -42.382
    -68.000    -45.199    -44.862    -44.766    -44.325     -0.337     -0.441    -83.710    -83.770    -45.201    -44.865    -44.768    -44.327
    -70.000    -47.222    -46.883    -46.779    -46.336     -0.338     -0.443    -85.710    -85.770    -47.225    -46.887    -46.783    -46.339
    -72.000    -49.238    -48.905    -48.789    -48.350     -0.332     -0.439    -87.710    -87.770    -49.244    -48.911    -48.795    -48.356
    -74.000    -51.206    -50.877    -50.759    -50.324     -0.329     -0.436    -89.710    -89.770    -51.216    -50.887    -50.769    -50.333
    -76.000    -53.221    -52.886    -52.795    -52.358     -0.335     -0.437    -91.710    -91.770    -53.236    -52.901    -52.811    -52.373
    -78.000    -55.162    -54.830    -54.758    -54.319     -0.333     -0.439    -93.710    -93.770    -55.187    -54.854    -54.781    -54.342
    -80.000    -57.168    -56.840    -56.770    -56.335     -0.328     -0.435    -95.710    -95.770    -57.207    -56.878    -56.808    -56.372
    -82.000    -59.102    -58.778    -58.712    -58.280     -0.323     -0.431    -97.710    -97.770    -59.161    -58.838    -58.771    -58.339
    -84.000    -61.089    -60.762    -60.696    -60.258     -0.327     -0.438    -99.710    -99.770    -61.184    -60.856    -60.790    -60.351
    -86.000    -63.027    -62.707    -62.633    -62.200     -0.320     -0.434   -101.710   -101.770    -63.176    -62.855    -62.781    -62.346
    -88.000    -64.924    -64.605    -64.526    -64.095     -0.318     -0.431   -103.710   -103.770    -65.158    -64.837    -64.756    -64.323
    -90.000    -66.813    -66.491    -66.419    -65.976     -0.322     -0.443   -105.710   -105.770    -67.179    -66.854    -66.781    -66.333
    -92.000    -68.603    -68.251    -68.186    -67.763     -0.352     -0.423   -107.710   -107.770    -69.169    -68.808    -68.742    -68.315
    -94.000    -70.321    -69.982    -69.924    -69.491     -0.339     -0.433   -109.710   -109.770    -71.191    -70.841    -70.782    -70.340
    -96.000    -71.867    -71.527    -71.446    -71.065     -0.340     -0.382   -111.710   -111.770    -73.170    -72.813    -72.722    -72.343
    -98.000    -73.279    -72.929    -72.876    -72.465     -0.350     -0.411   -113.710   -113.770    -75.208    -74.825    -74.772    -74.349
   -100.000    -74.477    -74.154    -74.085    -73.672     -0.323     -0.413   -115.710   -115.770    -77.256    -76.903    -76.819    -76.386
   -102.000    -75.421    -75.101    -75.015    -74.639     -0.320     -0.377   -117.710   -117.770    -79.266    -78.901    -78.771    -78.413
   -104.000    -76.151    -75.836    -75.781    -75.376     -0.315     -0.405   -119.710   -119.770    -81.308    -80.934    -80.872    -80.436
   -106.000    -76.683    -76.383    -76.335    -75.935     -0.300     -0.400   -121.710   -121.770    -83.367    -83.027    -82.999    -82.564
   -108.000    -77.050    -76.730    -76.687    -76.299     -0.320     -0.388   -123.710   -123.770    -85.428    -84.930    -84.941    -84.570
   -110.000    -77.305    -76.999    -76.944    -76.538     -0.306     -0.406   -125.710   -125.770    -87.591    -87.124    -87.045    -86.505
   -112.000    -77.446    -77.178    -77.118    -76.716     -0.268     -0.403   -127.710   -127.770    -89.415    -89.471    -89.291    -88.709
   -114.000    -77.556    -77.267    -77.207    -76.833     -0.288     -0.373   -129.710   -129.770    -91.574    -91.294    -91.041    -91.096
   -116.000    -77.623    -77.342    -77.283    -76.885     -0.282     -0.398   -131.710   -131.770    -93.723    -93.739    -93.423    -92.751
   -118.000    -77.675    -77.376    -77.300    -76.930     -0.300     -0.371   -133.710   -133.770    -96.603    -95.532    -94.203    -94.904
   -120.000    -77.692    -77.424    -77.353    -76.966     -0.268     -0.388   -135.710   -135.770    -98.173   -101.113    -98.087    -98.073
   -122.000    -77.709    -77.427    -77.362    -76.969     -0.282     -0.393   -137.710   -137.770   -100.624   -101.850    -99.292    -98.492
   -124.000    -77.716    -77.426    -77.380    -76.998     -0.290     -0.383   -139.710   -139.770   -102.325   -101.741   -103.969   -111.651
   -126.000    -77.724    -77.456    -77.399    -76.992     -0.268     -0.407   -141.710   -141.770   -105.266   -101.741   -103.969   -104.572
   -128.000    -77.760    -77.460    -77.401    -77.019     -0.300     -0.383   -143.710   -143.770   -105.266   -101.741   -103.969   -104.572
   -130.000    -77.755    -77.435    -77.400    -76.999     -0.320     -0.400   -145.710   -145.770   -105.266   -101.741   -103.969   -104.572
   -132.000    -77.727    -77.455    -77.401    -77.023     -0.272     -0.378   -147.710   -147.770   -105.266   -101.741   -103.969   -104.572
   -134.000    -77.747    -77.454    -77.410    -77.013     -0.294     -0.397   -149.710   -149.770   -105.266   -101.741   -103.969   -104.572
   -136.000    -77.752    -77.446    -77.404    -77.016     -0.306     -0.387   -151.710   -151.770   -105.266   -101.741   -103.969   -104.572
