     14.000      6.595      6.595      7.129      7.130      0.000     -0.001    -29.090    -28.960      6.595      6.595      7.129      7.130
     11.000      6.315      6.314      6.822      6.824      0.001     -0.002    -32.090    -31.960      6.315      6.314      6.822      6.824
      8.000      4.555      4.555      4.145      4.145     -0.000      0.000    -35.090    -34.960      4.555      4.555      4.145      4.145
      5.000      1.676      1.676      1.294      1.294      0.000      0.000    -38.090    -37.960      1.676      1.676      1.294      1.294
      2.000     -1.275     -1.275     -1.635     -1.635      0.000     -0.000    -41.090    -40.960     -1.275     -1.275     -1.635     -1.635
     -1.000     -4.265     -4.265     -4.610     -4.610      0.000      0.000    -44.090    -43.960     -4.265     -4.265     -4.610     -4.610
     -4.000     -7.290     -7.290     -7.623     -7.623     -0.000      0.000    -47.090    -46.960     -7.290     -7.290     -7.623     -7.623
     -7.000    -10.290    -10.290    -10.616    -10.616     -0.000      0.000    -50.090    -49.960    -10.290    -10.290    -10.616    -10.616
    -10.000    -13.292    -13.292    -13.612    -13.612     -0.000      0.000    -53.090    -52.960    -13.292    -13.292    -13.612    -13.612
    -13.000    -16.272    -16.272    -16.590    -16.590     -0.000      0.000    -56.090    -55.960    -16.272    -16.272    -16.590    -16.590
    -16.000    -19.286    -19.286    -19.602    -19.602      0.000     -0.000    -59.090    -58.960    -19.286    -19.286    -19.602    -19.602
    -19.000    -22.291    -22.291    -22.607    -22.607     -0.000     -0.000    -62.090    -61.960    -22.291    -22.291    -22.607    -22.607
    -22.000    -25.288    -25.288    -25.601    -25.601     -0.000     -0.000    -65.090    -64.960    -25.288    -25.288    -25.601    -25.601
    -25.000    -28.299    -28.299    -28.602    -28.602      0.000     -0.000    -68.090    -67.960    -28.299    -28.299    -28.602    -28.602
    -28.000    -31.289    -31.289    -31.591    -31.591      0.000      0.000    -71.090    -70.960    -31.289    -31.289    -31.591    -31.591
    -31.000    -34.299    -34.300    -34.599    -34.599      0.000      0.000    -74.090    -73.960    -34.300    -34.300    -34.599    -34.599
    -34.000    -37.300    -37.300    -37.605    -37.605      0.000     -0.000    -77.090    -76.960    -37.300    -37.301    -37.606    -37.605
    -37.000    -40.303    -40.303    -40.604    -40.603      0.000     -0.000    -80.090    -79.960    -40.304    -40.305    -40.605    -40.605
    -40.000    -43.289    -43.289    -43.591    -43.591     -0.000     -0.000    -83.090    -82.960    -43.292    -43.292    -43.594    -43.594
    -43.000    -46.254    -46.254    -46.564    -46.564     -0.000     -0.000    -86.090    -85.960    -46.260    -46.259    -46.570    -46.570
    -46.000    -49.255    -49.256    -49.573    -49.574      0.000      0.001    -89.090    -88.960    -49.267    -49.267    -49.585    -49.586
    -49.000    -52.242    -52.240    -52.572    -52.572     -0.002     -0.000    -92.090    -91.960    -52.265    -52.263    -52.596    -52.596
    -52.000    -55.205    -55.203    -55.541    -55.545     -0.002      0.004    -95.090    -94.960    -55.251    -55.249    -55.590    -55.594
    -55.000    -58.184    -58.184    -58.529    -58.526     -0.001     -0.003    -98.090    -97.960    -58.276    -58.275    -58.626    -58.622
    -58.000    -61.090    -61.088    -61.423    -61.428     -0.002      0.005   -101.090   -100.960    -61.270    -61.268    -61.613    -61.617
    -61.000    -63.912    -63.919    -64.252    -64.247      0.008     -0.005   -104.090   -103.960    -64.263    -64.271    -64.623    -64.616
    -64.000    -66.594    -66.585    -66.913    -66.900     -0.009     -0.013   -107.090   -106.960    -67.269    -67.259    -67.625    -67.608
    -67.000    -68.993    -68.982    -69.297    -69.292     -0.011     -0.004   -110.090   -109.960    -70.243    -70.228    -70.615    -70.605
    -70.000    -71.049    -71.059    -71.307    -71.321      0.010      0.014   -113.090   -112.960    -73.279    -73.297    -73.642    -73.659
    -73.000    -72.596    -72.612    -72.824    -72.808      0.016     -0.016   -116.090   -115.960    -76.295    -76.335    -76.694    -76.640
    -76.000    -73.638    -73.645    -73.813    -73.821      0.007      0.008   -119.090   -118.960    -79.306    -79.335    -79.675    -79.672
    -79.000    -74.254    -74.275    -74.439    -74.415      0.021     -0.025   -122.090   -121.960    -82.210    -82.349    -82.843    -82.612
    -82.000    -74.620    -74.625    -74.777    -74.711      0.004     -0.066   -125.090   -124.960    -85.264    -85.329    -86.009    -85.094
    -85.000    -74.809    -74.804    -74.915    -74.935     -0.005      0.020   -128.090   -127.960    -88.215    -88.124    -88.345    -88.544
    -88.000    -74.914    -74.887    -75.031    -75.046     -0.026      0.015   -131.090   -130.960    -91.418    -90.417    -92.135    -92.350
    -91.000    -74.979    -74.952    -75.062    -75.098     -0.027      0.036   -134.090   -133.960    -96.156    -93.652    -94.052    -96.700
    -94.000    -74.992    -74.979    -75.114    -75.109     -0.013     -0.005   -137.090   -136.960    -98.372    -96.356   -107.436    -98.803
    -97.000    -75.005    -74.987    -75.116    -75.107     -0.018     -0.009   -140.090   -139.960   -102.819    -97.587   -112.498    -98.293
   -100.000    -75.004    -75.006    -75.125    -75.128      0.002      0.003   -143.090   -142.960   -102.495   -104.763   -112.498   -128.456
   -103.000    -75.020    -75.026    -75.114    -75.135      0.006      0.021   -146.090   -145.960   -102.495   -104.763   -112.498   -128.456
   -106.000    -75.002    -75.018    -75.126    -75.144      0.016      0.017   -149.090   -148.960   -102.495   -104.763   -112.498   -128.456
   -109.000    -75.026    -74.991    -75.112    -75.120     -0.035      0.007   -152.090   -151.960   -102.495   -104.763   -112.498   -128.456
   -112.000    -74.993    -75.010    -75.099    -75.129      0.016      0.030   -155.090   -154.960   -102.495   -104.763   -112.498   -128.456
   -115.000    -75.024    -75.014    -75.124    -75.112     -0.009     -0.012   -158.090   -157.960   -102.495   -104.763   -112.498   -128.456
   -118.000    -75.014    -75.009    -75.117    -75.129     -0.005      0.012   -161.090   -160.960   -102.495   -104.763   -112.498   -128.456
