    -14.000      6.530      7.837      6.384      8.627     -1.307     -2.244    -29.710    -29.770      6.530      7.837      6.384      8.627
    -16.000      6.221      6.998      6.106      7.256     -0.777     -1.151    -31.710    -31.770      6.221      6.998      6.106      7.256
    -18.000      4.993      5.308      4.877      5.310     -0.315     -0.433    -33.710    -33.770      4.993      5.308      4.877      5.310
    -20.000      3.126      3.449      3.048      3.494     -0.323     -0.446    -35.710    -35.770      3.126      3.449      3.048      3.494
    -22.000      1.197      1.523      1.144      1.596     -0.326     -0.452    -37.710    -37.770      1.197      1.523      1.144      1.596
    -24.000     -0.702     -0.373     -0.734     -0.280     -0.328     -0.453    -39.710    -39.770     -0.702     -0.374     -0.734     -0.280
    -26.000     -2.694     -2.365     -2.711     -2.255     -0.329     -0.456    -41.710    -41.770     -2.694     -2.365     -2.711     -2.255
    -28.000     -4.697     -4.368     -4.702     -4.244     -0.329     -0.458    -43.710    -43.770     -4.697     -4.368     -4.702     -4.244
    -30.000     -6.666     -6.334     -6.660     -6.204     -0.331     -0.457    -45.710    -45.770     -6.666     -6.334     -6.660     -6.204
    -32.000     -8.684     -8.355     -8.674     -8.212     -0.329     -0.462    -47.710    -47.770     -8.684     -8.355     -8.674     -8.212
    -34.000    -10.658    -10.327    -10.638    -10.180     -0.331     -0.458    -49.710    -49.770    -10.658    -10.327    -10.638    -10.180
    -36.000    -12.682    -12.355    -12.657    -12.199     -0.327     -0.458    -51.710    -51.770    -12.682    -12.355    -12.657    -12.199
    -38.000    -14.643    -14.317    -14.621    -14.160     -0.326     -0.460    -53.710    -53.770    -14.643    -14.317    -14.621    -14.160
    -40.000    -16.663    -16.334    -16.632    -16.177     -0.329     -0.456    -55.710    -55.770    -16.663    -16.334    -16.632    -16.177
    -42.000    -18.686    -18.357    -18.654    -18.198     -0.329     -0.455    -57.710    -57.770    -18.686    -18.357    -18.654    -18.198
    -44.000    -20.665    -20.336    -20.632    -20.175     -0.329     -0.457    -59.710    -59.770    -20.665    -20.336    -20.632    -20.176
    -46.000    -22.666    -22.336    -22.632    -22.175     -0.330     -0.458    -61.710    -61.770    -22.666    -22.336    -22.632    -22.175
    -48.000    -24.632    -24.308    -24.596    -24.140     -0.323     -0.456    -63.710    -63.770    -24.632    -24.308    -24.596    -24.140
    -50.000    -26.656    -26.326    -26.622    -26.163     -0.330     -0.458    -65.710    -65.770    -26.656    -26.326    -26.622    -26.163
    -52.000    -28.677    -28.347    -28.643    -28.186     -0.330     -0.457    -67.710    -67.770    -28.677    -28.347    -28.643    -28.186
    -54.000    -30.683    -30.353    -30.648    -30.194     -0.330     -0.454    -69.710    -69.770    -30.683    -30.353    -30.648    -30.194
    -56.000    -31.623    -31.287    -31.581    -31.134     -0.336     -0.447    -71.710    -71.770    -31.624    -31.287    -31.581    -31.135
    -58.000    -34.657    -34.329    -34.620    -34.165     -0.328     -0.455    -73.710    -73.770    -34.658    -34.330    -34.620    -34.166
    -60.000    -36.682    -36.351    -36.645    -36.190     -0.332     -0.455    -75.710    -75.770    -36.683    -36.351    -36.645    -36.191
    -62.000    -38.701    -38.373    -38.662    -38.207     -0.328     -0.455    -77.710    -77.770    -38.702    -38.373    -38.662    -38.208
    -64.000    -40.649    -40.325    -40.607    -40.152     -0.324     -0.455    -79.710    -79.770    -40.650    -40.327    -40.608    -40.153
    -66.000    -42.669    -42.346    -42.624    -42.175     -0.322     -0.449    -81.710    -81.770    -42.670    -42.348    -42.626    -42.177
    -68.000    -44.633    -44.307    -44.585    -44.136     -0.326     -0.449    -83.710    -83.770    -44.636    -44.310    -44.587    -44.139
    -70.000    -46.645    -46.322    -46.606    -46.156     -0.323     -0.450    -85.710    -85.770    -46.650    -46.326    -46.610    -46.160
    -72.000    -48.657    -48.329    -48.621    -48.166     -0.327     -0.455    -87.710    -87.770    -48.664    -48.336    -48.628    -48.173
    -74.000    -50.622    -50.295    -50.592    -50.135     -0.327     -0.457    -89.710    -89.770    -50.633    -50.306    -50.603    -50.146
    -76.000    -52.626    -52.299    -52.600    -52.142     -0.326     -0.459    -91.710    -91.770    -52.643    -52.317    -52.618    -52.159
    -78.000    -54.569    -54.237    -54.541    -54.084     -0.332     -0.457    -93.710    -93.770    -54.596    -54.264    -54.568    -54.111
    -80.000    -56.573    -56.243    -56.546    -56.087     -0.330     -0.459    -95.710    -95.770    -56.616    -56.287    -56.589    -56.130
    -82.000    -58.517    -58.179    -58.483    -58.034     -0.338     -0.449    -97.710    -97.770    -58.585    -58.247    -58.551    -58.102
    -84.000    -60.502    -60.167    -60.473    -60.023     -0.335     -0.450    -99.710    -99.770    -60.611    -60.276    -60.581    -60.132
    -86.000    -62.444    -62.115    -62.416    -61.963     -0.329     -0.454   -101.710   -101.770    -62.614    -62.286    -62.586    -62.133
    -88.000    -64.349    -64.004    -64.320    -63.867     -0.345     -0.453   -103.710   -103.770    -64.616    -64.272    -64.586    -64.133
    -90.000    -66.209    -65.887    -66.192    -65.733     -0.322     -0.459   -105.710   -105.770    -66.626    -66.308    -66.608    -66.150
    -92.000    -67.971    -67.648    -67.960    -67.497     -0.323     -0.463   -107.710   -107.770    -68.613    -68.295    -68.601    -68.138
    -94.000    -69.653    -69.341    -69.649    -69.174     -0.312     -0.475   -109.710   -109.770    -70.636    -70.335    -70.632    -70.153
    -96.000    -71.123    -70.793    -71.117    -70.662     -0.329     -0.455   -111.710   -111.770    -72.574    -72.255    -72.568    -72.117
    -98.000    -72.480    -72.147    -72.489    -72.016     -0.333     -0.472   -113.710   -113.770    -74.614    -74.296    -74.631    -74.154
   -100.000    -73.611    -73.257    -73.596    -73.126     -0.354     -0.471   -115.710   -115.770    -76.654    -76.302    -76.629    -76.151
   -102.000    -74.463    -74.123    -74.458    -73.995     -0.340     -0.463   -117.710   -117.770    -78.584    -78.270    -78.579    -78.118
   -104.000    -74.916    -74.576    -74.908    -74.454     -0.341     -0.454   -119.710   -119.770    -79.870    -79.560    -79.854    -79.422
   -106.000    -75.630    -75.266    -75.636    -75.150     -0.364     -0.485   -121.710   -121.770    -82.660    -82.262    -82.709    -82.136
   -108.000    -75.955    -75.611    -75.957    -75.481     -0.345     -0.476   -123.710   -123.770    -84.628    -84.351    -84.671    -84.119
   -110.000    -76.161    -75.837    -76.186    -75.697     -0.324     -0.490   -125.710   -125.770    -86.432    -86.423    -86.767    -86.011
   -112.000    -76.335    -75.981    -76.335    -75.854     -0.353     -0.482   -127.710   -127.770    -88.790    -88.465    -88.877    -88.103
   -114.000    -76.439    -76.080    -76.408    -75.949     -0.360     -0.459   -129.710   -129.770    -91.145    -90.661    -90.420    -90.071
   -116.000    -76.485    -76.137    -76.486    -76.032     -0.348     -0.454   -131.710   -131.770    -92.756    -92.703    -93.007    -92.977
   -118.000    -76.525    -76.172    -76.515    -76.057     -0.353     -0.458   -133.710   -133.770    -94.878    -94.648    -94.535    -94.455
   -120.000    -76.555    -76.197    -76.547    -76.089     -0.359     -0.458   -135.710   -135.770    -97.696    -96.873    -97.243    -97.561
   -122.000    -76.566    -76.220    -76.568    -76.092     -0.346     -0.475   -137.710   -137.770    -99.333   -101.292   -100.843    -98.004
   -124.000    -76.578    -76.232    -76.585    -76.122     -0.346     -0.462   -139.710   -139.770   -102.698   -111.061   -100.843    -98.004
   -126.000    -76.593    -76.231    -76.590    -76.116     -0.362     -0.474   -141.710   -141.770   -102.698   -108.939   -100.843    -98.004
   -128.000    -76.583    -76.222    -76.581    -76.122     -0.361     -0.460   -143.710   -143.770   -102.698   -101.913   -100.843    -98.004
   -130.000    -76.594    -76.250    -76.591    -76.115     -0.344     -0.476   -145.710   -145.770   -102.698   -101.913   -100.843    -98.004
   -132.000    -76.605    -76.252    -76.584    -76.127     -0.353     -0.457   -147.710   -147.770   -102.698   -101.913   -100.843    -98.004
   -134.000    -76.606    -76.259    -76.595    -76.139     -0.347     -0.457   -149.710   -149.770   -102.698   -101.913   -100.843    -98.004
   -136.000    -76.593    -76.222    -76.593    -76.119     -0.371     -0.474   -151.710   -151.770   -102.698   -101.913   -100.843    -98.004
   -138.000    -76.604    -76.249    -76.591    -76.140     -0.355     -0.451   -153.710   -153.770   -102.698   -101.913   -100.843    -98.004
   -140.000    -76.601    -76.238    -76.601    -76.144     -0.364     -0.457   -155.710   -155.770   -102.698   -101.913   -100.843    -98.004
