    -14.000      6.493      7.428      6.457      8.719     -0.935     -2.262    -29.710    -29.770      6.493      7.428      6.457      8.719
    -16.000      6.149      6.606      6.166      7.464     -0.458     -1.298    -31.710    -31.770      6.149      6.606      6.166      7.464
    -18.000      5.010      5.315      4.895      5.314     -0.305     -0.419    -33.710    -33.770      5.010      5.315      4.895      5.314
    -20.000      3.143      3.456      3.067      3.497     -0.313     -0.430    -35.710    -35.770      3.143      3.456      3.067      3.497
    -22.000      1.214      1.529      1.163      1.599     -0.315     -0.435    -37.710    -37.770      1.214      1.529      1.163      1.598
    -24.000     -0.683     -0.365     -0.713     -0.276     -0.318     -0.437    -39.710    -39.770     -0.683     -0.365     -0.713     -0.276
    -26.000     -2.670     -2.352     -2.685     -2.246     -0.317     -0.439    -41.710    -41.770     -2.670     -2.352     -2.685     -2.246
    -28.000     -4.673     -4.355     -4.676     -4.235     -0.318     -0.441    -43.710    -43.770     -4.673     -4.355     -4.676     -4.235
    -30.000     -6.638     -6.318     -6.631     -6.190     -0.320     -0.441    -45.710    -45.770     -6.638     -6.318     -6.631     -6.190
    -32.000     -8.655     -8.338     -8.643     -8.199     -0.317     -0.444    -47.710    -47.770     -8.655     -8.339     -8.644     -8.199
    -34.000    -10.623    -10.306    -10.602    -10.164     -0.317     -0.439    -49.710    -49.770    -10.623    -10.307    -10.602    -10.164
    -36.000    -12.646    -12.333    -12.622    -12.184     -0.314     -0.438    -51.710    -51.770    -12.646    -12.333    -12.622    -12.184
    -38.000    -14.608    -14.293    -14.584    -14.137     -0.315     -0.447    -53.710    -53.770    -14.608    -14.294    -14.584    -14.137
    -40.000    -16.626    -16.307    -16.593    -16.153     -0.319     -0.440    -55.710    -55.770    -16.626    -16.307    -16.593    -16.153
    -42.000    -18.648    -18.330    -18.613    -18.176     -0.318     -0.438    -57.710    -57.770    -18.648    -18.330    -18.613    -18.176
    -44.000    -20.587    -20.258    -20.540    -20.114     -0.329     -0.426    -59.710    -59.770    -20.587    -20.258    -20.540    -20.114
    -46.000    -22.625    -22.308    -22.590    -22.151     -0.318     -0.439    -61.710    -61.770    -22.626    -22.308    -22.590    -22.151
    -48.000    -24.593    -24.272    -24.550    -24.111     -0.322     -0.439    -63.710    -63.770    -24.593    -24.272    -24.550    -24.111
    -50.000    -26.613    -26.294    -26.575    -26.134     -0.319     -0.441    -65.710    -65.770    -26.613    -26.294    -26.575    -26.134
    -52.000    -28.633    -28.314    -28.596    -28.156     -0.319     -0.441    -67.710    -67.770    -28.633    -28.314    -28.597    -28.156
    -54.000    -30.639    -30.321    -30.601    -30.166     -0.318     -0.436    -69.710    -69.770    -30.639    -30.322    -30.602    -30.166
    -56.000    -32.659    -32.340    -32.620    -32.183     -0.319     -0.437    -71.710    -71.770    -32.659    -32.340    -32.621    -32.184
    -58.000    -34.608    -34.292    -34.569    -34.135     -0.316     -0.435    -73.710    -73.770    -34.609    -34.293    -34.570    -34.135
    -60.000    -36.632    -36.316    -36.594    -36.157     -0.316     -0.437    -75.710    -75.770    -36.633    -36.317    -36.594    -36.157
    -62.000    -38.650    -38.336    -38.609    -38.175     -0.314     -0.434    -77.710    -77.770    -38.651    -38.337    -38.610    -38.176
    -64.000    -40.594    -40.282    -40.550    -40.120     -0.311     -0.431    -79.710    -79.770    -40.595    -40.283    -40.551    -40.121
    -66.000    -42.613    -42.302    -42.573    -42.141     -0.311     -0.432    -81.710    -81.770    -42.615    -42.303    -42.575    -42.143
    -68.000    -44.573    -44.261    -44.528    -44.098     -0.312     -0.430    -83.710    -83.770    -44.575    -44.264    -44.531    -44.101
    -70.000    -46.586    -46.276    -46.549    -46.115     -0.310     -0.434    -85.710    -85.770    -46.591    -46.280    -46.554    -46.120
    -72.000    -48.596    -48.283    -48.564    -48.127     -0.313     -0.438    -87.710    -87.770    -48.603    -48.290    -48.571    -48.134
    -74.000    -50.559    -50.246    -50.532    -50.093     -0.313     -0.439    -89.710    -89.770    -50.569    -50.257    -50.543    -50.104
    -76.000    -52.562    -52.251    -52.543    -52.099     -0.312     -0.445    -91.710    -91.770    -52.580    -52.268    -52.560    -52.116
    -78.000    -54.500    -54.187    -54.480    -54.037     -0.313     -0.444    -93.710    -93.770    -54.527    -54.214    -54.507    -54.064
    -80.000    -56.504    -56.186    -56.485    -56.039     -0.318     -0.446    -95.710    -95.770    -56.547    -56.229    -56.528    -56.082
    -82.000    -58.445    -58.121    -58.417    -57.984     -0.324     -0.434    -97.710    -97.770    -58.512    -58.188    -58.484    -58.051
    -84.000    -60.427    -60.111    -60.408    -59.972     -0.316     -0.436    -99.710    -99.770    -60.533    -60.219    -60.514    -60.079
    -86.000    -62.364    -62.049    -62.355    -61.908     -0.315     -0.446   -101.710   -101.770    -62.532    -62.219    -62.522    -62.077
    -88.000    -64.270    -63.948    -64.254    -63.812     -0.322     -0.442   -103.710   -103.770    -64.533    -64.214    -64.515    -64.075
    -90.000    -66.135    -65.825    -66.127    -65.688     -0.310     -0.439   -105.710   -105.770    -66.547    -66.242    -66.537    -66.101
    -92.000    -67.516    -67.197    -67.500    -67.067     -0.319     -0.433   -107.710   -107.770    -68.092    -67.778    -68.072    -67.645
    -94.000    -69.580    -69.268    -69.589    -69.140     -0.312     -0.449   -109.710   -109.770    -70.548    -70.248    -70.557    -70.114
    -96.000    -71.069    -70.740    -71.076    -70.625     -0.329     -0.451   -111.710   -111.770    -72.504    -72.187    -72.511    -72.069
    -98.000    -72.429    -72.116    -72.420    -71.976     -0.313     -0.444   -113.710   -113.770    -74.539    -74.256    -74.520    -74.095
   -100.000    -73.556    -73.231    -73.555    -73.107     -0.325     -0.448   -115.710   -115.770    -76.557    -76.267    -76.547    -76.124
   -102.000    -74.441    -74.091    -74.423    -73.978     -0.350     -0.445   -117.710   -117.770    -78.549    -78.214    -78.491    -78.088
   -104.000    -75.111    -74.787    -75.122    -74.659     -0.324     -0.464   -119.710   -119.770    -80.541    -80.309    -80.564    -80.122
   -106.000    -75.610    -75.249    -75.629    -75.147     -0.360     -0.482   -121.710   -121.770    -82.613    -82.249    -82.678    -82.158
   -108.000    -75.938    -75.577    -75.937    -75.479     -0.360     -0.458   -123.710   -123.770    -84.581    -84.217    -84.528    -84.163
   -110.000    -76.169    -75.810    -76.172    -75.718     -0.359     -0.455   -125.710   -125.770    -86.652    -86.301    -86.619    -86.343
   -112.000    -76.303    -75.969    -76.314    -75.865     -0.333     -0.449   -127.710   -127.770    -88.454    -88.546    -88.524    -88.464
   -114.000    -76.404    -76.057    -76.419    -75.945     -0.347     -0.474   -129.710   -129.770    -90.508    -90.489    -90.740    -90.215
   -116.000    -76.463    -76.124    -76.491    -76.020     -0.339     -0.471   -131.710   -131.770    -92.387    -92.914    -93.271    -92.866
   -118.000    -76.519    -76.155    -76.515    -76.049     -0.364     -0.466   -133.710   -133.770    -95.369    -94.709    -94.600    -94.539
   -120.000    -76.540    -76.175    -76.555    -76.069     -0.365     -0.486   -135.710   -135.770    -97.425    -96.391    -98.454    -96.265
   -122.000    -76.567    -76.183    -76.547    -76.079     -0.384     -0.468   -137.710   -137.770   -103.776    -97.390    -97.400    -97.473
   -124.000    -76.569    -76.209    -76.570    -76.097     -0.360     -0.473   -139.710   -139.770   -104.776   -104.067   -101.837   -101.109
   -126.000    -76.573    -76.227    -76.584    -76.107     -0.346     -0.477   -141.710   -141.770   -108.531   -104.067   -101.837   -106.783
   -128.000    -76.569    -76.206    -76.602    -76.114     -0.363     -0.488   -143.710   -143.770   -104.911   -104.067   -101.837   -106.783
   -130.000    -76.577    -76.222    -76.585    -76.117     -0.355     -0.468   -145.710   -145.770   -104.911   -104.067   -101.837   -106.783
   -132.000    -76.584    -76.229    -76.583    -76.106     -0.354     -0.478   -147.710   -147.770   -104.911   -104.067   -101.837   -106.783
   -134.000    -76.593    -76.226    -76.588    -76.139     -0.367     -0.450   -149.710   -149.770   -104.911   -104.067   -101.837   -106.783
   -136.000    -76.582    -76.226    -76.609    -76.119     -0.356     -0.490   -151.710   -151.770   -104.911   -104.067   -101.837   -106.783
   -138.000    -76.586    -76.242    -76.597    -76.130     -0.344     -0.467   -153.710   -153.770   -104.911   -104.067   -101.837   -106.783
   -140.000    -76.593    -76.233    -76.594    -76.141     -0.360     -0.452   -155.710   -155.770   -104.911   -104.067   -101.837   -106.783
