    -14.000      6.457      7.136      6.530      8.796     -0.679     -2.266    -29.710    -29.770      6.457      7.135      6.530      8.796
    -16.000      6.140      6.436      6.218      7.380     -0.296     -1.162    -31.710    -31.770      6.140      6.436      6.218      7.380
    -18.000      4.962      5.284      4.848      5.285     -0.322     -0.437    -33.710    -33.770      4.962      5.284      4.848      5.285
    -20.000      3.094      3.424      3.018      3.467     -0.330     -0.450    -35.710    -35.770      3.094      3.424      3.018      3.467
    -22.000      1.162      1.496      1.112      1.567     -0.333     -0.455    -37.710    -37.770      1.162      1.495      1.112      1.567
    -24.000     -0.737     -0.400     -0.766     -0.309     -0.337     -0.457    -39.710    -39.770     -0.737     -0.400     -0.766     -0.309
    -26.000     -2.725     -2.389     -2.741     -2.280     -0.336     -0.461    -41.710    -41.770     -2.725     -2.389     -2.741     -2.280
    -28.000     -4.729     -4.392     -4.733     -4.270     -0.338     -0.462    -43.710    -43.770     -4.729     -4.392     -4.733     -4.270
    -30.000     -6.697     -6.358     -6.691     -6.227     -0.339     -0.464    -45.710    -45.770     -6.697     -6.358     -6.691     -6.227
    -32.000     -8.715     -8.379     -8.704     -8.238     -0.336     -0.466    -47.710    -47.770     -8.715     -8.379     -8.704     -8.238
    -34.000    -10.686    -10.350    -10.666    -10.205     -0.336     -0.461    -49.710    -49.770    -10.686    -10.350    -10.666    -10.205
    -36.000    -12.711    -12.378    -12.687    -12.228     -0.333     -0.460    -51.710    -51.770    -12.711    -12.378    -12.687    -12.228
    -38.000    -14.676    -14.342    -14.653    -14.183     -0.334     -0.470    -53.710    -53.770    -14.676    -14.342    -14.654    -14.183
    -40.000    -16.695    -16.356    -16.663    -16.200     -0.339     -0.462    -55.710    -55.770    -16.695    -16.356    -16.663    -16.200
    -42.000    -18.716    -18.378    -18.683    -18.223     -0.338     -0.460    -57.710    -57.770    -18.716    -18.378    -18.683    -18.223
    -44.000    -20.695    -20.358    -20.660    -20.201     -0.337     -0.459    -59.710    -59.770    -20.695    -20.358    -20.660    -20.201
    -46.000    -22.697    -22.359    -22.662    -22.201     -0.338     -0.461    -61.710    -61.770    -22.697    -22.359    -22.662    -22.201
    -48.000    -24.667    -24.326    -24.625    -24.165     -0.340     -0.461    -63.710    -63.770    -24.667    -24.326    -24.626    -24.165
    -50.000    -26.688    -26.349    -26.651    -26.188     -0.339     -0.463    -65.710    -65.770    -26.688    -26.349    -26.651    -26.188
    -52.000    -28.709    -28.370    -28.674    -28.210     -0.339     -0.463    -67.710    -67.770    -28.709    -28.371    -28.674    -28.210
    -54.000    -30.713    -30.376    -30.677    -30.218     -0.337     -0.459    -69.710    -69.770    -30.714    -30.376    -30.677    -30.218
    -56.000    -32.735    -32.396    -32.698    -32.237     -0.338     -0.461    -71.710    -71.770    -32.735    -32.396    -32.698    -32.237
    -58.000    -34.686    -34.351    -34.649    -34.192     -0.335     -0.457    -73.710    -73.770    -34.686    -34.351    -34.649    -34.192
    -60.000    -36.710    -36.376    -36.674    -36.214     -0.334     -0.459    -75.710    -75.770    -36.711    -36.376    -36.674    -36.215
    -62.000    -38.728    -38.395    -38.691    -38.235     -0.333     -0.456    -77.710    -77.770    -38.729    -38.396    -38.692    -38.236
    -64.000    -40.672    -40.341    -40.633    -40.180     -0.331     -0.453    -79.710    -79.770    -40.673    -40.342    -40.634    -40.181
    -66.000    -42.691    -42.358    -42.655    -42.200     -0.332     -0.455    -81.710    -81.770    -42.693    -42.360    -42.657    -42.202
    -68.000    -44.652    -44.322    -44.614    -44.160     -0.330     -0.454    -83.710    -83.770    -44.655    -44.325    -44.617    -44.163
    -70.000    -46.669    -46.337    -46.637    -46.177     -0.332     -0.460    -85.710    -85.770    -46.673    -46.341    -46.642    -46.182
    -72.000    -48.680    -48.349    -48.653    -48.189     -0.331     -0.464    -87.710    -87.770    -48.687    -48.357    -48.660    -48.196
    -74.000    -50.648    -50.318    -50.625    -50.159     -0.330     -0.466    -89.710    -89.770    -50.659    -50.329    -50.636    -50.170
    -76.000    -52.650    -52.322    -52.633    -52.163     -0.328     -0.470    -91.710    -91.770    -52.667    -52.340    -52.651    -52.181
    -78.000    -54.591    -54.259    -54.571    -54.103     -0.332     -0.468    -93.710    -93.770    -54.618    -54.287    -54.599    -54.131
    -80.000    -56.593    -56.264    -56.575    -56.104     -0.329     -0.471    -95.710    -95.770    -56.637    -56.308    -56.619    -56.147
    -82.000    -58.538    -58.202    -58.517    -58.053     -0.336     -0.464    -97.710    -97.770    -58.606    -58.270    -58.585    -58.121
    -84.000    -60.525    -60.189    -60.500    -60.036     -0.336     -0.464    -99.710    -99.770    -60.633    -60.298    -60.608    -60.144
    -86.000    -62.459    -62.130    -62.443    -61.979     -0.330     -0.463   -101.710   -101.770    -62.630    -62.302    -62.613    -62.150
    -88.000    -64.370    -64.026    -64.343    -63.890     -0.344     -0.453   -103.710   -103.770    -64.638    -64.296    -64.609    -64.157
    -90.000    -66.232    -65.894    -66.212    -65.751     -0.338     -0.461   -105.710   -105.770    -66.650    -66.316    -66.629    -66.169
    -92.000    -67.991    -67.647    -67.975    -67.520     -0.344     -0.455   -107.710   -107.770    -68.635    -68.294    -68.617    -68.165
    -94.000    -69.683    -69.333    -69.657    -69.199     -0.350     -0.459   -109.710   -109.770    -70.671    -70.325    -70.639    -70.184
    -96.000    -71.144    -70.802    -71.145    -70.680     -0.342     -0.465   -111.710   -111.770    -72.600    -72.268    -72.602    -72.139
    -98.000    -72.500    -72.156    -72.490    -72.024     -0.344     -0.466   -113.710   -113.770    -74.642    -74.311    -74.626    -74.163
   -100.000    -73.620    -73.281    -73.609    -73.133     -0.338     -0.475   -115.710   -115.770    -76.662    -76.351    -76.642    -76.163
   -102.000    -74.478    -74.137    -74.477    -73.999     -0.341     -0.478   -117.710   -117.770    -78.609    -78.308    -78.610    -78.121
   -104.000    -75.165    -74.804    -75.154    -74.692     -0.361     -0.462   -119.710   -119.770    -80.675    -80.327    -80.645    -80.207
   -106.000    -75.646    -75.284    -75.645    -75.172     -0.362     -0.473   -121.710   -121.770    -82.701    -82.356    -82.707    -82.227
   -108.000    -75.963    -75.614    -75.968    -75.502     -0.350     -0.466   -123.710   -123.770    -84.627    -84.379    -84.676    -84.246
   -110.000    -76.184    -75.830    -76.187    -75.722     -0.354     -0.465   -125.710   -125.770    -86.591    -86.353    -86.648    -86.247
   -112.000    -76.353    -75.974    -76.341    -75.880     -0.380     -0.461   -127.710   -127.770    -88.955    -88.343    -88.781    -88.491
   -114.000    -76.442    -76.068    -76.449    -75.957     -0.373     -0.493   -129.710   -129.770    -90.940    -90.363    -91.232    -90.167
   -116.000    -76.481    -76.143    -76.487    -76.020     -0.338     -0.467   -131.710   -131.770    -92.212    -93.050    -92.548    -92.241
   -118.000    -76.536    -76.188    -76.521    -76.062     -0.348     -0.459   -133.710   -133.770    -95.012    -96.091    -94.172    -94.525
   -120.000    -76.574    -76.216    -76.552    -76.073     -0.358     -0.480   -135.710   -135.770    -99.156   -100.364    -96.544    -95.331
   -122.000    -76.580    -76.202    -76.596    -76.110     -0.378     -0.486   -137.710   -137.770   -100.382    -97.760   -127.499   -100.815
   -124.000    -76.584    -76.225    -76.586    -76.118     -0.359     -0.468   -139.710   -139.770   -101.285   -103.606   -103.041   -104.288
   -126.000    -76.579    -76.243    -76.602    -76.126     -0.336     -0.476   -141.710   -141.770   -100.058   -103.606   -103.041   -104.288
   -128.000    -76.606    -76.239    -76.597    -76.115     -0.367     -0.481   -143.710   -143.770   -100.058   -103.606   -103.041   -104.288
   -130.000    -76.600    -76.236    -76.610    -76.126     -0.364     -0.485   -145.710   -145.770   -100.058   -103.606   -103.041   -104.288
   -132.000    -76.618    -76.238    -76.607    -76.143     -0.380     -0.465   -147.710   -147.770   -100.058   -103.606   -103.041   -104.288
   -134.000    -76.605    -76.247    -76.609    -76.128     -0.358     -0.481   -149.710   -149.770   -100.058   -103.606   -103.041   -104.288
   -136.000    -76.619    -76.238    -76.591    -76.148     -0.380     -0.443   -151.710   -151.770   -100.058   -103.606   -103.041   -104.288
   -138.000    -76.609    -76.245    -76.599    -76.148     -0.364     -0.451   -153.710   -153.770   -100.058   -103.606   -103.041   -104.288
   -140.000    -76.610    -76.231    -76.607    -76.137     -0.379     -0.470   -155.710   -155.770   -100.058   -103.606   -103.041   -104.288
