    -14.000      6.543      6.718      6.771      8.583     -0.175     -1.812    -29.710    -29.770      6.543      6.718      6.771      8.583
    -16.000      6.206      6.250      6.371      7.253     -0.044     -0.882    -31.710    -31.770      6.206      6.250      6.371      7.253
    -18.000      4.985      5.306      4.877      5.305     -0.321     -0.428    -33.710    -33.770      4.985      5.306      4.877      5.305
    -20.000      3.118      3.447      3.048      3.489     -0.330     -0.440    -35.710    -35.770      3.118      3.447      3.048      3.489
    -22.000      1.188      1.521      1.144      1.590     -0.333     -0.446    -37.710    -37.770      1.188      1.521      1.144      1.590
    -24.000     -0.709     -0.377     -0.736     -0.288     -0.333     -0.448    -39.710    -39.770     -0.709     -0.377     -0.736     -0.288
    -26.000     -2.699     -2.365     -2.709     -2.259     -0.334     -0.450    -41.710    -41.770     -2.699     -2.365     -2.709     -2.259
    -28.000     -4.703     -4.368     -4.700     -4.248     -0.335     -0.452    -43.710    -43.770     -4.703     -4.368     -4.700     -4.248
    -30.000     -6.669     -6.335     -6.659     -6.205     -0.334     -0.454    -45.710    -45.770     -6.669     -6.335     -6.659     -6.205
    -32.000     -8.690     -8.354     -8.671     -8.218     -0.336     -0.452    -47.710    -47.770     -8.690     -8.354     -8.671     -8.218
    -34.000    -10.659    -10.328    -10.635    -10.183     -0.331     -0.453    -49.710    -49.770    -10.659    -10.328    -10.635    -10.183
    -36.000    -12.684    -12.352    -12.653    -12.205     -0.332     -0.448    -51.710    -51.770    -12.684    -12.352    -12.654    -12.205
    -38.000    -14.658    -14.319    -14.620    -14.168     -0.339     -0.452    -53.710    -53.770    -14.658    -14.319    -14.620    -14.168
    -40.000    -16.682    -16.321    -16.651    -16.163     -0.361     -0.487    -55.710    -55.770    -16.682    -16.321    -16.651    -16.163
    -42.000    -18.709    -18.343    -18.677    -18.186     -0.366     -0.491    -57.710    -57.770    -18.709    -18.343    -18.677    -18.186
    -44.000    -20.690    -20.323    -20.655    -20.165     -0.367     -0.491    -59.710    -59.770    -20.690    -20.323    -20.655    -20.165
    -46.000    -22.693    -22.324    -22.658    -22.165     -0.369     -0.493    -61.710    -61.770    -22.693    -22.324    -22.658    -22.165
    -48.000    -24.664    -24.292    -24.624    -24.128     -0.372     -0.496    -63.710    -63.770    -24.664    -24.292    -24.624    -24.128
    -50.000    -26.685    -26.315    -26.649    -26.151     -0.370     -0.497    -65.710    -65.770    -26.685    -26.315    -26.649    -26.152
    -52.000    -27.964    -27.586    -27.920    -27.431     -0.377     -0.490    -67.710    -67.770    -27.964    -27.586    -27.920    -27.431
    -54.000    -30.710    -30.341    -30.674    -30.182     -0.369     -0.492    -69.710    -69.770    -30.710    -30.341    -30.674    -30.182
    -56.000    -32.732    -32.361    -32.696    -32.201     -0.371     -0.495    -71.710    -71.770    -32.732    -32.361    -32.696    -32.201
    -58.000    -34.684    -34.315    -34.647    -34.157     -0.368     -0.490    -73.710    -73.770    -34.684    -34.316    -34.647    -34.157
    -60.000    -36.711    -36.340    -36.673    -36.179     -0.370     -0.494    -75.710    -75.770    -36.711    -36.341    -36.674    -36.180
    -62.000    -38.728    -38.361    -38.690    -38.201     -0.367     -0.489    -77.710    -77.770    -38.728    -38.361    -38.691    -38.201
    -64.000    -40.672    -40.308    -40.635    -40.149     -0.364     -0.486    -79.710    -79.770    -40.673    -40.309    -40.636    -40.150
    -66.000    -42.694    -42.328    -42.661    -42.171     -0.367     -0.490    -81.710    -81.770    -42.696    -42.329    -42.663    -42.173
    -68.000    -44.654    -44.293    -44.624    -44.133     -0.362     -0.491    -83.710    -83.770    -44.657    -44.295    -44.627    -44.136
    -70.000    -46.669    -46.308    -46.645    -46.154     -0.361     -0.490    -85.710    -85.770    -46.673    -46.312    -46.649    -46.159
    -72.000    -48.683    -48.316    -48.661    -48.167     -0.367     -0.494    -87.710    -87.770    -48.690    -48.323    -48.668    -48.174
    -74.000    -50.649    -50.284    -50.634    -50.137     -0.365     -0.497    -89.710    -89.770    -50.660    -50.295    -50.645    -50.148
    -76.000    -52.651    -52.289    -52.644    -52.146     -0.362     -0.498    -91.710    -91.770    -52.669    -52.307    -52.661    -52.163
    -78.000    -54.592    -54.234    -54.592    -54.090     -0.357     -0.502    -93.710    -93.770    -54.619    -54.262    -54.619    -54.118
    -80.000    -56.597    -56.233    -56.596    -56.096     -0.364     -0.501    -95.710    -95.770    -56.641    -56.277    -56.640    -56.139
    -82.000    -58.538    -58.181    -58.544    -58.038     -0.357     -0.505    -97.710    -97.770    -58.606    -58.250    -58.612    -58.107
    -84.000    -60.527    -60.166    -60.529    -60.019     -0.361     -0.510    -99.710    -99.770    -60.635    -60.275    -60.637    -60.128
    -86.000    -62.469    -62.109    -62.477    -61.961     -0.360     -0.516   -101.710   -101.770    -62.640    -62.281    -62.648    -62.132
    -88.000    -64.364    -64.008    -64.373    -63.857     -0.355     -0.516   -103.710   -103.770    -64.630    -64.277    -64.640    -64.124
    -90.000    -66.246    -65.877    -66.240    -65.724     -0.369     -0.516   -105.710   -105.770    -66.664    -66.298    -66.659    -66.142
    -92.000    -67.992    -67.629    -67.985    -67.477     -0.363     -0.508   -107.710   -107.770    -68.633    -68.276    -68.627    -68.119
    -94.000    -69.674    -69.318    -69.678    -69.162     -0.356     -0.516   -109.710   -109.770    -70.655    -70.309    -70.661    -70.144
    -96.000    -71.158    -70.787    -71.147    -70.653     -0.371     -0.494   -111.710   -111.770    -72.611    -72.251    -72.599    -72.112
    -98.000    -72.515    -72.149    -72.503    -71.984     -0.366     -0.519   -113.710   -113.770    -74.653    -74.307    -74.639    -74.116
   -100.000    -73.278    -72.891    -73.261    -72.755     -0.386     -0.505   -115.710   -115.770    -75.982    -75.605    -75.957    -75.457
   -102.000    -74.515    -74.110    -74.487    -73.974     -0.405     -0.513   -117.710   -117.770    -78.674    -78.256    -78.613    -78.097
   -104.000    -75.161    -74.792    -75.157    -74.663     -0.370     -0.494   -119.710   -119.770    -80.615    -80.313    -80.620    -80.171
   -106.000    -75.661    -75.261    -75.669    -75.149     -0.400     -0.520   -121.710   -121.770    -82.702    -82.289    -82.775    -82.218
   -108.000    -75.981    -75.608    -75.970    -75.483     -0.373     -0.487   -123.710   -123.770    -84.634    -84.411    -84.605    -84.272
   -110.000    -76.212    -75.824    -76.208    -75.695     -0.388     -0.514   -125.710   -125.770    -86.707    -86.411    -86.750    -86.212
   -112.000    -76.354    -75.970    -76.358    -75.845     -0.384     -0.513   -127.710   -127.770    -88.660    -88.483    -88.858    -88.311
   -114.000    -76.432    -76.049    -76.431    -75.944     -0.382     -0.487   -129.710   -129.770    -90.211    -90.173    -90.369    -90.507
   -116.000    -76.518    -76.128    -76.526    -76.017     -0.390     -0.509   -131.710   -131.770    -92.957    -92.877    -93.724    -93.335
   -118.000    -76.527    -76.161    -76.550    -76.049     -0.366     -0.501   -133.710   -133.770    -93.382    -94.809    -95.191    -95.514
   -120.000    -76.586    -76.194    -76.573    -76.075     -0.392     -0.498   -135.710   -135.770    -97.979    -98.305    -97.324    -98.829
   -122.000    -76.594    -76.202    -76.586    -76.076     -0.393     -0.510   -137.710   -137.770    -99.362    -99.757    -99.230    -98.983
   -124.000    -76.599    -76.210    -76.608    -76.081     -0.390     -0.527   -139.710   -139.770   -100.356   -102.064   -111.264   -100.113
   -126.000    -76.629    -76.240    -76.605    -76.101     -0.389     -0.504   -141.710   -141.770   -100.356   -102.064   -105.920   -100.113
   -128.000    -76.615    -76.218    -76.626    -76.108     -0.397     -0.518   -143.710   -143.770   -100.356   -102.064   -105.920   -100.113
   -130.000    -76.641    -76.233    -76.632    -76.089     -0.407     -0.543   -145.710   -145.770   -100.356   -102.064   -105.920   -100.113
   -132.000    -76.630    -76.232    -76.610    -76.107     -0.398     -0.503   -147.710   -147.770   -100.356   -102.064   -105.920   -100.113
   -134.000    -76.623    -76.232    -76.614    -76.104     -0.390     -0.510   -149.710   -149.770   -100.356   -102.064   -105.920   -100.113
   -136.000    -76.619    -76.218    -76.611    -76.095     -0.401     -0.516   -151.710   -151.770   -100.356   -102.064   -105.920   -100.113
   -138.000    -76.623    -76.231    -76.623    -76.131     -0.392     -0.492   -153.710   -153.770   -100.356   -102.064   -105.920   -100.113
   -140.000    -76.633    -76.220    -76.618    -76.114     -0.413     -0.504   -155.710   -155.770   -100.356   -102.064   -105.920   -100.113
