    -14.000      6.550      6.515      8.632      8.578      0.035      0.054    -30.330    -30.270      6.550      6.515      8.632      8.578
    -16.000      6.167      6.153      7.173      7.149      0.014      0.024    -32.330    -32.270      6.166      6.153      7.173      7.149
    -18.000      4.872      4.872      5.145      5.145      0.000      0.000    -34.330    -34.270      4.872      4.872      5.145      5.145
    -20.000      3.001      3.001      3.319      3.319      0.000     -0.000    -36.330    -36.270      3.001      3.001      3.319      3.319
    -22.000      1.068      1.068      1.414      1.414      0.000      0.000    -38.330    -38.270      1.068      1.068      1.414      1.414
    -24.000     -0.831     -0.831     -0.464     -0.464      0.000      0.000    -40.330    -40.270     -0.831     -0.831     -0.464     -0.464
    -26.000     -2.820     -2.819     -2.436     -2.436     -0.000      0.000    -42.330    -42.270     -2.820     -2.819     -2.436     -2.436
    -28.000     -4.824     -4.824     -4.427     -4.427      0.000     -0.000    -44.330    -44.270     -4.824     -4.824     -4.427     -4.427
    -30.000     -6.791     -6.791     -6.386     -6.386      0.000      0.000    -46.330    -46.270     -6.791     -6.791     -6.386     -6.386
    -32.000     -8.811     -8.811     -8.395     -8.395     -0.000      0.000    -48.330    -48.270     -8.811     -8.811     -8.395     -8.395
    -34.000    -10.783    -10.782    -10.362    -10.362     -0.000     -0.000    -50.330    -50.270    -10.783    -10.782    -10.362    -10.362
    -36.000    -12.806    -12.805    -12.381    -12.380     -0.000     -0.000    -52.330    -52.270    -12.806    -12.805    -12.381    -12.381
    -38.000    -14.765    -14.765    -14.339    -14.339     -0.000      0.000    -54.330    -54.270    -14.765    -14.765    -14.339    -14.339
    -40.000    -16.787    -16.786    -16.356    -16.356     -0.000      0.000    -56.330    -56.270    -16.787    -16.786    -16.356    -16.356
    -42.000    -18.809    -18.809    -18.377    -18.377      0.000     -0.000    -58.330    -58.270    -18.809    -18.809    -18.377    -18.377
    -44.000    -20.788    -20.788    -20.353    -20.353     -0.000     -0.000    -60.330    -60.270    -20.788    -20.788    -20.353    -20.353
    -46.000    -22.788    -22.788    -22.352    -22.352      0.000      0.000    -62.330    -62.270    -22.788    -22.788    -22.353    -22.353
    -48.000    -24.754    -24.754    -24.317    -24.317      0.000     -0.000    -64.330    -64.270    -24.754    -24.754    -24.317    -24.317
    -50.000    -26.777    -26.777    -26.339    -26.339      0.000      0.000    -66.330    -66.270    -26.777    -26.778    -26.339    -26.339
    -52.000    -28.799    -28.799    -28.361    -28.361      0.000      0.000    -68.330    -68.270    -28.799    -28.799    -28.361    -28.362
    -54.000    -30.802    -30.802    -30.366    -30.366     -0.000     -0.000    -70.330    -70.270    -30.802    -30.802    -30.366    -30.366
    -56.000    -32.820    -32.820    -32.384    -32.384     -0.000      0.000    -72.330    -72.270    -32.820    -32.820    -32.384    -32.384
    -58.000    -34.774    -34.773    -34.337    -34.336     -0.000     -0.000    -74.330    -74.270    -34.774    -34.774    -34.337    -34.337
    -60.000    -36.799    -36.798    -36.360    -36.360     -0.000     -0.000    -76.330    -76.270    -36.799    -36.799    -36.361    -36.360
    -62.000    -38.816    -38.816    -38.376    -38.376     -0.000      0.000    -78.330    -78.270    -38.816    -38.816    -38.377    -38.377
    -64.000    -40.763    -40.762    -40.321    -40.321     -0.000     -0.000    -80.330    -80.270    -40.764    -40.763    -40.322    -40.322
    -66.000    -42.781    -42.781    -42.345    -42.344     -0.000     -0.001    -82.330    -82.270    -42.783    -42.783    -42.347    -42.346
    -68.000    -44.745    -44.744    -44.302    -44.302     -0.001     -0.000    -84.330    -84.270    -44.748    -44.747    -44.305    -44.305
    -70.000    -46.759    -46.759    -46.319    -46.319     -0.000      0.000    -86.330    -86.270    -46.764    -46.763    -46.324    -46.324
    -72.000    -48.769    -48.767    -48.330    -48.330     -0.002     -0.000    -88.330    -88.270    -48.776    -48.775    -48.337    -48.337
    -74.000    -50.730    -50.730    -50.295    -50.294      0.001     -0.001    -90.330    -90.270    -50.741    -50.742    -50.306    -50.305
    -76.000    -52.733    -52.734    -52.301    -52.302      0.001      0.001    -92.330    -92.270    -52.751    -52.752    -52.319    -52.320
    -78.000    -54.672    -54.672    -54.242    -54.244     -0.000      0.002    -94.330    -94.270    -54.700    -54.700    -54.270    -54.272
    -80.000    -56.676    -56.676    -56.247    -56.249     -0.000      0.002    -96.330    -96.270    -56.721    -56.720    -56.292    -56.294
    -82.000    -58.616    -58.616    -58.191    -58.193      0.000      0.002    -98.330    -98.270    -58.686    -58.686    -58.261    -58.263
    -84.000    -60.602    -60.602    -60.176    -60.178     -0.000      0.002   -100.330   -100.270    -60.713    -60.713    -60.287    -60.289
    -86.000    -62.544    -62.544    -62.120    -62.116     -0.000     -0.004   -102.330   -102.270    -62.719    -62.719    -62.295    -62.291
    -88.000    -64.434    -64.437    -64.012    -64.012      0.004     -0.000   -104.330   -104.270    -64.707    -64.711    -64.286    -64.286
    -90.000    -66.305    -66.305    -65.885    -65.885      0.001      0.000   -106.330   -106.270    -66.733    -66.735    -66.314    -66.315
    -92.000    -68.060    -68.041    -67.633    -67.638     -0.020      0.005   -108.330   -108.270    -68.720    -68.697    -68.292    -68.298
    -94.000    -69.732    -69.733    -69.315    -69.312      0.002     -0.002   -110.330   -110.270    -70.738    -70.742    -70.323    -70.321
    -96.000    -71.204    -71.196    -70.782    -70.792     -0.008      0.010   -112.330   -112.270    -72.694    -72.684    -72.272    -72.288
    -98.000    -72.539    -72.538    -72.117    -72.102     -0.000     -0.015   -114.330   -114.270    -74.721    -74.722    -74.299    -74.277
   -100.000    -73.639    -73.641    -73.206    -73.219      0.002      0.013   -116.330   -116.270    -76.725    -76.734    -76.282    -76.312
   -102.000    -74.496    -74.485    -74.071    -74.055     -0.011     -0.016   -118.330   -118.270    -78.697    -78.674    -78.266    -78.228
   -104.000    -75.162    -75.153    -74.728    -74.734     -0.009      0.006   -120.330   -120.270    -80.731    -80.708    -80.265    -80.294
   -106.000    -75.627    -75.633    -75.222    -75.216      0.006     -0.006   -122.330   -122.270    -82.708    -82.755    -82.374    -82.354
   -108.000    -75.961    -75.967    -75.532    -75.548      0.005      0.017   -124.330   -124.270    -84.771    -84.839    -84.293    -84.441
   -110.000    -76.177    -76.184    -75.758    -75.750      0.006     -0.009   -126.330   -126.270    -86.770    -86.888    -86.388    -86.322
   -112.000    -76.318    -76.335    -75.885    -75.890      0.018      0.005   -128.330   -128.270    -88.739    -89.132    -88.146    -88.278
   -114.000    -76.425    -76.439    -75.990    -76.002      0.014      0.012   -130.330   -130.270    -91.148    -91.728    -90.367    -90.802
   -116.000    -76.469    -76.470    -76.060    -76.059      0.001     -0.001   -132.330   -132.270    -92.695    -92.909    -92.895    -92.976
   -118.000    -76.527    -76.507    -76.102    -76.093     -0.021     -0.009   -134.330   -134.270    -96.253    -94.920    -95.579    -95.044
   -120.000    -76.538    -76.530    -76.127    -76.124     -0.008     -0.003   -136.330   -136.270    -97.406    -96.903    -98.721    -98.741
   -122.000    -76.558    -76.551    -76.143    -76.135     -0.007     -0.008   -138.330   -138.270   -101.038   -100.259   -103.145   -101.235
   -124.000    -76.553    -76.566    -76.120    -76.144      0.013      0.024   -140.330   -140.270    -99.801   -107.109    -97.563   -106.793
   -126.000    -76.583    -76.568    -76.151    -76.150     -0.015     -0.001   -142.330   -142.270    -99.801   -110.556   -114.278   -106.793
   -128.000    -76.594    -76.581    -76.162    -76.152     -0.014     -0.010   -144.330   -144.270    -99.801   -110.556   -114.278   -106.793
   -130.000    -76.584    -76.587    -76.161    -76.146      0.003     -0.015   -146.330   -146.270    -99.801   -110.556   -114.278   -106.793
   -132.000    -76.582    -76.572    -76.146    -76.164     -0.010      0.018   -148.330   -148.270    -99.801   -110.556   -114.278   -106.793
   -134.000    -76.565    -76.585    -76.151    -76.154      0.020      0.003   -150.330   -150.270    -99.801   -110.556   -114.278   -106.793
   -136.000    -76.582    -76.571    -76.162    -76.155     -0.011     -0.007   -152.330   -152.270    -99.801   -110.556   -114.278   -106.793
   -138.000    -76.599    -76.585    -76.160    -76.156     -0.015     -0.004   -154.330   -154.270    -99.801   -110.556   -114.278   -106.793
   -140.000    -76.573    -76.573    -76.183    -76.150     -0.000     -0.032   -156.330   -156.270    -99.801   -110.556   -114.278   -106.793
