    -14.000      6.434      6.417      8.764      8.752      0.017      0.011    -30.330    -30.270      6.433      6.416      8.764      8.752
    -16.000      6.107      6.104      7.102      7.099      0.003      0.003    -32.330    -32.270      6.107      6.104      7.102      7.099
    -18.000      5.147      5.153      5.665      5.661     -0.007      0.005    -34.330    -34.270      5.147      5.153      5.665      5.661
    -20.000      2.922      2.922      3.248      3.248      0.000      0.000    -36.330    -36.270      2.922      2.922      3.248      3.248
    -22.000      0.988      0.988      1.342      1.342      0.000      0.000    -38.330    -38.270      0.988      0.988      1.342      1.342
    -24.000     -0.912     -0.912     -0.538     -0.538      0.000      0.000    -40.330    -40.270     -0.912     -0.912     -0.538     -0.538
    -26.000     -2.902     -2.901     -2.510     -2.510     -0.000      0.000    -42.330    -42.270     -2.902     -2.902     -2.510     -2.510
    -28.000     -4.907     -4.907     -4.502     -4.502     -0.000     -0.000    -44.330    -44.270     -4.907     -4.907     -4.502     -4.502
    -30.000     -6.875     -6.875     -6.461     -6.461     -0.000      0.000    -46.330    -46.270     -6.875     -6.875     -6.461     -6.461
    -32.000     -8.893     -8.893     -8.472     -8.472      0.000     -0.000    -48.330    -48.270     -8.893     -8.893     -8.472     -8.472
    -34.000    -10.863    -10.863    -10.438    -10.438     -0.000     -0.000    -50.330    -50.270    -10.863    -10.863    -10.438    -10.438
    -36.000    -12.886    -12.886    -12.459    -12.459     -0.000     -0.000    -52.330    -52.270    -12.886    -12.886    -12.459    -12.459
    -38.000    -14.849    -14.849    -14.414    -14.414      0.000      0.000    -54.330    -54.270    -14.849    -14.849    -14.414    -14.414
    -40.000    -16.869    -16.869    -16.433    -16.433      0.000      0.000    -56.330    -56.270    -16.869    -16.869    -16.433    -16.433
    -42.000    -18.891    -18.891    -18.455    -18.455     -0.000      0.000    -58.330    -58.270    -18.891    -18.891    -18.455    -18.455
    -44.000    -20.870    -20.869    -20.433    -20.432     -0.000     -0.000    -60.330    -60.270    -20.870    -20.870    -20.433    -20.432
    -46.000    -22.871    -22.871    -22.430    -22.430      0.000     -0.000    -62.330    -62.270    -22.871    -22.871    -22.430    -22.430
    -48.000    -24.837    -24.837    -24.395    -24.395      0.000      0.000    -64.330    -64.270    -24.837    -24.837    -24.395    -24.395
    -50.000    -26.861    -26.861    -26.418    -26.418      0.000      0.000    -66.330    -66.270    -26.861    -26.861    -26.418    -26.418
    -52.000    -28.881    -28.881    -28.440    -28.440      0.000      0.000    -68.330    -68.270    -28.881    -28.881    -28.440    -28.440
    -54.000    -30.883    -30.883    -30.446    -30.446     -0.000      0.000    -70.330    -70.270    -30.883    -30.883    -30.446    -30.446
    -56.000    -32.903    -32.903    -32.464    -32.464      0.000      0.000    -72.330    -72.270    -32.903    -32.903    -32.464    -32.464
    -58.000    -34.855    -34.855    -34.417    -34.417     -0.000     -0.000    -74.330    -74.270    -34.855    -34.855    -34.417    -34.417
    -60.000    -36.880    -36.879    -36.440    -36.440     -0.000      0.000    -76.330    -76.270    -36.880    -36.880    -36.440    -36.441
    -62.000    -38.896    -38.896    -38.457    -38.457     -0.000      0.000    -78.330    -78.270    -38.897    -38.897    -38.458    -38.458
    -64.000    -40.842    -40.841    -40.404    -40.403     -0.001     -0.001    -80.330    -80.270    -40.843    -40.842    -40.405    -40.404
    -66.000    -42.868    -42.861    -42.426    -42.432     -0.007      0.006    -82.330    -82.270    -42.870    -42.863    -42.428    -42.434
    -68.000    -44.823    -44.823    -44.384    -44.383     -0.000     -0.000    -84.330    -84.270    -44.826    -44.825    -44.386    -44.386
    -70.000    -46.837    -46.836    -46.400    -46.400     -0.001      0.000    -86.330    -86.270    -46.841    -46.840    -46.405    -46.405
    -72.000    -48.844    -48.844    -48.409    -48.410      0.000      0.001    -88.330    -88.270    -48.851    -48.852    -48.417    -48.418
    -74.000    -50.809    -50.807    -50.375    -50.376     -0.001      0.001    -90.330    -90.270    -50.820    -50.819    -50.386    -50.387
    -76.000    -52.810    -52.811    -52.381    -52.381      0.001     -0.001    -92.330    -92.270    -52.828    -52.829    -52.400    -52.399
    -78.000    -54.751    -54.751    -54.321    -54.321     -0.000     -0.000    -94.330    -94.270    -54.780    -54.780    -54.350    -54.349
    -80.000    -56.753    -56.752    -56.325    -56.323     -0.001     -0.002    -96.330    -96.270    -56.798    -56.797    -56.370    -56.368
    -82.000    -58.696    -58.697    -58.266    -58.268      0.001      0.002    -98.330    -98.270    -58.767    -58.768    -58.337    -58.339
    -84.000    -60.680    -60.680    -60.252    -60.250     -0.000     -0.002   -100.330   -100.270    -60.793    -60.793    -60.364    -60.362
    -86.000    -62.612    -62.617    -62.188    -62.190      0.005      0.002   -102.330   -102.270    -62.790    -62.794    -62.366    -62.367
    -88.000    -64.510    -64.514    -64.086    -64.089      0.003      0.003   -104.330   -104.270    -64.788    -64.791    -64.364    -64.367
    -90.000    -66.383    -66.378    -65.956    -65.958     -0.005      0.002   -106.330   -106.270    -66.818    -66.813    -66.391    -66.392
    -92.000    -68.121    -68.127    -67.704    -67.706      0.006      0.002   -108.330   -108.270    -68.787    -68.794    -68.373    -68.374
    -94.000    -69.790    -69.806    -69.384    -69.387      0.016      0.004   -110.330   -110.270    -70.807    -70.828    -70.408    -70.410
    -96.000    -71.270    -71.259    -70.838    -70.839     -0.011      0.000   -112.330   -112.270    -72.780    -72.763    -72.348    -72.345
    -98.000    -72.594    -72.604    -72.172    -72.180      0.010      0.008   -114.330   -114.270    -74.800    -74.816    -74.383    -74.392
   -100.000    -73.701    -73.691    -73.266    -73.262     -0.009     -0.004   -116.330   -116.270    -76.831    -76.812    -76.395    -76.377
   -102.000    -74.546    -74.533    -74.106    -74.122     -0.013      0.016   -118.330   -118.270    -78.796    -78.760    -78.341    -78.370
   -104.000    -75.195    -75.204    -74.778    -74.769      0.009     -0.009   -120.330   -120.270    -80.798    -80.830    -80.421    -80.365
   -106.000    -75.664    -75.662    -75.252    -75.239     -0.001     -0.014   -122.330   -122.270    -82.814    -82.807    -82.491    -82.384
   -108.000    -75.990    -75.968    -75.563    -75.567     -0.023      0.004   -124.330   -124.270    -84.860    -84.688    -84.463    -84.441
   -110.000    -76.210    -76.210    -75.775    -75.778     -0.000      0.003   -126.330   -126.270    -86.945    -86.939    -86.472    -86.423
   -112.000    -76.351    -76.351    -75.926    -75.926      0.001     -0.001   -128.330   -128.270    -88.996    -89.004    -88.702    -88.548
   -114.000    -76.445    -76.433    -76.028    -76.026     -0.012     -0.002   -130.330   -130.270    -91.181    -90.832    -91.203    -90.895
   -116.000    -76.481    -76.478    -76.078    -76.063     -0.003     -0.015   -132.330   -132.270    -92.393    -92.263    -93.268    -92.192
   -118.000    -76.538    -76.536    -76.124    -76.125     -0.001      0.001   -134.330   -134.270    -95.471    -95.350    -96.765    -96.004
   -120.000    -76.558    -76.561    -76.136    -76.129      0.003     -0.007   -136.330   -136.270    -97.406    -97.751    -98.489    -96.476
   -122.000    -76.571    -76.572    -76.146    -76.161      0.001      0.015   -138.330   -138.270    -99.405    -99.627   -100.703   -103.154
   -124.000    -76.592    -76.597    -76.136    -76.156      0.004      0.020   -140.330   -140.270   -110.998    -99.627    -98.507   -101.306
   -126.000    -76.588    -76.582    -76.162    -76.170     -0.005      0.008   -142.330   -142.270   -105.279    -99.627    -98.507   -101.306
   -128.000    -76.587    -76.578    -76.160    -76.187     -0.009      0.027   -144.330   -144.270   -104.595    -99.627    -98.507   -101.306
   -130.000    -76.609    -76.603    -76.170    -76.170     -0.006      0.000   -146.330   -146.270   -104.595    -99.627    -98.507   -101.306
   -132.000    -76.610    -76.607    -76.173    -76.178     -0.002      0.005   -148.330   -148.270   -104.595    -99.627    -98.507   -101.306
   -134.000    -76.608    -76.609    -76.178    -76.191      0.002      0.014   -150.330   -150.270   -104.595    -99.627    -98.507   -101.306
   -136.000    -76.620    -76.620    -76.168    -76.168      0.000      0.000   -152.330   -152.270   -104.595    -99.627    -98.507   -101.306
   -138.000    -76.592    -76.606    -76.159    -76.180      0.014      0.021   -154.330   -154.270   -104.595    -99.627    -98.507   -101.306
   -140.000    -76.598    -76.598    -76.188    -76.177     -0.000     -0.012   -156.330   -156.270   -104.595    -99.627    -98.507   -101.306
