    -14.000      7.959      8.033      7.812      7.934     -0.074     -0.122    -29.150    -29.110      7.959      8.033      7.812      7.934
    -16.000      7.205      7.350      7.055      7.264     -0.146     -0.209    -31.150    -31.110      7.204      7.350      7.055      7.264
    -18.000      5.954      6.188      5.780      6.137     -0.234     -0.357    -33.150    -33.110      5.954      6.188      5.780      6.137
    -20.000      4.134      4.397      4.010      4.391     -0.263     -0.382    -35.150    -35.110      4.134      4.397      4.009      4.391
    -22.000      2.233      2.499      2.138      2.524     -0.266     -0.386    -37.150    -37.110      2.233      2.499      2.138      2.524
    -24.000      0.351      0.618      0.277      0.665     -0.267     -0.388    -39.150    -39.110      0.351      0.618      0.277      0.665
    -26.000     -1.626     -1.359     -1.683     -1.293     -0.268     -0.389    -41.150    -41.110     -1.626     -1.359     -1.683     -1.293
    -28.000     -3.619     -3.351     -3.661     -3.270     -0.268     -0.391    -43.150    -43.110     -3.619     -3.351     -3.661     -3.270
    -30.000     -5.584     -5.315     -5.616     -5.224     -0.269     -0.393    -45.150    -45.110     -5.584     -5.315     -5.616     -5.224
    -32.000     -7.596     -7.328     -7.621     -7.228     -0.268     -0.393    -47.150    -47.110     -7.597     -7.328     -7.621     -7.228
    -34.000     -9.568     -9.299     -9.585     -9.192     -0.269     -0.393    -49.150    -49.110     -9.568     -9.299     -9.585     -9.192
    -36.000    -11.590    -11.321    -11.601    -11.208     -0.269     -0.394    -51.150    -51.110    -11.590    -11.321    -11.601    -11.208
    -38.000    -13.558    -13.290    -13.565    -13.172     -0.268     -0.393    -53.150    -53.110    -13.558    -13.290    -13.565    -13.172
    -40.000    -15.574    -15.307    -15.579    -15.187     -0.267     -0.392    -55.150    -55.110    -15.574    -15.308    -15.579    -15.187
    -42.000    -17.590    -17.322    -17.593    -17.200     -0.268     -0.394    -57.150    -57.110    -17.590    -17.322    -17.593    -17.200
    -44.000    -19.569    -19.302    -19.572    -19.178     -0.267     -0.394    -59.150    -59.110    -19.569    -19.302    -19.572    -19.178
    -46.000    -21.568    -21.301    -21.571    -21.178     -0.267     -0.393    -61.150    -61.110    -21.568    -21.301    -21.571    -21.178
    -48.000    -23.540    -23.272    -23.537    -23.145     -0.268     -0.392    -63.150    -63.110    -23.540    -23.272    -23.537    -23.145
    -50.000    -25.556    -25.288    -25.556    -25.162     -0.268     -0.394    -65.150    -65.110    -25.556    -25.288    -25.556    -25.162
    -52.000    -27.576    -27.308    -27.576    -27.182     -0.267     -0.393    -67.150    -67.110    -27.576    -27.309    -27.576    -27.182
    -54.000    -29.590    -29.323    -29.590    -29.197     -0.268     -0.393    -69.150    -69.110    -29.591    -29.323    -29.590    -29.197
    -56.000    -30.902    -30.641    -30.908    -30.509     -0.262     -0.398    -71.150    -71.110    -30.903    -30.641    -30.908    -30.510
    -58.000    -33.564    -33.297    -33.564    -33.171     -0.267     -0.394    -73.150    -73.110    -33.564    -33.297    -33.565    -33.171
    -60.000    -35.585    -35.318    -35.584    -35.190     -0.267     -0.394    -75.150    -75.110    -35.585    -35.318    -35.584    -35.190
    -62.000    -37.605    -37.338    -37.604    -37.210     -0.267     -0.394    -77.150    -77.110    -37.605    -37.339    -37.605    -37.211
    -64.000    -39.553    -39.286    -39.550    -39.156     -0.267     -0.394    -79.150    -79.110    -39.553    -39.287    -39.551    -39.156
    -66.000    -41.573    -41.306    -41.568    -41.173     -0.267     -0.395    -81.150    -81.110    -41.574    -41.307    -41.570    -41.175
    -68.000    -43.534    -43.268    -43.530    -43.134     -0.266     -0.395    -83.150    -83.110    -43.536    -43.270    -43.532    -43.136
    -70.000    -45.548    -45.284    -45.548    -45.153     -0.264     -0.395    -85.150    -85.110    -45.551    -45.287    -45.551    -45.156
    -72.000    -47.557    -47.294    -47.563    -47.167     -0.263     -0.396    -87.150    -87.110    -47.562    -47.299    -47.568    -47.172
    -74.000    -49.523    -49.260    -49.533    -49.136     -0.263     -0.398    -89.150    -89.110    -49.531    -49.268    -49.542    -49.144
    -76.000    -51.524    -51.263    -51.541    -51.144     -0.262     -0.397    -91.150    -91.110    -51.538    -51.276    -51.554    -51.157
    -78.000    -53.463    -53.203    -53.485    -53.086     -0.260     -0.399    -93.150    -93.110    -53.484    -53.224    -53.506    -53.107
    -80.000    -55.468    -55.206    -55.492    -55.090     -0.262     -0.401    -95.150    -95.110    -55.501    -55.240    -55.525    -55.124
    -82.000    -57.412    -57.148    -57.436    -57.033     -0.264     -0.403    -97.150    -97.110    -57.465    -57.201    -57.489    -57.086
    -84.000    -59.405    -59.147    -59.427    -59.027     -0.258     -0.400    -99.150    -99.110    -59.488    -59.231    -59.510    -59.111
    -86.000    -61.356    -61.101    -61.383    -60.983     -0.255     -0.400   -101.150   -101.110    -61.487    -61.234    -61.514    -61.115
    -88.000    -63.272    -63.009    -63.297    -62.898     -0.263     -0.398   -103.150   -103.110    -63.477    -63.217    -63.502    -63.106
    -90.000    -65.180    -64.925    -65.212    -64.802     -0.255     -0.409   -105.150   -105.110    -65.503    -65.253    -65.535    -65.128
    -92.000    -66.988    -66.723    -67.024    -66.605     -0.265     -0.419   -107.150   -107.110    -67.488    -67.230    -67.524    -67.108
    -94.000    -68.754    -68.479    -68.760    -68.354     -0.275     -0.406   -109.150   -109.110    -69.527    -69.262    -69.529    -69.130
    -96.000    -70.306    -70.037    -70.326    -69.926     -0.269     -0.400   -111.150   -111.110    -71.459    -71.206    -71.477    -71.089
    -98.000    -71.770    -71.497    -71.803    -71.374     -0.273     -0.429   -113.150   -113.110    -73.488    -73.238    -73.523    -73.099
   -100.000    -73.028    -72.751    -73.063    -72.635     -0.277     -0.428   -115.150   -115.110    -75.519    -75.276    -75.560    -75.140
   -102.000    -73.997    -73.743    -74.053    -73.621     -0.254     -0.433   -117.150   -117.110    -77.422    -77.249    -77.515    -77.089
   -104.000    -74.793    -74.517    -74.827    -74.381     -0.276     -0.445   -119.150   -119.110    -79.419    -79.229    -79.465    -79.006
   -106.000    -75.410    -75.121    -75.440    -75.024     -0.288     -0.416   -121.150   -121.110    -81.524    -81.337    -81.565    -81.217
   -108.000    -75.806    -75.509    -75.854    -75.425     -0.297     -0.429   -123.150   -123.110    -83.435    -83.255    -83.587    -83.203
   -110.000    -76.102    -75.807    -76.134    -75.710     -0.295     -0.424   -125.150   -125.110    -85.526    -85.436    -85.597    -85.284
   -112.000    -76.308    -75.969    -76.312    -75.866     -0.339     -0.445   -127.150   -127.110    -87.788    -87.218    -87.498    -86.967
   -114.000    -76.437    -76.115    -76.461    -76.010     -0.321     -0.451   -129.150   -129.110    -90.081    -89.746    -90.043    -89.325
   -116.000    -76.496    -76.180    -76.523    -76.088     -0.316     -0.436   -131.150   -131.110    -91.724    -91.573    -91.760    -91.400
   -118.000    -76.559    -76.227    -76.574    -76.138     -0.332     -0.436   -133.150   -133.110    -94.582    -93.581    -93.906    -93.590
   -120.000    -76.590    -76.249    -76.629    -76.172     -0.340     -0.457   -135.150   -135.110    -97.096    -95.013    -98.765    -96.020
   -122.000    -76.603    -76.295    -76.640    -76.184     -0.308     -0.456   -137.150   -137.110    -99.028   -101.739   -101.197    -97.392
   -124.000    -76.623    -76.297    -76.634    -76.213     -0.326     -0.422   -139.150   -139.110   -105.351   -102.461    -99.731   -105.769
   -126.000    -76.622    -76.303    -76.653    -76.208     -0.319     -0.445   -141.150   -141.110   -104.858   -106.133   -109.163   -102.853
   -128.000    -76.623    -76.316    -76.670    -76.234     -0.308     -0.436   -143.150   -143.110   -105.993   -106.133   -109.163   -102.853
   -130.000    -76.629    -76.329    -76.653    -76.236     -0.301     -0.417   -145.150   -145.110   -105.993   -106.133   -109.163   -102.853
   -132.000    -76.644    -76.330    -76.667    -76.223     -0.314     -0.444   -147.150   -147.110   -105.993   -106.133   -109.163   -102.853
   -134.000    -76.639    -76.318    -76.676    -76.225     -0.320     -0.451   -149.150   -149.110   -105.993   -106.133   -109.163   -102.853
   -136.000    -76.645    -76.321    -76.656    -76.227     -0.325     -0.429   -151.150   -151.110   -105.993   -106.133   -109.163   -102.853
   -138.000    -76.658    -76.304    -76.672    -76.225     -0.353     -0.448   -153.150   -153.110   -105.993   -106.133   -109.163   -102.853
   -140.000    -76.637    -76.322    -76.660    -76.245     -0.315     -0.414   -155.150   -155.110   -105.993   -106.133   -109.163   -102.853
