    -14.000      8.521      8.071      8.049      6.483      0.450      1.566    -29.710    -29.770      8.521      8.071      8.049      6.483
    -16.000      6.731      7.054      6.417      6.174     -0.323      0.244    -31.710    -31.770      6.731      7.054      6.417      6.174
    -18.000      4.804      5.122      4.689      5.123     -0.318     -0.434    -33.710    -33.770      4.804      5.122      4.689      5.123
    -20.000      2.929      3.254      2.849      3.295     -0.325     -0.446    -35.710    -35.770      2.929      3.254      2.849      3.294
    -22.000      0.996      1.323      0.940      1.390     -0.327     -0.450    -37.710    -37.770      0.995      1.323      0.940      1.390
    -24.000     -0.904     -0.575     -0.939     -0.488     -0.329     -0.451    -39.710    -39.770     -0.904     -0.575     -0.939     -0.488
    -26.000     -2.894     -2.564     -2.914     -2.460     -0.331     -0.454    -41.710    -41.770     -2.894     -2.564     -2.914     -2.460
    -28.000     -4.899     -4.567     -4.907     -4.451     -0.332     -0.455    -43.710    -43.770     -4.899     -4.567     -4.907     -4.451
    -30.000     -6.864     -6.533     -6.863     -6.409     -0.331     -0.454    -45.710    -45.770     -6.864     -6.533     -6.863     -6.409
    -32.000     -8.885     -8.551     -8.875     -8.418     -0.334     -0.457    -47.710    -47.770     -8.885     -8.551     -8.875     -8.419
    -34.000    -10.854    -10.523    -10.839    -10.381     -0.331     -0.458    -49.710    -49.770    -10.854    -10.523    -10.840    -10.381
    -36.000    -12.880    -12.546    -12.861    -12.399     -0.334     -0.461    -51.710    -51.770    -12.880    -12.546    -12.861    -12.399
    -38.000    -14.839    -14.508    -14.812    -14.359     -0.331     -0.453    -53.710    -53.770    -14.839    -14.508    -14.812    -14.359
    -40.000    -16.854    -16.526    -16.830    -16.375     -0.328     -0.455    -55.710    -55.770    -16.854    -16.526    -16.830    -16.375
    -42.000    -18.877    -18.549    -18.852    -18.395     -0.327     -0.457    -57.710    -57.770    -18.877    -18.549    -18.852    -18.396
    -44.000    -20.853    -20.523    -20.829    -20.372     -0.329     -0.457    -59.710    -59.770    -20.853    -20.523    -20.829    -20.372
    -46.000    -22.852    -22.524    -22.827    -22.372     -0.328     -0.454    -61.710    -61.770    -22.852    -22.524    -22.827    -22.372
    -48.000    -24.817    -24.499    -24.788    -24.334     -0.319     -0.454    -63.710    -63.770    -24.818    -24.499    -24.788    -24.334
    -50.000    -26.840    -26.511    -26.811    -26.358     -0.329     -0.453    -65.710    -65.770    -26.840    -26.511    -26.811    -26.358
    -52.000    -28.859    -28.533    -28.831    -28.380     -0.327     -0.451    -67.710    -67.770    -28.859    -28.533    -28.831    -28.380
    -54.000    -30.872    -30.543    -30.844    -30.386     -0.329     -0.458    -69.710    -69.770    -30.872    -30.543    -30.844    -30.386
    -56.000    -32.892    -32.562    -32.863    -32.405     -0.330     -0.458    -71.710    -71.770    -32.893    -32.563    -32.863    -32.405
    -58.000    -34.843    -34.516    -34.813    -34.354     -0.327     -0.459    -73.710    -73.770    -34.844    -34.517    -34.813    -34.355
    -60.000    -36.865    -36.538    -36.838    -36.377     -0.327     -0.462    -75.710    -75.770    -36.866    -36.539    -36.838    -36.377
    -62.000    -38.895    -38.557    -38.857    -38.400     -0.337     -0.457    -77.710    -77.770    -38.895    -38.558    -38.857    -38.401
    -64.000    -40.839    -40.505    -40.802    -40.336     -0.335     -0.466    -79.710    -79.770    -40.841    -40.506    -40.803    -40.337
    -66.000    -42.861    -42.528    -42.818    -42.357     -0.333     -0.461    -81.710    -81.770    -42.863    -42.530    -42.820    -42.359
    -68.000    -44.818    -44.483    -44.778    -44.316     -0.335     -0.462    -83.710    -83.770    -44.821    -44.486    -44.781    -44.319
    -70.000    -46.832    -46.496    -46.797    -46.337     -0.336     -0.461    -85.710    -85.770    -46.837    -46.501    -46.802    -46.341
    -72.000    -48.841    -48.503    -48.810    -48.351     -0.338     -0.459    -87.710    -87.770    -48.848    -48.510    -48.817    -48.358
    -74.000    -50.802    -50.466    -50.776    -50.318     -0.336     -0.458    -89.710    -89.770    -50.814    -50.478    -50.788    -50.330
    -76.000    -52.804    -52.469    -52.783    -52.329     -0.335     -0.454    -91.710    -91.770    -52.822    -52.488    -52.801    -52.347
    -78.000    -54.744    -54.402    -54.724    -54.273     -0.342     -0.451    -93.710    -93.770    -54.772    -54.430    -54.752    -54.301
    -80.000    -56.743    -56.403    -56.725    -56.277     -0.340     -0.449    -95.710    -95.770    -56.788    -56.448    -56.770    -56.322
    -82.000    -58.684    -58.341    -58.667    -58.219     -0.343     -0.448    -97.710    -97.770    -58.754    -58.412    -58.737    -58.290
    -84.000    -60.662    -60.324    -60.651    -60.204     -0.339     -0.447    -99.710    -99.770    -60.774    -60.437    -60.762    -60.317
    -86.000    -62.600    -62.261    -62.597    -62.142     -0.339     -0.454   -101.710   -101.770    -62.777    -62.439    -62.773    -62.319
    -88.000    -64.493    -64.157    -64.488    -64.037     -0.337     -0.450   -103.710   -103.770    -64.769    -64.435    -64.762    -64.315
    -90.000    -66.363    -66.020    -66.361    -65.909     -0.344     -0.452   -105.710   -105.770    -66.795    -66.455    -66.792    -66.343
    -92.000    -68.106    -67.779    -68.123    -67.654     -0.327     -0.469   -107.710   -107.770    -68.769    -68.449    -68.786    -68.320
    -94.000    -69.779    -69.459    -69.810    -69.319     -0.320     -0.491   -109.710   -109.770    -70.791    -70.484    -70.827    -70.335
    -96.000    -71.244    -70.927    -71.264    -70.783     -0.317     -0.482   -111.710   -111.770    -72.739    -72.445    -72.763    -72.283
    -98.000    -72.588    -72.247    -72.593    -72.125     -0.341     -0.468   -113.710   -113.770    -74.784    -74.464    -74.784    -74.329
   -100.000    -73.695    -73.347    -73.707    -73.212     -0.348     -0.495   -115.710   -115.770    -76.811    -76.489    -76.825    -76.320
   -102.000    -74.544    -74.196    -74.548    -74.075     -0.347     -0.473   -117.710   -117.770    -78.774    -78.469    -78.770    -78.318
   -104.000    -75.200    -74.844    -75.216    -74.739     -0.356     -0.477   -119.710   -119.770    -80.790    -80.479    -80.822    -80.370
   -106.000    -75.679    -75.323    -75.679    -75.211     -0.357     -0.468   -121.710   -121.770    -82.859    -82.571    -82.813    -82.421
   -108.000    -75.984    -75.641    -76.008    -75.523     -0.344     -0.485   -123.710   -123.770    -84.759    -84.610    -84.872    -84.392
   -110.000    -76.176    -75.809    -76.182    -75.702     -0.366     -0.480   -125.710   -125.770    -86.463    -86.164    -86.436    -86.011
   -112.000    -76.347    -75.975    -76.375    -75.864     -0.372     -0.511   -127.710   -127.770    -88.784    -88.422    -89.107    -88.184
   -114.000    -76.450    -76.079    -76.459    -75.995     -0.371     -0.464   -129.710   -129.770    -91.060    -90.761    -91.062    -91.258
   -116.000    -76.497    -76.131    -76.528    -76.030     -0.366     -0.498   -131.710   -131.770    -92.692    -92.622    -93.665    -92.618
   -118.000    -76.533    -76.172    -76.563    -76.076     -0.361     -0.487   -133.710   -133.770    -94.553    -94.979    -95.987    -95.416
   -120.000    -76.567    -76.195    -76.566    -76.100     -0.371     -0.466   -135.710   -135.770    -97.415    -97.259    -96.314    -98.317
   -122.000    -76.596    -76.210    -76.605    -76.097     -0.386     -0.508   -137.710   -137.770   -104.866    -99.735   -104.080    -97.755
   -124.000    -76.581    -76.228    -76.600    -76.121     -0.353     -0.480   -139.710   -139.770    -99.691   -112.479   -102.094   -104.832
   -126.000    -76.610    -76.230    -76.614    -76.124     -0.380     -0.489   -141.710   -141.770    -99.691   -112.479   -102.094   -109.608
   -128.000    -76.623    -76.245    -76.618    -76.128     -0.378     -0.490   -143.710   -143.770    -99.691   -112.479   -102.094   -109.608
   -130.000    -76.615    -76.231    -76.629    -76.133     -0.384     -0.496   -145.710   -145.770    -99.691   -112.479   -102.094   -109.608
   -132.000    -76.605    -76.230    -76.610    -76.129     -0.374     -0.481   -147.710   -147.770    -99.691   -112.479   -102.094   -109.608
   -134.000    -76.606    -76.226    -76.629    -76.142     -0.380     -0.488   -149.710   -149.770    -99.691   -112.479   -102.094   -109.608
   -136.000    -76.607    -76.240    -76.619    -76.142     -0.366     -0.477   -151.710   -151.770    -99.691   -112.479   -102.094   -109.608
   -138.000    -76.613    -76.238    -76.622    -76.139     -0.375     -0.483   -153.710   -153.770    -99.691   -112.479   -102.094   -109.608
   -140.000    -76.604    -76.248    -76.625    -76.136     -0.356     -0.489   -155.710   -155.770    -99.691   -112.479   -102.094   -109.608
