    -14.000      6.703      7.805      6.451      8.474     -1.101     -2.023    -30.330    -30.270      6.703      7.805      6.451      8.474
    -16.000      6.182      6.626      6.148      7.291     -0.444     -1.143    -32.330    -32.270      6.182      6.626      6.148      7.291
    -18.000      4.983      5.255      4.860      5.237     -0.272     -0.377    -34.330    -34.270      4.983      5.255      4.860      5.237
    -20.000      3.115      3.393      3.030      3.417     -0.278     -0.387    -36.330    -36.270      3.115      3.393      3.030      3.416
    -22.000      1.185      1.465      1.125      1.516     -0.280     -0.391    -38.330    -38.270      1.185      1.465      1.125      1.516
    -24.000     -0.711     -0.431     -0.753     -0.360     -0.280     -0.393    -40.330    -40.270     -0.711     -0.431     -0.753     -0.360
    -26.000     -2.700     -2.419     -2.725     -2.332     -0.281     -0.394    -42.330    -42.270     -2.700     -2.419     -2.725     -2.332
    -28.000     -4.703     -4.422     -4.717     -4.321     -0.281     -0.396    -44.330    -44.270     -4.703     -4.422     -4.717     -4.321
    -30.000     -6.667     -6.387     -6.674     -6.279     -0.280     -0.395    -46.330    -46.270     -6.667     -6.387     -6.674     -6.279
    -32.000     -8.688     -8.407     -8.684     -8.289     -0.280     -0.396    -48.330    -48.270     -8.688     -8.407     -8.685     -8.289
    -34.000    -10.656    -10.377    -10.649    -10.252     -0.279     -0.397    -50.330    -50.270    -10.656    -10.377    -10.649    -10.252
    -36.000    -12.681    -12.405    -12.666    -12.271     -0.277     -0.395    -52.330    -52.270    -12.681    -12.405    -12.666    -12.271
    -38.000    -14.644    -14.366    -14.624    -14.234     -0.278     -0.391    -54.330    -54.270    -14.644    -14.366    -14.625    -14.234
    -40.000    -16.658    -16.381    -16.642    -16.244     -0.277     -0.399    -56.330    -56.270    -16.658    -16.381    -16.642    -16.244
    -42.000    -18.680    -18.403    -18.664    -18.265     -0.277     -0.398    -58.330    -58.270    -18.680    -18.403    -18.664    -18.265
    -44.000    -20.657    -20.380    -20.640    -20.240     -0.278     -0.400    -60.330    -60.270    -20.658    -20.380    -20.640    -20.240
    -46.000    -22.658    -22.380    -22.640    -22.240     -0.277     -0.400    -62.330    -62.270    -22.658    -22.380    -22.640    -22.240
    -48.000    -24.623    -24.348    -24.603    -24.201     -0.275     -0.401    -64.330    -64.270    -24.623    -24.348    -24.603    -24.201
    -50.000    -26.646    -26.367    -26.627    -26.225     -0.279     -0.402    -66.330    -66.270    -26.646    -26.367    -26.627    -26.225
    -52.000    -28.667    -28.387    -28.648    -28.247     -0.279     -0.401    -68.330    -68.270    -28.667    -28.388    -28.648    -28.247
    -54.000    -30.671    -30.394    -30.652    -30.255     -0.277     -0.397    -70.330    -70.270    -30.671    -30.394    -30.652    -30.256
    -56.000    -32.691    -32.412    -32.670    -32.274     -0.278     -0.396    -72.330    -72.270    -32.691    -32.412    -32.670    -32.274
    -58.000    -34.642    -34.367    -34.621    -34.226     -0.275     -0.395    -74.330    -74.270    -34.642    -34.367    -34.621    -34.226
    -60.000    -36.668    -36.388    -36.645    -36.250     -0.280     -0.395    -76.330    -76.270    -36.668    -36.389    -36.645    -36.250
    -62.000    -38.684    -38.410    -38.662    -38.267     -0.274     -0.395    -78.330    -78.270    -38.685    -38.411    -38.663    -38.268
    -64.000    -40.628    -40.360    -40.606    -40.213     -0.268     -0.393    -80.330    -80.270    -40.630    -40.361    -40.607    -40.215
    -66.000    -42.647    -42.379    -42.627    -42.237     -0.268     -0.390    -82.330    -82.270    -42.649    -42.381    -42.629    -42.239
    -68.000    -44.608    -44.342    -44.588    -44.196     -0.266     -0.391    -84.330    -84.270    -44.611    -44.345    -44.590    -44.199
    -70.000    -46.620    -46.356    -46.608    -46.218     -0.263     -0.391    -86.330    -86.270    -46.624    -46.361    -46.613    -46.222
    -72.000    -48.630    -48.367    -48.627    -48.230     -0.264     -0.396    -88.330    -88.270    -48.637    -48.374    -48.634    -48.237
    -74.000    -50.590    -50.328    -50.598    -50.197     -0.262     -0.401    -90.330    -90.270    -50.601    -50.339    -50.609    -50.208
    -76.000    -52.593    -52.331    -52.609    -52.207     -0.262     -0.402    -92.330    -92.270    -52.610    -52.349    -52.626    -52.225
    -78.000    -54.528    -54.281    -54.562    -54.146     -0.247     -0.416    -94.330    -94.270    -54.555    -54.308    -54.589    -54.174
    -80.000    -56.531    -56.278    -56.564    -56.153     -0.253     -0.410    -96.330    -96.270    -56.574    -56.321    -56.607    -56.197
    -82.000    -58.470    -58.222    -58.507    -58.090     -0.248     -0.417    -98.330    -98.270    -58.538    -58.290    -58.574    -58.158
    -84.000    -60.455    -60.200    -60.495    -60.076     -0.255     -0.418   -100.330   -100.270    -60.563    -60.309    -60.602    -60.184
    -86.000    -62.396    -62.138    -62.429    -62.016     -0.257     -0.413   -102.330   -102.270    -62.565    -62.309    -62.599    -62.186
    -88.000    -64.290    -64.039    -64.326    -63.904     -0.252     -0.422   -104.330   -104.270    -64.555    -64.306    -64.591    -64.169
    -90.000    -66.173    -65.909    -66.198    -65.783     -0.264     -0.415   -106.330   -106.270    -66.588    -66.328    -66.614    -66.200
    -92.000    -67.929    -67.654    -67.935    -67.528     -0.275     -0.407   -108.330   -108.270    -68.568    -68.296    -68.570    -68.166
    -94.000    -69.598    -69.343    -69.634    -69.221     -0.255     -0.412   -110.330   -110.270    -70.571    -70.327    -70.610    -70.200
    -96.000    -71.101    -70.835    -71.123    -70.692     -0.266     -0.431   -112.330   -112.270    -72.550    -72.297    -72.571    -72.137
    -98.000    -72.449    -72.167    -72.463    -72.053     -0.282     -0.410   -114.330   -114.270    -74.574    -74.302    -74.581    -74.180
   -100.000    -73.563    -73.295    -73.593    -73.157     -0.268     -0.435   -116.330   -116.270    -76.575    -76.337    -76.609    -76.161
   -102.000    -74.441    -74.138    -74.452    -74.051     -0.303     -0.401   -118.330   -118.270    -78.555    -78.244    -78.545    -78.177
   -104.000    -75.134    -74.834    -75.138    -74.721     -0.300     -0.417   -120.330   -120.270    -80.634    -80.329    -80.587    -80.184
   -106.000    -75.606    -75.297    -75.622    -75.216     -0.308     -0.406   -122.330   -122.270    -82.608    -82.257    -82.589    -82.249
   -108.000    -75.937    -75.647    -75.968    -75.545     -0.290     -0.422   -124.330   -124.270    -84.603    -84.362    -84.672    -84.252
   -110.000    -76.151    -75.882    -76.183    -75.779     -0.270     -0.403   -126.330   -126.270    -86.506    -86.524    -86.595    -86.396
   -112.000    -76.314    -76.016    -76.338    -75.912     -0.298     -0.426   -128.330   -128.270    -88.718    -88.418    -88.720    -88.242
   -114.000    -76.416    -76.109    -76.427    -76.015     -0.307     -0.412   -130.330   -130.270    -90.964    -90.402    -90.595    -90.475
   -116.000    -76.471    -76.192    -76.500    -76.087     -0.279     -0.412   -132.330   -132.270    -92.898    -93.510    -93.067    -93.144
   -118.000    -76.514    -76.208    -76.537    -76.119     -0.306     -0.418   -134.330   -134.270    -95.329    -94.450    -95.207    -95.121
   -120.000    -76.520    -76.224    -76.568    -76.138     -0.296     -0.430   -136.330   -136.270    -95.828    -95.690    -98.442    -97.033
   -122.000    -76.551    -76.252    -76.584    -76.159     -0.299     -0.424   -138.330   -138.270    -99.921    -99.278   -101.895   -100.964
   -124.000    -76.569    -76.263    -76.588    -76.177     -0.306     -0.412   -140.330   -140.270   -108.420   -102.397   -103.884   -100.964
   -126.000    -76.593    -76.284    -76.591    -76.165     -0.309     -0.426   -142.330   -142.270   -108.420   -102.397   -105.487   -100.964
   -128.000    -76.565    -76.284    -76.598    -76.165     -0.281     -0.433   -144.330   -144.270   -108.420   -102.397   -105.487   -100.964
   -130.000    -76.576    -76.279    -76.599    -76.185     -0.297     -0.414   -146.330   -146.270   -108.420   -102.397   -105.487   -100.964
   -132.000    -76.590    -76.292    -76.604    -76.177     -0.298     -0.428   -148.330   -148.270   -108.420   -102.397   -105.487   -100.964
   -134.000    -76.577    -76.279    -76.625    -76.173     -0.297     -0.452   -150.330   -150.270   -108.420   -102.397   -105.487   -100.964
   -136.000    -76.586    -76.273    -76.593    -76.188     -0.313     -0.405   -152.330   -152.270   -108.420   -102.397   -105.487   -100.964
   -138.000    -76.585    -76.281    -76.599    -76.198     -0.304     -0.401   -154.330   -154.270   -108.420   -102.397   -105.487   -100.964
   -140.000    -76.574    -76.300    -76.614    -76.186     -0.275     -0.427   -156.330   -156.270   -108.420   -102.397   -105.487   -100.964
