    -14.000      6.456      7.109      6.510      8.742     -0.653     -2.233    -29.710    -29.770      6.456      7.109      6.509      8.742
    -16.000      6.133      6.453      6.187      7.284     -0.320     -1.097    -31.710    -31.770      6.133      6.453      6.187      7.284
    -18.000      4.893      5.244      4.783      5.212     -0.351     -0.430    -33.710    -33.770      4.893      5.244      4.783      5.212
    -20.000      3.022      3.381      2.947      3.390     -0.359     -0.442    -35.710    -35.770      3.022      3.381      2.947      3.390
    -22.000      1.090      1.453      1.041      1.489     -0.364     -0.448    -37.710    -37.770      1.090      1.453      1.041      1.489
    -24.000     -0.806     -0.443     -0.838     -0.388     -0.364     -0.450    -39.710    -39.770     -0.806     -0.443     -0.838     -0.388
    -26.000     -2.796     -2.430     -2.810     -2.359     -0.366     -0.452    -41.710    -41.770     -2.796     -2.430     -2.810     -2.359
    -28.000     -4.800     -4.433     -4.803     -4.349     -0.367     -0.454    -43.710    -43.770     -4.800     -4.433     -4.803     -4.349
    -30.000     -6.766     -6.400     -6.761     -6.305     -0.366     -0.456    -45.710    -45.770     -6.766     -6.400     -6.761     -6.305
    -32.000     -8.786     -8.418     -8.773     -8.318     -0.368     -0.455    -47.710    -47.770     -8.786     -8.418     -8.773     -8.318
    -34.000    -10.755    -10.391    -10.736    -10.282     -0.363     -0.454    -49.710    -49.770    -10.755    -10.391    -10.736    -10.282
    -36.000    -12.780    -12.418    -12.755    -12.304     -0.361     -0.451    -51.710    -51.770    -12.780    -12.419    -12.755    -12.304
    -38.000    -14.746    -14.378    -14.717    -14.264     -0.368     -0.454    -53.710    -53.770    -14.746    -14.378    -14.717    -14.264
    -40.000    -16.758    -16.396    -16.733    -16.275     -0.362     -0.459    -55.710    -55.770    -16.758    -16.396    -16.734    -16.275
    -42.000    -18.781    -18.419    -18.755    -18.298     -0.362     -0.457    -57.710    -57.770    -18.781    -18.419    -18.755    -18.298
    -44.000    -20.759    -20.398    -20.731    -20.275     -0.361     -0.456    -59.710    -59.770    -20.759    -20.398    -20.731    -20.275
    -46.000    -22.760    -22.398    -22.732    -22.274     -0.362     -0.458    -61.710    -61.770    -22.760    -22.399    -22.732    -22.274
    -48.000    -24.726    -24.364    -24.696    -24.236     -0.363     -0.460    -63.710    -63.770    -24.726    -24.364    -24.696    -24.236
    -50.000    -26.750    -26.386    -26.721    -26.260     -0.363     -0.461    -65.710    -65.770    -26.750    -26.386    -26.721    -26.260
    -52.000    -28.770    -28.407    -28.742    -28.282     -0.364     -0.460    -67.710    -67.770    -28.771    -28.407    -28.742    -28.282
    -54.000    -30.777    -30.416    -30.747    -30.293     -0.361     -0.454    -69.710    -69.770    -30.777    -30.416    -30.747    -30.294
    -56.000    -32.798    -32.435    -32.768    -32.312     -0.363     -0.455    -71.710    -71.770    -32.798    -32.435    -32.768    -32.313
    -58.000    -34.749    -34.389    -34.718    -34.267     -0.360     -0.451    -73.710    -73.770    -34.749    -34.389    -34.718    -34.267
    -60.000    -36.775    -36.412    -36.743    -36.289     -0.363     -0.454    -75.710    -75.770    -36.775    -36.413    -36.743    -36.289
    -62.000    -38.791    -38.434    -38.761    -38.309     -0.358     -0.452    -77.710    -77.770    -38.792    -38.434    -38.761    -38.309
    -64.000    -40.735    -40.382    -40.704    -40.257     -0.353     -0.447    -79.710    -79.770    -40.736    -40.383    -40.706    -40.259
    -66.000    -42.759    -42.402    -42.732    -42.282     -0.357     -0.450    -81.710    -81.770    -42.761    -42.403    -42.734    -42.283
    -68.000    -44.715    -44.364    -44.691    -44.241     -0.351     -0.450    -83.710    -83.770    -44.718    -44.367    -44.694    -44.244
    -70.000    -46.730    -46.381    -46.712    -46.261     -0.348     -0.451    -85.710    -85.770    -46.734    -46.386    -46.716    -46.266
    -72.000    -48.742    -48.391    -48.731    -48.274     -0.351     -0.456    -87.710    -87.770    -48.749    -48.398    -48.738    -48.282
    -74.000    -50.708    -50.356    -50.702    -50.243     -0.351     -0.458    -89.710    -89.770    -50.719    -50.367    -50.713    -50.255
    -76.000    -52.715    -52.360    -52.712    -52.254     -0.356     -0.459    -91.710    -91.770    -52.733    -52.377    -52.730    -52.271
    -78.000    -54.654    -54.303    -54.656    -54.195     -0.352     -0.461    -93.710    -93.770    -54.682    -54.330    -54.684    -54.223
    -80.000    -56.658    -56.304    -56.658    -56.199     -0.354     -0.459    -95.710    -95.770    -56.702    -56.348    -56.703    -56.244
    -82.000    -58.589    -58.248    -58.608    -58.130     -0.341     -0.478    -97.710    -97.770    -58.658    -58.317    -58.677    -58.200
    -84.000    -60.571    -60.229    -60.593    -60.115     -0.341     -0.478    -99.710    -99.770    -60.680    -60.339    -60.703    -60.225
    -86.000    -62.519    -62.171    -62.529    -62.060     -0.349     -0.469   -101.710   -101.770    -62.691    -62.343    -62.702    -62.233
    -88.000    -64.412    -64.067    -64.416    -63.943     -0.345     -0.474   -103.710   -103.770    -64.681    -64.337    -64.687    -64.214
    -90.000    -66.283    -65.941    -66.291    -65.822     -0.342     -0.469   -105.710   -105.770    -66.704    -66.364    -66.714    -66.247
    -92.000    -68.040    -67.688    -68.040    -67.563     -0.353     -0.477   -107.710   -107.770    -68.688    -68.337    -68.690    -68.214
    -94.000    -69.723    -69.363    -69.708    -69.252     -0.360     -0.456   -109.710   -109.770    -70.715    -70.355    -70.700    -70.251
    -96.000    -71.203    -70.851    -71.192    -70.711     -0.352     -0.482   -111.710   -111.770    -72.671    -72.324    -72.663    -72.181
    -98.000    -72.538    -72.191    -72.539    -72.057     -0.348     -0.481   -113.710   -113.770    -74.686    -74.348    -74.698    -74.216
   -100.000    -73.672    -73.305    -73.651    -73.177     -0.367     -0.474   -115.710   -115.770    -76.739    -76.369    -76.714    -76.247
   -102.000    -74.521    -74.153    -74.501    -74.018     -0.369     -0.483   -117.710   -117.770    -78.678    -78.300    -78.652    -78.166
   -104.000    -75.185    -74.822    -75.194    -74.689     -0.363     -0.505   -119.710   -119.770    -80.677    -80.315    -80.751    -80.187
   -106.000    -75.689    -75.320    -75.667    -75.175     -0.369     -0.492   -121.710   -121.770    -82.811    -82.420    -82.767    -82.233
   -108.000    -76.000    -75.639    -75.993    -75.520     -0.361     -0.473   -123.710   -123.770    -84.722    -84.378    -84.779    -84.364
   -110.000    -76.224    -75.863    -76.228    -75.732     -0.361     -0.496   -125.710   -125.770    -86.758    -86.423    -86.980    -86.334
   -112.000    -76.375    -76.015    -76.356    -75.877     -0.360     -0.479   -127.710   -127.770    -88.878    -88.581    -88.822    -88.379
   -114.000    -76.469    -76.111    -76.453    -75.972     -0.358     -0.481   -129.710   -129.770    -90.955    -90.753    -90.969    -90.501
   -116.000    -76.517    -76.167    -76.519    -76.021     -0.350     -0.499   -131.710   -131.770    -92.588    -92.800    -93.409    -92.149
   -118.000    -76.566    -76.194    -76.555    -76.058     -0.372     -0.497   -133.710   -133.770    -95.194    -94.221    -95.579    -94.000
   -120.000    -76.590    -76.231    -76.576    -76.094     -0.358     -0.483   -135.710   -135.770    -97.377    -97.649    -97.810    -97.133
   -122.000    -76.601    -76.257    -76.579    -76.097     -0.344     -0.483   -137.710   -137.770    -99.086   -105.360    -98.228    -97.560
   -124.000    -76.621    -76.238    -76.596    -76.135     -0.383     -0.461   -139.710   -139.770   -106.590    -98.782   -101.673    -97.560
   -126.000    -76.639    -76.270    -76.620    -76.117     -0.369     -0.503   -141.710   -141.770   -106.590    -98.782   -101.673    -97.560
   -128.000    -76.636    -76.269    -76.615    -76.143     -0.367     -0.472   -143.710   -143.770   -106.590    -98.782   -101.673    -97.560
   -130.000    -76.614    -76.277    -76.619    -76.126     -0.337     -0.492   -145.710   -145.770   -106.590    -98.782   -101.673    -97.560
   -132.000    -76.632    -76.277    -76.614    -76.147     -0.355     -0.467   -147.710   -147.770   -106.590    -98.782   -101.673    -97.560
   -134.000    -76.645    -76.275    -76.625    -76.135     -0.370     -0.490   -149.710   -149.770   -106.590    -98.782   -101.673    -97.560
   -136.000    -76.632    -76.278    -76.624    -76.136     -0.353     -0.487   -151.710   -151.770   -106.590    -98.782   -101.673    -97.560
   -138.000    -76.640    -76.270    -76.614    -76.131     -0.370     -0.483   -153.710   -153.770   -106.590    -98.782   -101.673    -97.560
   -140.000    -76.635    -76.245    -76.621    -76.148     -0.389     -0.473   -155.710   -155.770   -106.590    -98.782   -101.673    -97.560
