    -14.000      6.706      6.746      7.827      7.908     -0.040     -0.081    -30.330    -30.270      6.706      6.746      7.827      7.908
    -16.000      6.317      6.345      6.742      6.777     -0.028     -0.036    -32.330    -32.270      6.317      6.345      6.742      6.777
    -18.000      4.838      4.838      5.115      5.115      0.000      0.000    -34.330    -34.270      4.838      4.838      5.115      5.115
    -20.000      2.964      2.964      3.286      3.286      0.000      0.000    -36.330    -36.270      2.964      2.964      3.286      3.286
    -22.000      1.029      1.029      1.380      1.380     -0.000      0.000    -38.330    -38.270      1.029      1.029      1.380      1.380
    -24.000     -0.870     -0.870     -0.500     -0.500      0.000      0.000    -40.330    -40.270     -0.870     -0.870     -0.500     -0.500
    -26.000     -2.861     -2.861     -2.473     -2.473      0.000      0.000    -42.330    -42.270     -2.861     -2.861     -2.473     -2.473
    -28.000     -4.866     -4.866     -4.465     -4.465      0.000      0.000    -44.330    -44.270     -4.866     -4.866     -4.465     -4.465
    -30.000     -6.834     -6.834     -6.424     -6.424      0.000      0.000    -46.330    -46.270     -6.834     -6.834     -6.424     -6.424
    -32.000     -8.854     -8.854     -8.437     -8.437      0.000      0.000    -48.330    -48.270     -8.854     -8.854     -8.437     -8.437
    -34.000    -10.823    -10.823    -10.403    -10.403      0.000      0.000    -50.330    -50.270    -10.823    -10.823    -10.403    -10.403
    -36.000    -12.849    -12.849    -12.425    -12.425      0.000      0.000    -52.330    -52.270    -12.849    -12.849    -12.425    -12.425
    -38.000    -14.819    -14.819    -14.385    -14.385      0.000      0.000    -54.330    -54.270    -14.819    -14.820    -14.385    -14.385
    -40.000    -16.837    -16.831    -16.398    -16.405     -0.006      0.007    -56.330    -56.270    -16.837    -16.831    -16.398    -16.405
    -42.000    -18.853    -18.853    -18.421    -18.421      0.000      0.000    -58.330    -58.270    -18.853    -18.853    -18.421    -18.421
    -44.000    -20.830    -20.830    -20.400    -20.400      0.000      0.000    -60.330    -60.270    -20.830    -20.830    -20.400    -20.400
    -46.000    -22.833    -22.833    -22.401    -22.401      0.000     -0.000    -62.330    -62.270    -22.833    -22.833    -22.401    -22.401
    -48.000    -24.804    -24.804    -24.363    -24.363      0.000      0.000    -64.330    -64.270    -24.804    -24.804    -24.363    -24.363
    -50.000    -26.824    -26.824    -26.387    -26.387      0.000      0.000    -66.330    -66.270    -26.824    -26.824    -26.387    -26.387
    -52.000    -28.845    -28.845    -28.407    -28.407      0.000      0.000    -68.330    -68.270    -28.845    -28.845    -28.407    -28.407
    -54.000    -30.849    -30.849    -30.415    -30.415      0.000      0.000    -70.330    -70.270    -30.849    -30.849    -30.415    -30.415
    -56.000    -32.871    -32.871    -32.434    -32.434      0.000      0.000    -72.330    -72.270    -32.871    -32.872    -32.434    -32.435
    -58.000    -34.823    -34.823    -34.389    -34.389      0.000      0.000    -74.330    -74.270    -34.823    -34.824    -34.389    -34.389
    -60.000    -36.849    -36.849    -36.412    -36.412      0.000      0.000    -76.330    -76.270    -36.849    -36.849    -36.412    -36.412
    -62.000    -38.866    -38.866    -38.434    -38.434     -0.000      0.000    -78.330    -78.270    -38.867    -38.867    -38.435    -38.435
    -64.000    -40.812    -40.812    -40.380    -40.381     -0.000      0.000    -80.330    -80.270    -40.813    -40.813    -40.381    -40.382
    -66.000    -42.836    -42.837    -42.399    -42.399      0.000      0.000    -82.330    -82.270    -42.838    -42.839    -42.401    -42.401
    -68.000    -44.793    -44.794    -44.361    -44.361      0.001      0.001    -84.330    -84.270    -44.796    -44.797    -44.363    -44.364
    -70.000    -46.808    -46.809    -46.382    -46.381      0.001     -0.000    -86.330    -86.270    -46.813    -46.814    -46.386    -46.386
    -72.000    -48.823    -48.823    -48.396    -48.396     -0.000     -0.000    -88.330    -88.270    -48.830    -48.830    -48.403    -48.403
    -74.000    -50.788    -50.786    -50.364    -50.364     -0.002      0.000    -90.330    -90.270    -50.799    -50.798    -50.376    -50.376
    -76.000    -52.791    -52.791    -52.376    -52.376      0.000      0.000    -92.330    -92.270    -52.809    -52.810    -52.394    -52.394
    -78.000    -54.731    -54.730    -54.321    -54.322     -0.001      0.002    -94.330    -94.270    -54.759    -54.758    -54.349    -54.351
    -80.000    -56.730    -56.731    -56.324    -56.325      0.002      0.002    -96.330    -96.270    -56.775    -56.777    -56.369    -56.371
    -82.000    -58.670    -58.675    -58.269    -58.272      0.005      0.003    -98.330    -98.270    -58.741    -58.745    -58.340    -58.343
    -84.000    -60.660    -60.657    -60.253    -60.255     -0.002      0.002   -100.330   -100.270    -60.772    -60.770    -60.365    -60.368
    -86.000    -62.596    -62.601    -62.187    -62.192      0.005      0.005   -102.330   -102.270    -62.772    -62.778    -62.365    -62.370
    -88.000    -64.166    -64.169    -63.749    -63.761      0.003      0.012   -104.330   -104.270    -64.422    -64.426    -64.006    -64.019
    -90.000    -66.362    -66.361    -65.942    -65.953     -0.001      0.010   -106.330   -106.270    -66.794    -66.794    -66.376    -66.387
    -92.000    -68.109    -68.104    -67.686    -67.688     -0.006      0.003   -108.330   -108.270    -68.773    -68.768    -68.350    -68.354
    -94.000    -69.777    -69.775    -69.349    -69.362     -0.002      0.013   -110.330   -110.270    -70.790    -70.789    -70.362    -70.380
    -96.000    -71.253    -71.239    -70.828    -70.831     -0.014      0.002   -112.330   -112.270    -72.754    -72.737    -72.330    -72.336
    -98.000    -72.583    -72.593    -72.151    -72.170      0.011      0.020   -114.330   -114.270    -74.779    -74.801    -74.344    -74.380
   -100.000    -73.676    -73.689    -73.287    -73.265      0.013     -0.023   -116.330   -116.270    -76.780    -76.813    -76.431    -76.389
   -102.000    -74.533    -74.523    -74.116    -74.121     -0.010      0.005   -118.330   -118.270    -78.759    -78.742    -78.358    -78.379
   -104.000    -75.172    -75.191    -74.779    -74.765      0.019     -0.014   -120.330   -120.270    -80.711    -80.795    -80.407    -80.367
   -106.000    -75.667    -75.646    -75.233    -75.259     -0.021      0.027   -122.330   -122.270    -82.825    -82.743    -82.359    -82.518
   -108.000    -75.984    -75.990    -75.565    -75.566      0.005      0.001   -124.330   -124.270    -84.808    -84.890    -84.438    -84.475
   -110.000    -76.194    -76.205    -75.752    -75.766      0.011      0.014   -126.330   -126.270    -86.736    -86.931    -86.148    -86.349
   -112.000    -76.335    -76.331    -75.918    -75.925     -0.004      0.007   -128.330   -128.270    -88.688    -88.722    -88.438    -88.638
   -114.000    -76.427    -76.426    -76.009    -76.019     -0.001      0.010   -130.330   -130.270    -90.639    -90.757    -90.458    -90.871
   -116.000    -76.489    -76.497    -76.062    -76.055      0.008     -0.008   -132.330   -132.270    -92.681    -93.306    -92.253    -92.110
   -118.000    -76.551    -76.509    -76.106    -76.083     -0.042     -0.024   -134.330   -134.270    -96.541    -93.928    -94.620    -93.423
   -120.000    -76.562    -76.567    -76.152    -76.139      0.005     -0.013   -136.330   -136.270    -97.777    -99.588   -100.473    -98.536
   -122.000    -76.596    -76.574    -76.164    -76.160     -0.022     -0.004   -138.330   -138.270    -97.777   -101.137   -106.645   -106.436
   -124.000    -76.578    -76.583    -76.156    -76.147      0.005     -0.010   -140.330   -140.270    -97.777   -105.100   -101.752   -100.158
   -126.000    -76.594    -76.571    -76.165    -76.162     -0.023     -0.002   -142.330   -142.270    -97.777   -100.426   -107.117   -111.478
   -128.000    -76.572    -76.599    -76.160    -76.171      0.027      0.011   -144.330   -144.270    -97.777   -100.426   -103.409   -111.478
   -130.000    -76.593    -76.584    -76.167    -76.156     -0.009     -0.011   -146.330   -146.270    -97.777   -100.426   -110.815   -111.478
   -132.000    -76.603    -76.597    -76.180    -76.188     -0.006      0.009   -148.330   -148.270    -97.777   -100.426   -110.815   -111.478
   -134.000    -76.603    -76.612    -76.181    -76.184      0.009      0.003   -150.330   -150.270    -97.777   -100.426   -110.815   -111.478
   -136.000    -76.626    -76.601    -76.181    -76.171     -0.025     -0.009   -152.330   -152.270    -97.777   -100.426   -110.815   -111.478
   -138.000    -76.603    -76.602    -76.168    -76.159     -0.001     -0.009   -154.330   -154.270    -97.777   -100.426   -110.815   -111.478
   -140.000    -76.615    -76.588    -76.176    -76.164     -0.027     -0.012   -156.330   -156.270    -97.777   -100.426   -110.815   -111.478
