    -14.000      7.968      8.029      7.829      7.929     -0.061     -0.101    -29.150    -29.110      7.968      8.029      7.829      7.929
    -16.000      7.226      7.336      7.073      7.245     -0.109     -0.172    -31.150    -31.110      7.226      7.336      7.073      7.245
    -18.000      5.992      6.154      5.818      6.104     -0.162     -0.286    -33.150    -33.110      5.992      6.153      5.818      6.104
    -20.000      4.174      4.355      4.048      4.352     -0.180     -0.304    -35.150    -35.110      4.174      4.355      4.047      4.352
    -22.000      2.273      2.454      2.176      2.482     -0.181     -0.306    -37.150    -37.110      2.273      2.454      2.176      2.482
    -24.000      0.390      0.570      0.313      0.620     -0.180     -0.307    -39.150    -39.110      0.390      0.570      0.313      0.620
    -26.000     -1.589     -1.409     -1.649     -1.342     -0.180     -0.306    -41.150    -41.110     -1.589     -1.409     -1.649     -1.342
    -28.000     -3.582     -3.403     -3.628     -3.321     -0.180     -0.307    -43.150    -43.110     -3.582     -3.403     -3.628     -3.321
    -30.000     -5.550     -5.370     -5.585     -5.277     -0.179     -0.308    -45.150    -45.110     -5.550     -5.370     -5.585     -5.277
    -32.000     -7.563     -7.384     -7.591     -7.283     -0.179     -0.308    -47.150    -47.110     -7.563     -7.384     -7.591     -7.283
    -34.000     -9.536     -9.357     -9.556     -9.248     -0.179     -0.308    -49.150    -49.110     -9.536     -9.357     -9.557     -9.249
    -36.000    -11.557    -11.379    -11.572    -11.264     -0.178     -0.308    -51.150    -51.110    -11.558    -11.379    -11.572    -11.264
    -38.000    -13.526    -13.348    -13.536    -13.229     -0.178     -0.307    -53.150    -53.110    -13.526    -13.348    -13.536    -13.229
    -40.000    -15.544    -15.367    -15.552    -15.245     -0.177     -0.307    -55.150    -55.110    -15.544    -15.367    -15.552    -15.245
    -42.000    -17.559    -17.381    -17.566    -17.258     -0.178     -0.308    -57.150    -57.110    -17.559    -17.381    -17.566    -17.258
    -44.000    -19.539    -19.361    -19.545    -19.237     -0.178     -0.308    -59.150    -59.110    -19.539    -19.361    -19.545    -19.237
    -46.000    -21.539    -21.362    -21.545    -21.237     -0.177     -0.308    -61.150    -61.110    -21.539    -21.362    -21.545    -21.237
    -48.000    -23.512    -23.334    -23.512    -23.205     -0.178     -0.307    -63.150    -63.110    -23.512    -23.334    -23.512    -23.205
    -50.000    -25.528    -25.350    -25.532    -25.224     -0.178     -0.308    -65.150    -65.110    -25.528    -25.350    -25.532    -25.224
    -52.000    -27.548    -27.370    -27.551    -27.244     -0.178     -0.308    -67.150    -67.110    -27.548    -27.370    -27.551    -27.244
    -54.000    -29.553    -29.375    -29.557    -29.248     -0.178     -0.308    -69.150    -69.110    -29.553    -29.375    -29.557    -29.248
    -56.000    -31.573    -31.395    -31.575    -31.268     -0.178     -0.307    -71.150    -71.110    -31.573    -31.395    -31.575    -31.268
    -58.000    -33.527    -33.350    -33.531    -33.223     -0.177     -0.308    -73.150    -73.110    -33.528    -33.350    -33.531    -33.223
    -60.000    -35.549    -35.372    -35.552    -35.242     -0.177     -0.309    -75.150    -75.110    -35.549    -35.372    -35.552    -35.243
    -62.000    -37.568    -37.391    -37.571    -37.262     -0.176     -0.309    -77.150    -77.110    -37.568    -37.392    -37.571    -37.263
    -64.000    -39.516    -39.340    -39.517    -39.209     -0.176     -0.309    -79.150    -79.110    -39.517    -39.341    -39.518    -39.210
    -66.000    -41.538    -41.360    -41.535    -41.226     -0.178     -0.309    -81.150    -81.110    -41.539    -41.361    -41.537    -41.228
    -68.000    -43.499    -43.324    -43.498    -43.189     -0.176     -0.309    -83.150    -83.110    -43.502    -43.326    -43.500    -43.191
    -70.000    -45.515    -45.340    -45.518    -45.209     -0.176     -0.310    -85.150    -85.110    -45.519    -45.343    -45.521    -45.212
    -72.000    -47.525    -47.350    -47.532    -47.223     -0.175     -0.310    -87.150    -87.110    -47.531    -47.356    -47.538    -47.228
    -74.000    -49.491    -49.317    -49.504    -49.192     -0.174     -0.312    -89.150    -89.110    -49.499    -49.326    -49.512    -49.201
    -76.000    -51.495    -51.321    -51.514    -51.203     -0.174     -0.311    -91.150    -91.110    -51.508    -51.334    -51.527    -51.217
    -78.000    -53.434    -53.262    -53.461    -53.147     -0.172     -0.314    -93.150    -93.110    -53.455    -53.283    -53.481    -53.168
    -80.000    -55.438    -55.262    -55.466    -55.153     -0.176     -0.314    -95.150    -95.110    -55.471    -55.296    -55.500    -55.187
    -82.000    -57.381    -57.206    -57.412    -57.099     -0.175     -0.313    -97.150    -97.110    -57.433    -57.260    -57.464    -57.153
    -84.000    -59.368    -59.203    -59.410    -59.093     -0.165     -0.317    -99.150    -99.110    -59.452    -59.289    -59.493    -59.178
    -86.000    -61.321    -61.155    -61.368    -61.048     -0.167     -0.320   -101.150   -101.110    -61.453    -61.290    -61.500    -61.183
    -88.000    -63.249    -63.072    -63.283    -62.969     -0.177     -0.314   -103.150   -103.110    -63.456    -63.283    -63.489    -63.180
    -90.000    -65.158    -64.986    -65.194    -64.873     -0.172     -0.320   -105.150   -105.110    -65.483    -65.320    -65.518    -65.204
    -92.000    -66.950    -66.778    -66.990    -66.673     -0.171     -0.317   -107.150   -107.110    -67.451    -67.293    -67.490    -67.184
    -94.000    -68.706    -68.517    -68.748    -68.423     -0.189     -0.325   -109.150   -109.110    -69.481    -69.309    -69.520    -69.212
    -96.000    -70.277    -70.088    -70.305    -69.979     -0.189     -0.325   -111.150   -111.110    -71.437    -71.276    -71.458    -71.158
    -98.000    -71.748    -71.515    -71.784    -71.445     -0.233     -0.339   -113.150   -113.110    -73.480    -73.270    -73.509    -73.205
   -100.000    -72.994    -72.756    -73.019    -72.675     -0.238     -0.345   -115.150   -115.110    -75.498    -75.293    -75.505    -75.210
   -102.000    -73.972    -73.763    -74.024    -73.641     -0.210     -0.383   -117.150   -117.110    -77.430    -77.307    -77.484    -77.131
   -104.000    -74.770    -74.543    -74.812    -74.464     -0.227     -0.348   -119.150   -119.110    -79.451    -79.326    -79.478    -79.248
   -106.000    -75.364    -75.127    -75.424    -75.036     -0.237     -0.388   -121.150   -121.110    -81.497    -81.394    -81.589    -81.264
   -108.000    -75.764    -75.533    -75.820    -75.444     -0.231     -0.377   -123.150   -123.110    -83.440    -83.452    -83.529    -83.310
   -110.000    -76.059    -75.796    -76.117    -75.707     -0.263     -0.409   -125.150   -125.110    -85.549    -85.415    -85.668    -85.253
   -112.000    -76.251    -75.992    -76.302    -75.903     -0.259     -0.399   -127.150   -127.110    -87.661    -87.672    -87.728    -87.453
   -114.000    -76.360    -76.077    -76.418    -75.995     -0.284     -0.423   -129.150   -129.110    -89.489    -89.117    -89.709    -88.999
   -116.000    -76.459    -76.173    -76.504    -76.092     -0.286     -0.412   -131.150   -131.110    -92.169    -91.634    -92.059    -91.512
   -118.000    -76.500    -76.213    -76.554    -76.140     -0.287     -0.414   -133.150   -133.110    -94.068    -93.366    -94.366    -93.630
   -120.000    -76.534    -76.261    -76.581    -76.190     -0.273     -0.391   -135.150   -135.110    -96.587    -96.954    -96.347    -98.063
   -122.000    -76.562    -76.281    -76.602    -76.194     -0.281     -0.407   -137.150   -137.110   -101.097   -100.418    -98.982    -98.726
   -124.000    -76.553    -76.283    -76.611    -76.200     -0.270     -0.411   -139.150   -139.110    -99.139   -100.941   -101.044    -99.889
   -126.000    -76.586    -76.286    -76.624    -76.208     -0.300     -0.416   -141.150   -141.110    -99.139   -101.812   -109.060   -102.500
   -128.000    -76.567    -76.308    -76.629    -76.227     -0.259     -0.403   -143.150   -143.110    -99.139   -101.812   -109.060   -102.500
   -130.000    -76.585    -76.299    -76.649    -76.223     -0.286     -0.426   -145.150   -145.110    -99.139   -101.812   -109.060   -102.500
   -132.000    -76.594    -76.305    -76.632    -76.248     -0.289     -0.385   -147.150   -147.110    -99.139   -101.812   -109.060   -102.500
   -134.000    -76.589    -76.313    -76.636    -76.229     -0.276     -0.408   -149.150   -149.110    -99.139   -101.812   -109.060   -102.500
   -136.000    -76.588    -76.337    -76.644    -76.228     -0.251     -0.416   -151.150   -151.110    -99.139   -101.812   -109.060   -102.500
   -138.000    -76.597    -76.312    -76.636    -76.235     -0.285     -0.401   -153.150   -153.110    -99.139   -101.812   -109.060   -102.500
   -140.000    -76.593    -76.293    -76.650    -76.222     -0.300     -0.428   -155.150   -155.110    -99.139   -101.812   -109.060   -102.500
