    -14.000      6.621      6.629      6.956      8.453     -0.008     -1.497    -29.710    -29.770      6.621      6.629      6.956      8.453
    -16.000      6.179      6.327      6.322      7.332     -0.148     -1.010    -31.710    -31.770      6.179      6.327      6.322      7.332
    -18.000      4.981      5.306      4.869      5.307     -0.324     -0.438    -33.710    -33.770      4.981      5.306      4.869      5.307
    -20.000      3.114      3.447      3.040      3.491     -0.333     -0.451    -35.710    -35.770      3.114      3.447      3.040      3.491
    -22.000      1.185      1.521      1.136      1.593     -0.336     -0.458    -37.710    -37.770      1.185      1.521      1.136      1.593
    -24.000     -0.714     -0.374     -0.742     -0.282     -0.339     -0.460    -39.710    -39.770     -0.714     -0.374     -0.742     -0.282
    -26.000     -2.701     -2.362     -2.715     -2.252     -0.339     -0.462    -41.710    -41.770     -2.701     -2.362     -2.715     -2.253
    -28.000     -4.705     -4.365     -4.706     -4.242     -0.340     -0.465    -43.710    -43.770     -4.705     -4.365     -4.706     -4.242
    -30.000     -6.672     -6.330     -6.664     -6.198     -0.342     -0.466    -45.710    -45.770     -6.672     -6.330     -6.664     -6.198
    -32.000     -8.691     -8.351     -8.678     -8.210     -0.339     -0.468    -47.710    -47.770     -8.691     -8.351     -8.678     -8.210
    -34.000    -10.661    -10.322    -10.639    -10.176     -0.339     -0.463    -49.710    -49.770    -10.661    -10.322    -10.639    -10.176
    -36.000    -12.685    -12.349    -12.659    -12.197     -0.336     -0.462    -51.710    -51.770    -12.685    -12.349    -12.659    -12.197
    -38.000    -14.652    -14.314    -14.626    -14.154     -0.337     -0.471    -53.710    -53.770    -14.652    -14.314    -14.626    -14.154
    -40.000    -16.669    -16.327    -16.634    -16.170     -0.341     -0.464    -55.710    -55.770    -16.669    -16.327    -16.635    -16.170
    -42.000    -18.690    -18.349    -18.655    -18.192     -0.341     -0.462    -57.710    -57.770    -18.690    -18.349    -18.655    -18.192
    -44.000    -20.669    -20.329    -20.631    -20.170     -0.340     -0.461    -59.710    -59.770    -20.669    -20.329    -20.631    -20.170
    -46.000    -22.670    -22.329    -22.633    -22.170     -0.341     -0.463    -61.710    -61.770    -22.670    -22.329    -22.633    -22.170
    -48.000    -24.639    -24.296    -24.596    -24.132     -0.343     -0.463    -63.710    -63.770    -24.639    -24.296    -24.596    -24.132
    -50.000    -26.660    -26.318    -26.621    -26.155     -0.342     -0.465    -65.710    -65.770    -26.660    -26.318    -26.621    -26.155
    -52.000    -28.680    -28.338    -28.642    -28.177     -0.342     -0.466    -67.710    -67.770    -28.680    -28.338    -28.643    -28.177
    -54.000    -30.685    -30.345    -30.646    -30.186     -0.340     -0.461    -69.710    -69.770    -30.685    -30.345    -30.646    -30.186
    -56.000    -32.705    -32.364    -32.667    -32.204     -0.341     -0.463    -71.710    -71.770    -32.705    -32.364    -32.667    -32.204
    -58.000    -34.657    -34.319    -34.618    -34.158     -0.338     -0.460    -73.710    -73.770    -34.657    -34.319    -34.618    -34.159
    -60.000    -36.681    -36.343    -36.642    -36.180     -0.338     -0.462    -75.710    -75.770    -36.682    -36.344    -36.642    -36.180
    -62.000    -38.698    -38.363    -38.658    -38.199     -0.336     -0.459    -77.710    -77.770    -38.699    -38.363    -38.658    -38.200
    -64.000    -40.643    -40.310    -40.602    -40.146     -0.333     -0.456    -79.710    -79.770    -40.645    -40.311    -40.603    -40.147
    -66.000    -42.663    -42.329    -42.625    -42.167     -0.334     -0.457    -81.710    -81.770    -42.665    -42.331    -42.626    -42.169
    -68.000    -44.624    -44.292    -44.582    -44.127     -0.332     -0.456    -83.710    -83.770    -44.626    -44.295    -44.585    -44.129
    -70.000    -46.638    -46.306    -46.603    -46.143     -0.332     -0.460    -85.710    -85.770    -46.643    -46.311    -46.607    -46.147
    -72.000    -48.650    -48.316    -48.618    -48.154     -0.334     -0.463    -87.710    -87.770    -48.657    -48.323    -48.625    -48.161
    -74.000    -50.624    -50.283    -50.590    -50.130     -0.341     -0.460    -89.710    -89.770    -50.635    -50.294    -50.600    -50.141
    -76.000    -52.623    -52.288    -52.600    -52.128     -0.334     -0.472    -91.710    -91.770    -52.640    -52.306    -52.618    -52.145
    -78.000    -54.563    -54.227    -54.537    -54.069     -0.337     -0.469    -93.710    -93.770    -54.591    -54.254    -54.565    -54.096
    -80.000    -56.565    -56.231    -56.544    -56.073     -0.334     -0.471    -95.710    -95.770    -56.608    -56.275    -56.587    -56.116
    -82.000    -58.511    -58.167    -58.481    -58.016     -0.343     -0.465    -97.710    -97.770    -58.579    -58.236    -58.548    -58.083
    -84.000    -60.493    -60.160    -60.469    -59.997     -0.333     -0.472    -99.710    -99.770    -60.601    -60.268    -60.577    -60.105
    -86.000    -62.437    -62.098    -62.411    -61.946     -0.339     -0.464   -101.710   -101.770    -62.606    -62.269    -62.580    -62.116
    -88.000    -64.334    -64.001    -64.316    -63.847     -0.333     -0.469   -103.710   -103.770    -64.600    -64.268    -64.581    -64.112
    -90.000    -66.215    -65.877    -66.189    -65.718     -0.338     -0.471   -105.710   -105.770    -66.632    -66.296    -66.604    -66.133
    -92.000    -67.959    -67.617    -67.939    -67.475     -0.342     -0.464   -107.710   -107.770    -68.598    -68.259    -68.576    -68.113
    -94.000    -69.657    -69.316    -69.643    -69.175     -0.341     -0.468   -109.710   -109.770    -70.638    -70.302    -70.623    -70.156
    -96.000    -71.132    -70.786    -71.117    -70.648     -0.345     -0.469   -111.710   -111.770    -72.584    -72.244    -72.566    -72.097
    -98.000    -72.483    -72.146    -72.468    -72.005     -0.337     -0.462   -113.710   -113.770    -74.615    -74.292    -74.594    -74.136
   -100.000    -73.612    -73.286    -73.600    -73.132     -0.326     -0.469   -115.710   -115.770    -76.649    -76.358    -76.632    -76.164
   -102.000    -74.464    -74.126    -74.462    -73.991     -0.338     -0.471   -117.710   -117.770    -78.577    -78.275    -78.582    -78.108
   -104.000    -75.136    -74.803    -75.138    -74.656     -0.333     -0.482   -119.710   -119.770    -80.582    -80.318    -80.605    -80.091
   -106.000    -75.634    -75.281    -75.615    -75.172     -0.353     -0.443   -121.710   -121.770    -82.653    -82.327    -82.586    -82.250
   -108.000    -75.968    -75.611    -75.950    -75.494     -0.357     -0.457   -123.710   -123.770    -84.677    -84.344    -84.589    -84.215
   -110.000    -76.211    -75.833    -76.196    -75.723     -0.377     -0.472   -125.710   -125.770    -86.923    -86.366    -86.818    -86.315
   -112.000    -76.344    -75.974    -76.335    -75.875     -0.370     -0.460   -127.710   -127.770    -88.839    -88.313    -88.786    -88.493
   -114.000    -76.429    -76.070    -76.440    -75.982     -0.359     -0.458   -129.710   -129.770    -90.667    -90.344    -91.140    -91.025
   -116.000    -76.493    -76.144    -76.482    -76.016     -0.348     -0.466   -131.710   -131.770    -92.783    -92.956    -92.615    -92.290
   -118.000    -76.551    -76.184    -76.534    -76.061     -0.367     -0.473   -133.710   -133.770    -96.443    -95.457    -95.512    -94.740
   -120.000    -76.567    -76.190    -76.538    -76.089     -0.377     -0.448   -135.710   -135.770    -98.450    -96.035    -95.806    -97.602
   -122.000    -76.595    -76.219    -76.566    -76.109     -0.376     -0.458   -137.710   -137.770   -114.236   -100.367    -99.338   -101.938
   -124.000    -76.596    -76.240    -76.585    -76.104     -0.356     -0.482   -139.710   -139.770   -114.236   -100.367   -107.163   -100.378
   -126.000    -76.594    -76.227    -76.594    -76.115     -0.367     -0.479   -141.710   -141.770   -114.236   -100.367   -107.163   -105.719
   -128.000    -76.591    -76.214    -76.592    -76.135     -0.377     -0.457   -143.710   -143.770   -114.236   -100.367   -107.163   -105.719
   -130.000    -76.590    -76.263    -76.584    -76.132     -0.327     -0.451   -145.710   -145.770   -114.236   -100.367   -107.163   -105.719
   -132.000    -76.596    -76.240    -76.605    -76.133     -0.356     -0.472   -147.710   -147.770   -114.236   -100.367   -107.163   -105.719
   -134.000    -76.621    -76.252    -76.606    -76.126     -0.370     -0.479   -149.710   -149.770   -114.236   -100.367   -107.163   -105.719
   -136.000    -76.582    -76.259    -76.593    -76.123     -0.323     -0.470   -151.710   -151.770   -114.236   -100.367   -107.163   -105.719
   -138.000    -76.621    -76.248    -76.599    -76.124     -0.373     -0.476   -153.710   -153.770   -114.236   -100.367   -107.163   -105.719
   -140.000    -76.600    -76.240    -76.620    -76.128     -0.361     -0.492   -155.710   -155.770   -114.236   -100.367   -107.163   -105.719
