    -14.000      7.982      6.721      8.411      6.755      1.261      1.655    -30.330    -30.270      7.982      6.721      8.411      6.755
    -16.000      6.603      6.399      6.367      6.228      0.204      0.140    -32.330    -32.270      6.603      6.399      6.367      6.228
    -18.000      4.742      5.059      4.618      5.034     -0.317     -0.416    -34.330    -34.270      4.742      5.059      4.618      5.034
    -20.000      2.864      3.189      2.775      3.202     -0.325     -0.427    -36.330    -36.270      2.864      3.189      2.775      3.202
    -22.000      0.930      1.258      0.865      1.296     -0.328     -0.431    -38.330    -38.270      0.930      1.258      0.865      1.296
    -24.000     -0.970     -0.639     -1.017     -0.582     -0.331     -0.435    -40.330    -40.270     -0.970     -0.639     -1.017     -0.582
    -26.000     -2.959     -2.627     -2.990     -2.555     -0.331     -0.435    -42.330    -42.270     -2.959     -2.627     -2.990     -2.555
    -28.000     -4.962     -4.631     -4.983     -4.546     -0.331     -0.437    -44.330    -44.270     -4.962     -4.632     -4.983     -4.546
    -30.000     -6.930     -6.599     -6.943     -6.503     -0.331     -0.440    -46.330    -46.270     -6.930     -6.599     -6.943     -6.503
    -32.000     -8.948     -8.618     -8.955     -8.516     -0.330     -0.439    -48.330    -48.270     -8.949     -8.618     -8.955     -8.516
    -34.000    -10.920    -10.586    -10.918    -10.480     -0.334     -0.439    -50.330    -50.270    -10.920    -10.586    -10.918    -10.480
    -36.000    -12.941    -12.610    -12.937    -12.499     -0.330     -0.437    -52.330    -52.270    -12.941    -12.610    -12.937    -12.499
    -38.000    -14.904    -14.582    -14.900    -14.459     -0.322     -0.441    -54.330    -54.270    -14.904    -14.582    -14.900    -14.459
    -40.000    -16.926    -16.590    -16.910    -16.472     -0.335     -0.438    -56.330    -56.270    -16.926    -16.590    -16.910    -16.472
    -42.000    -18.947    -18.612    -18.932    -18.493     -0.335     -0.439    -58.330    -58.270    -18.947    -18.612    -18.932    -18.493
    -44.000    -20.923    -20.589    -20.909    -20.472     -0.334     -0.437    -60.330    -60.270    -20.923    -20.589    -20.909    -20.472
    -46.000    -22.924    -22.591    -22.908    -22.473     -0.334     -0.435    -62.330    -62.270    -22.924    -22.591    -22.908    -22.473
    -48.000    -24.895    -24.563    -24.872    -24.434     -0.332     -0.438    -64.330    -64.270    -24.895    -24.563    -24.872    -24.434
    -50.000    -26.913    -26.581    -26.896    -26.456     -0.333     -0.439    -66.330    -66.270    -26.913    -26.581    -26.896    -26.456
    -52.000    -28.932    -28.601    -28.916    -28.475     -0.331     -0.441    -68.330    -68.270    -28.932    -28.601    -28.916    -28.475
    -54.000    -30.938    -30.604    -30.922    -30.482     -0.334     -0.441    -70.330    -70.270    -30.938    -30.604    -30.922    -30.482
    -56.000    -32.955    -32.625    -32.942    -32.498     -0.330     -0.444    -72.330    -72.270    -32.956    -32.625    -32.942    -32.498
    -58.000    -34.913    -34.576    -34.896    -34.453     -0.337     -0.443    -74.330    -74.270    -34.913    -34.576    -34.896    -34.453
    -60.000    -36.933    -36.602    -36.917    -36.478     -0.332     -0.439    -76.330    -76.270    -36.934    -36.602    -36.917    -36.478
    -62.000    -38.952    -38.619    -38.935    -38.497     -0.332     -0.438    -78.330    -78.270    -38.952    -38.620    -38.936    -38.498
    -64.000    -40.899    -40.564    -40.884    -40.439     -0.335     -0.445    -80.330    -80.270    -40.900    -40.565    -40.885    -40.440
    -66.000    -42.929    -42.584    -42.904    -42.462     -0.345     -0.443    -82.330    -82.270    -42.931    -42.586    -42.906    -42.463
    -68.000    -44.878    -44.542    -44.863    -44.420     -0.336     -0.443    -84.330    -84.270    -44.881    -44.545    -44.866    -44.423
    -70.000    -46.892    -46.559    -46.881    -46.436     -0.333     -0.445    -86.330    -86.270    -46.896    -46.564    -46.885    -46.440
    -72.000    -48.901    -48.573    -48.894    -48.450     -0.328     -0.445    -88.330    -88.270    -48.908    -48.580    -48.902    -48.457
    -74.000    -50.861    -50.538    -50.865    -50.417     -0.323     -0.447    -90.330    -90.270    -50.872    -50.550    -50.876    -50.429
    -76.000    -52.865    -52.544    -52.875    -52.426     -0.321     -0.449    -92.330    -92.270    -52.883    -52.562    -52.893    -52.444
    -78.000    -54.803    -54.481    -54.813    -54.366     -0.322     -0.447    -94.330    -94.270    -54.832    -54.510    -54.841    -54.394
    -80.000    -56.805    -56.486    -56.820    -56.370     -0.319     -0.450    -96.330    -96.270    -56.850    -56.531    -56.865    -56.415
    -82.000    -58.748    -58.424    -58.756    -58.307     -0.323     -0.449    -98.330    -98.270    -58.818    -58.495    -58.826    -58.378
    -84.000    -60.734    -60.412    -60.744    -60.296     -0.322     -0.448   -100.330   -100.270    -60.846    -60.524    -60.856    -60.409
    -86.000    -62.671    -62.350    -62.683    -62.233     -0.321     -0.450   -102.330   -102.270    -62.847    -62.527    -62.859    -62.410
    -88.000    -64.570    -64.242    -64.577    -64.122     -0.328     -0.455   -104.330   -104.270    -64.845    -64.519    -64.852    -64.398
    -90.000    -66.438    -66.113    -66.447    -66.004     -0.326     -0.443   -106.330   -106.270    -66.869    -66.546    -66.879    -66.438
    -92.000    -68.189    -67.854    -68.191    -67.749     -0.335     -0.442   -108.330   -108.270    -68.851    -68.518    -68.853    -68.415
    -94.000    -69.872    -69.516    -69.859    -69.421     -0.357     -0.438   -110.330   -110.270    -70.886    -70.527    -70.869    -70.438
    -96.000    -71.325    -71.010    -71.337    -70.883     -0.315     -0.454   -112.330   -112.270    -72.816    -72.517    -72.834    -72.384
    -98.000    -72.668    -72.327    -72.677    -72.219     -0.341     -0.458   -114.330   -114.270    -74.858    -74.524    -74.874    -74.421
   -100.000    -73.776    -73.451    -73.799    -73.330     -0.325     -0.470   -116.330   -116.270    -76.884    -76.588    -76.932    -76.460
   -102.000    -74.624    -74.290    -74.633    -74.169     -0.334     -0.465   -118.330   -118.270    -78.842    -78.536    -78.866    -78.406
   -104.000    -75.277    -74.951    -75.284    -74.822     -0.326     -0.462   -120.330   -120.270    -80.841    -80.581    -80.864    -80.414
   -106.000    -75.761    -75.427    -75.758    -75.317     -0.334     -0.441   -122.330   -122.270    -82.917    -82.655    -82.898    -82.567
   -108.000    -76.090    -75.742    -76.096    -75.623     -0.348     -0.473   -124.330   -124.270    -84.984    -84.655    -85.023    -84.512
   -110.000    -76.298    -75.963    -76.322    -75.843     -0.336     -0.479   -126.330   -126.270    -86.947    -86.776    -87.215    -86.600
   -112.000    -76.417    -76.085    -76.447    -75.981     -0.332     -0.466   -128.330   -128.270    -88.573    -88.541    -89.081    -88.628
   -114.000    -76.517    -76.163    -76.530    -76.050     -0.354     -0.480   -130.330   -130.270    -90.602    -90.171    -90.922    -90.123
   -116.000    -76.595    -76.235    -76.596    -76.142     -0.360     -0.454   -132.330   -132.270    -93.278    -92.508    -93.267    -93.426
   -118.000    -76.631    -76.288    -76.617    -76.164     -0.343     -0.453   -134.330   -134.270    -95.395    -95.652    -94.345    -94.810
   -120.000    -76.655    -76.286    -76.668    -76.190     -0.369     -0.478   -136.330   -136.270    -97.694    -95.499    -99.575    -97.318
   -122.000    -76.677    -76.339    -76.662    -76.211     -0.338     -0.451   -138.330   -138.270   -102.048   -123.785    -98.461   -101.652
   -124.000    -76.669    -76.332    -76.702    -76.226     -0.337     -0.476   -140.330   -140.270    -99.934   -104.338    -98.461   -101.652
   -126.000    -76.683    -76.349    -76.679    -76.227     -0.334     -0.452   -142.330   -142.270   -104.984   -104.338    -98.461   -101.652
   -128.000    -76.701    -76.332    -76.691    -76.223     -0.369     -0.467   -144.330   -144.270   -104.984   -104.338    -98.461   -101.652
   -130.000    -76.705    -76.352    -76.704    -76.248     -0.353     -0.456   -146.330   -146.270   -104.984   -104.338    -98.461   -101.652
   -132.000    -76.702    -76.337    -76.705    -76.228     -0.366     -0.477   -148.330   -148.270   -104.984   -104.338    -98.461   -101.652
   -134.000    -76.703    -76.355    -76.705    -76.225     -0.348     -0.480   -150.330   -150.270   -104.984   -104.338    -98.461   -101.652
   -136.000    -76.695    -76.352    -76.687    -76.229     -0.343     -0.458   -152.330   -152.270   -104.984   -104.338    -98.461   -101.652
   -138.000    -76.698    -76.338    -76.690    -76.221     -0.360     -0.470   -154.330   -154.270   -104.984   -104.338    -98.461   -101.652
   -140.000    -76.697    -76.354    -76.704    -76.232     -0.343     -0.473   -156.330   -156.270   -104.984   -104.338    -98.461   -101.652
