    -14.000      7.316      6.567      7.879      7.622      0.749      0.256    -29.710    -29.770      7.316      6.567      7.879      7.622
    -16.000      6.504      6.211      6.645      6.843      0.293     -0.198    -31.710    -31.770      6.504      6.211      6.645      6.843
    -18.000      5.024      5.335      4.916      5.330     -0.311     -0.413    -33.710    -33.770      5.023      5.335      4.916      5.330
    -20.000      3.158      3.477      3.088      3.514     -0.319     -0.426    -35.710    -35.770      3.158      3.476      3.088      3.514
    -22.000      1.229      1.550      1.185      1.615     -0.322     -0.430    -37.710    -37.770      1.229      1.550      1.185      1.615
    -24.000     -0.666     -0.344     -0.691     -0.259     -0.322     -0.433    -39.710    -39.770     -0.666     -0.344     -0.691     -0.259
    -26.000     -2.654     -2.331     -2.663     -2.229     -0.324     -0.434    -41.710    -41.770     -2.654     -2.331     -2.663     -2.229
    -28.000     -4.657     -4.333     -4.653     -4.218     -0.324     -0.435    -43.710    -43.770     -4.657     -4.333     -4.653     -4.218
    -30.000     -6.621     -6.299     -6.609     -6.173     -0.322     -0.436    -45.710    -45.770     -6.621     -6.299     -6.609     -6.173
    -32.000     -8.641     -8.316     -8.620     -8.184     -0.325     -0.436    -47.710    -47.770     -8.641     -8.316     -8.620     -8.184
    -34.000    -10.607    -10.286    -10.583    -10.146     -0.321     -0.436    -49.710    -49.770    -10.607    -10.286    -10.583    -10.146
    -36.000    -12.631    -12.309    -12.600    -12.168     -0.322     -0.432    -51.710    -51.770    -12.631    -12.309    -12.600    -12.168
    -38.000    -14.600    -14.273    -14.559    -14.125     -0.327     -0.434    -53.710    -53.770    -14.600    -14.273    -14.559    -14.125
    -40.000    -16.615    -16.290    -16.575    -16.143     -0.326     -0.432    -55.710    -55.770    -16.615    -16.290    -16.575    -16.143
    -42.000    -18.630    -18.311    -18.596    -18.159     -0.320     -0.437    -57.710    -57.770    -18.630    -18.311    -18.596    -18.159
    -44.000    -20.605    -20.288    -20.570    -20.135     -0.317     -0.434    -59.710    -59.770    -20.605    -20.288    -20.570    -20.135
    -46.000    -22.607    -22.289    -22.571    -22.137     -0.318     -0.434    -61.710    -61.770    -22.607    -22.289    -22.571    -22.137
    -48.000    -24.579    -24.258    -24.533    -24.094     -0.321     -0.439    -63.710    -63.770    -24.579    -24.258    -24.533    -24.094
    -50.000    -26.594    -26.276    -26.556    -26.118     -0.319     -0.438    -65.710    -65.770    -26.594    -26.276    -26.556    -26.118
    -52.000    -28.615    -28.297    -28.578    -28.137     -0.318     -0.441    -67.710    -67.770    -28.615    -28.297    -28.578    -28.137
    -54.000    -30.622    -30.303    -30.586    -30.147     -0.319     -0.439    -69.710    -69.770    -30.622    -30.303    -30.586    -30.147
    -56.000    -32.643    -32.322    -32.605    -32.165     -0.321     -0.440    -71.710    -71.770    -32.643    -32.322    -32.605    -32.165
    -58.000    -34.592    -34.273    -34.555    -34.118     -0.320     -0.437    -73.710    -73.770    -34.593    -34.273    -34.555    -34.118
    -60.000    -36.617    -36.296    -36.579    -36.139     -0.321     -0.440    -75.710    -75.770    -36.617    -36.296    -36.579    -36.139
    -62.000    -38.635    -38.315    -38.595    -38.162     -0.319     -0.433    -77.710    -77.770    -38.635    -38.316    -38.596    -38.163
    -64.000    -40.578    -40.258    -40.541    -40.105     -0.320     -0.435    -79.710    -79.770    -40.579    -40.260    -40.542    -40.107
    -66.000    -42.603    -42.277    -42.565    -42.124     -0.326     -0.441    -81.710    -81.770    -42.605    -42.278    -42.567    -42.125
    -68.000    -44.553    -44.237    -44.524    -44.084     -0.315     -0.440    -83.710    -83.770    -44.556    -44.240    -44.526    -44.087
    -70.000    -46.570    -46.251    -46.543    -46.103     -0.319     -0.441    -85.710    -85.770    -46.574    -46.256    -46.548    -46.107
    -72.000    -48.581    -48.262    -48.558    -48.117     -0.319     -0.441    -87.710    -87.770    -48.588    -48.269    -48.565    -48.124
    -74.000    -50.546    -50.224    -50.522    -50.085     -0.322     -0.437    -89.710    -89.770    -50.556    -50.235    -50.533    -50.096
    -76.000    -52.547    -52.229    -52.534    -52.093     -0.318     -0.441    -91.710    -91.770    -52.564    -52.247    -52.551    -52.110
    -78.000    -54.483    -54.166    -54.478    -54.041     -0.316     -0.437    -93.710    -93.770    -54.510    -54.194    -54.505    -54.068
    -80.000    -56.489    -56.168    -56.479    -56.042     -0.320     -0.437    -95.710    -95.770    -56.531    -56.212    -56.522    -56.085
    -82.000    -58.424    -58.111    -58.427    -57.984     -0.313     -0.443    -97.710    -97.770    -58.491    -58.179    -58.494    -58.051
    -84.000    -60.407    -60.097    -60.417    -59.964     -0.310     -0.453    -99.710    -99.770    -60.514    -60.205    -60.523    -60.071
    -86.000    -62.350    -62.037    -62.358    -61.913     -0.313     -0.445   -101.710   -101.770    -62.518    -62.206    -62.525    -62.081
    -88.000    -63.995    -63.688    -64.003    -63.560     -0.307     -0.443   -103.710   -103.770    -64.242    -63.937    -64.250    -63.809
    -90.000    -66.121    -65.814    -66.138    -65.686     -0.307     -0.453   -105.710   -105.770    -66.532    -66.229    -66.549    -66.099
    -92.000    -67.882    -67.573    -67.891    -67.438     -0.309     -0.453   -107.710   -107.770    -68.514    -68.211    -68.522    -68.072
    -94.000    -69.557    -69.271    -69.588    -69.124     -0.286     -0.463   -109.710   -109.770    -70.521    -70.251    -70.555    -70.094
    -96.000    -71.052    -70.740    -71.077    -70.600     -0.312     -0.477   -111.710   -111.770    -72.484    -72.187    -72.512    -72.034
    -98.000    -72.414    -72.081    -72.428    -71.962     -0.333     -0.466   -113.710   -113.770    -74.520    -74.198    -74.533    -74.070
   -100.000    -73.557    -73.216    -73.552    -73.105     -0.341     -0.448   -115.710   -115.770    -76.568    -76.235    -76.543    -76.119
   -102.000    -74.407    -74.090    -74.418    -73.958     -0.317     -0.460   -117.710   -117.770    -78.475    -78.210    -78.478    -78.038
   -104.000    -75.105    -74.758    -75.114    -74.652     -0.347     -0.462   -119.710   -119.770    -80.544    -80.203    -80.535    -80.096
   -106.000    -75.586    -75.245    -75.605    -75.143     -0.341     -0.462   -121.710   -121.770    -82.529    -82.222    -82.561    -82.137
   -108.000    -75.944    -75.584    -75.953    -75.476     -0.360     -0.477   -123.710   -123.770    -84.682    -84.258    -84.651    -84.140
   -110.000    -76.138    -75.814    -76.179    -75.703     -0.323     -0.476   -125.710   -125.770    -86.400    -86.341    -86.694    -86.176
   -112.000    -76.319    -75.978    -76.327    -75.837     -0.341     -0.490   -127.710   -127.770    -88.877    -88.681    -88.750    -87.966
   -114.000    -76.405    -76.037    -76.409    -75.963     -0.368     -0.446   -129.710   -129.770    -90.767    -89.951    -90.453    -90.691
   -116.000    -76.445    -76.100    -76.493    -76.009     -0.344     -0.484   -131.710   -131.770    -92.011    -91.861    -93.373    -92.326
   -118.000    -76.526    -76.163    -76.512    -76.057     -0.363     -0.455   -133.710   -133.770    -96.759    -95.216    -94.406    -95.113
   -120.000    -76.532    -76.176    -76.549    -76.085     -0.356     -0.464   -135.710   -135.770    -97.467    -96.431    -97.603    -98.275
   -122.000    -76.539    -76.219    -76.578    -76.093     -0.320     -0.485   -137.710   -137.770    -98.435    -96.431   -105.552    -99.807
   -124.000    -76.554    -76.205    -76.565    -76.118     -0.349     -0.447   -139.710   -139.770   -101.848    -96.431   -100.423    -99.807
   -126.000    -76.566    -76.216    -76.588    -76.106     -0.350     -0.482   -141.710   -141.770   -111.315    -96.431   -100.423    -99.807
   -128.000    -76.588    -76.211    -76.598    -76.113     -0.377     -0.485   -143.710   -143.770   -111.315    -96.431   -100.423    -99.807
   -130.000    -76.574    -76.227    -76.585    -76.126     -0.347     -0.459   -145.710   -145.770   -111.315    -96.431   -100.423    -99.807
   -132.000    -76.567    -76.230    -76.575    -76.113     -0.337     -0.462   -147.710   -147.770   -111.315    -96.431   -100.423    -99.807
   -134.000    -76.571    -76.225    -76.594    -76.100     -0.346     -0.494   -149.710   -149.770   -111.315    -96.431   -100.423    -99.807
   -136.000    -76.584    -76.221    -76.593    -76.131     -0.363     -0.462   -151.710   -151.770   -111.315    -96.431   -100.423    -99.807
   -138.000    -76.581    -76.228    -76.595    -76.122     -0.353     -0.473   -153.710   -153.770   -111.315    -96.431   -100.423    -99.807
   -140.000    -76.581    -76.234    -76.594    -76.116     -0.347     -0.478   -155.710   -155.770   -111.315    -96.431   -100.423    -99.807
