    -14.000      6.696      8.101      6.433      8.476     -1.405     -2.042    -29.710    -29.770      6.696      8.101      6.433      8.475
    -16.000      6.237      7.063      6.112      7.199     -0.826     -1.087    -31.710    -31.770      6.237      7.063      6.112      7.199
    -18.000      4.988      5.311      4.874      5.312     -0.324     -0.438    -33.710    -33.770      4.988      5.311      4.874      5.312
    -20.000      3.120      3.452      3.045      3.496     -0.332     -0.451    -35.710    -35.770      3.120      3.452      3.044      3.496
    -22.000      1.191      1.526      1.140      1.597     -0.335     -0.457    -37.710    -37.770      1.191      1.526      1.140      1.597
    -24.000     -0.707     -0.369     -0.736     -0.277     -0.338     -0.459    -39.710    -39.770     -0.707     -0.369     -0.736     -0.277
    -26.000     -2.697     -2.359     -2.712     -2.250     -0.338     -0.462    -41.710    -41.770     -2.697     -2.359     -2.712     -2.250
    -28.000     -4.700     -4.362     -4.703     -4.239     -0.338     -0.464    -43.710    -43.770     -4.700     -4.362     -4.703     -4.239
    -30.000     -6.668     -6.328     -6.662     -6.199     -0.340     -0.463    -45.710    -45.770     -6.668     -6.328     -6.662     -6.199
    -32.000     -8.686     -8.348     -8.674     -8.207     -0.338     -0.467    -47.710    -47.770     -8.686     -8.349     -8.674     -8.207
    -34.000    -10.661    -10.321    -10.638    -10.175     -0.340     -0.463    -49.710    -49.770    -10.661    -10.321    -10.638    -10.175
    -36.000    -12.684    -12.348    -12.657    -12.194     -0.336     -0.464    -51.710    -51.770    -12.684    -12.348    -12.657    -12.194
    -38.000    -14.644    -14.309    -14.620    -14.153     -0.335     -0.467    -53.710    -53.770    -14.644    -14.309    -14.620    -14.153
    -40.000    -16.665    -16.326    -16.632    -16.171     -0.339     -0.461    -55.710    -55.770    -16.665    -16.326    -16.632    -16.171
    -42.000    -18.689    -18.350    -18.654    -18.193     -0.338     -0.461    -57.710    -57.770    -18.689    -18.350    -18.655    -18.193
    -44.000    -20.667    -20.329    -20.632    -20.169     -0.338     -0.464    -59.710    -59.770    -20.667    -20.329    -20.632    -20.169
    -46.000    -22.675    -22.330    -22.633    -22.177     -0.345     -0.457    -61.710    -61.770    -22.675    -22.330    -22.633    -22.177
    -48.000    -24.636    -24.303    -24.598    -24.136     -0.332     -0.462    -63.710    -63.770    -24.636    -24.303    -24.598    -24.136
    -50.000    -26.659    -26.320    -26.623    -26.159     -0.340     -0.464    -65.710    -65.770    -26.659    -26.320    -26.623    -26.159
    -52.000    -28.680    -28.341    -28.643    -28.181     -0.339     -0.462    -67.710    -67.770    -28.681    -28.341    -28.643    -28.181
    -54.000    -30.686    -30.347    -30.648    -30.189     -0.339     -0.460    -69.710    -69.770    -30.686    -30.347    -30.649    -30.189
    -56.000    -32.706    -32.367    -32.668    -32.208     -0.339     -0.460    -71.710    -71.770    -32.707    -32.368    -32.668    -32.208
    -58.000    -34.660    -34.323    -34.621    -34.160     -0.337     -0.461    -73.710    -73.770    -34.660    -34.323    -34.621    -34.161
    -60.000    -36.685    -36.345    -36.645    -36.185     -0.340     -0.460    -75.710    -75.770    -36.685    -36.345    -36.646    -36.186
    -62.000    -38.704    -38.367    -38.663    -38.202     -0.337     -0.460    -77.710    -77.770    -38.705    -38.368    -38.663    -38.203
    -64.000    -40.653    -40.320    -40.608    -40.148     -0.333     -0.461    -79.710    -79.770    -40.654    -40.321    -40.609    -40.149
    -66.000    -42.672    -42.341    -42.625    -42.171     -0.331     -0.454    -81.710    -81.770    -42.674    -42.343    -42.627    -42.173
    -68.000    -44.637    -44.302    -44.586    -44.130     -0.335     -0.456    -83.710    -83.770    -44.640    -44.305    -44.589    -44.133
    -70.000    -46.650    -46.315    -46.606    -46.150     -0.335     -0.456    -85.710    -85.770    -46.654    -46.320    -46.611    -46.155
    -72.000    -48.660    -48.324    -48.622    -48.161     -0.336     -0.462    -87.710    -87.770    -48.667    -48.331    -48.629    -48.168
    -74.000    -50.627    -50.289    -50.594    -50.129     -0.338     -0.465    -89.710    -89.770    -50.638    -50.300    -50.605    -50.140
    -76.000    -52.630    -52.293    -52.602    -52.139     -0.337     -0.464    -91.710    -91.770    -52.648    -52.310    -52.620    -52.156
    -78.000    -54.572    -54.230    -54.542    -54.080     -0.342     -0.462    -93.710    -93.770    -54.600    -54.258    -54.570    -54.108
    -80.000    -56.576    -56.236    -56.547    -56.086     -0.340     -0.462    -95.710    -95.770    -56.619    -56.280    -56.591    -56.129
    -82.000    -58.523    -58.171    -58.491    -58.032     -0.352     -0.459    -97.710    -97.770    -58.592    -58.239    -58.559    -58.100
    -84.000    -60.505    -60.160    -60.474    -60.018     -0.345     -0.456    -99.710    -99.770    -60.613    -60.269    -60.581    -60.126
    -86.000    -62.446    -62.096    -62.416    -61.956     -0.350     -0.460   -101.710   -101.770    -62.616    -62.267    -62.585    -62.126
    -88.000    -64.349    -64.004    -64.320    -63.864     -0.345     -0.456   -103.710   -103.770    -64.616    -64.272    -64.585    -64.130
    -90.000    -66.222    -65.877    -66.200    -65.734     -0.345     -0.466   -105.710   -105.770    -66.640    -66.297    -66.616    -66.151
    -92.000    -67.972    -67.633    -67.961    -67.487     -0.339     -0.474   -107.710   -107.770    -68.613    -68.278    -68.601    -68.127
    -94.000    -69.451    -69.108    -69.442    -68.978     -0.343     -0.464   -109.710   -109.770    -70.382    -70.045    -70.371    -69.910
    -96.000    -71.124    -70.797    -71.127    -70.646     -0.328     -0.481   -111.710   -111.770    -72.573    -72.260    -72.577    -72.094
    -98.000    -72.477    -72.150    -72.483    -72.003     -0.327     -0.481   -113.710   -113.770    -74.604    -74.302    -74.616    -74.132
   -100.000    -73.594    -73.260    -73.598    -73.127     -0.334     -0.471   -115.710   -115.770    -76.612    -76.310    -76.622    -76.156
   -102.000    -74.459    -74.121    -74.467    -73.979     -0.338     -0.488   -117.710   -117.770    -78.562    -78.267    -78.588    -78.079
   -104.000    -75.149    -74.796    -75.142    -74.679     -0.353     -0.463   -119.710   -119.770    -80.626    -80.303    -80.605    -80.175
   -106.000    -75.634    -75.285    -75.636    -75.147     -0.350     -0.489   -121.710   -121.770    -82.652    -82.368    -82.668    -82.127
   -108.000    -75.960    -75.602    -75.971    -75.487     -0.358     -0.483   -123.710   -123.770    -84.613    -84.306    -84.708    -84.172
   -110.000    -76.192    -75.830    -76.208    -75.713     -0.362     -0.495   -125.710   -125.770    -86.703    -86.381    -86.905    -86.202
   -112.000    -76.327    -75.970    -76.325    -75.862     -0.357     -0.464   -127.710   -127.770    -88.539    -88.318    -88.542    -88.266
   -114.000    -76.426    -76.061    -76.430    -75.937     -0.365     -0.493   -129.710   -129.770    -90.565    -90.209    -90.746    -89.806
   -116.000    -76.490    -76.130    -76.478    -76.019     -0.360     -0.460   -131.710   -131.770    -92.637    -92.502    -92.268    -92.431
   -118.000    -76.528    -76.191    -76.539    -76.062     -0.337     -0.477   -133.710   -133.770    -94.573    -96.591    -95.506    -94.920
   -120.000    -76.564    -76.205    -76.576    -76.097     -0.359     -0.479   -135.710   -135.770    -97.832    -98.465   -100.448    -99.070
   -122.000    -76.583    -76.199    -76.559    -76.101     -0.384     -0.458   -137.710   -137.770   -101.520    -97.516    -97.447    -99.970
   -124.000    -76.582    -76.219    -76.587    -76.113     -0.363     -0.474   -139.710   -139.770   -101.278   -101.889   -104.553   -105.045
   -126.000    -76.600    -76.240    -76.598    -76.110     -0.360     -0.488   -141.710   -141.770   -101.278   -101.889   -104.553   -103.119
   -128.000    -76.600    -76.231    -76.588    -76.120     -0.368     -0.468   -143.710   -143.770   -101.278   -101.889   -104.553   -103.119
   -130.000    -76.607    -76.242    -76.596    -76.127     -0.365     -0.469   -145.710   -145.770   -101.278   -101.889   -104.553   -103.119
   -132.000    -76.595    -76.245    -76.617    -76.135     -0.350     -0.481   -147.710   -147.770   -101.278   -101.889   -104.553   -103.119
   -134.000    -76.604    -76.239    -76.615    -76.128     -0.365     -0.487   -149.710   -149.770   -101.278   -101.889   -104.553   -103.119
   -136.000    -76.625    -76.237    -76.604    -76.122     -0.388     -0.482   -151.710   -151.770   -101.278   -101.889   -104.553   -103.119
   -138.000    -76.607    -76.229    -76.600    -76.126     -0.378     -0.474   -153.710   -153.770   -101.278   -101.889   -104.553   -103.119
   -140.000    -76.596    -76.255    -76.596    -76.128     -0.342     -0.468   -155.710   -155.770   -101.278   -101.889   -104.553   -103.119
