     20.000      8.065      7.978   -999.900   -999.900      0.088      0.000    -23.500    -23.300      8.065      7.978   -999.900   -999.900
     17.000      8.066      7.978   -999.900   -999.900      0.088      0.000    -26.500    -26.300      8.066      7.978   -999.900   -999.900
     14.000      8.037      7.927   -999.900   -999.900      0.110      0.000    -29.500    -29.300      8.037      7.927   -999.900   -999.900
     11.000      6.202      5.851   -999.900   -999.900      0.351      0.000    -32.500    -32.300      6.202      5.851   -999.900   -999.900
      8.000      3.564      3.232   -999.900   -999.900      0.332      0.000    -35.500    -35.300      3.564      3.232   -999.900   -999.900
      5.000      0.674      0.364   -999.900   -999.900      0.310      0.000    -38.500    -38.300      0.674      0.364   -999.900   -999.900
      2.000     -2.271     -2.563   -999.900   -999.900      0.292      0.000    -41.500    -41.300     -2.271     -2.563   -999.900   -999.900
     -1.000     -5.257     -5.533   -999.900   -999.900      0.275      0.000    -44.500    -44.300     -5.257     -5.533   -999.900   -999.900
     -4.000     -8.290     -8.556   -999.900   -999.900      0.266      0.000    -47.500    -47.300     -8.290     -8.556   -999.900   -999.900
     -7.000    -11.282    -11.540   -999.900   -999.900      0.258      0.000    -50.500    -50.300    -11.282    -11.540   -999.900   -999.900
    -10.000    -14.313    -14.560   -999.900   -999.900      0.248      0.000    -53.500    -53.300    -14.313    -14.560   -999.900   -999.900
    -13.000    -17.325    -17.566   -999.900   -999.900      0.242      0.000    -56.500    -56.300    -17.325    -17.566   -999.900   -999.900
    -16.000    -20.323    -20.563   -999.900   -999.900      0.240      0.000    -59.500    -59.300    -20.323    -20.563   -999.900   -999.900
    -19.000    -23.325    -23.564   -999.900   -999.900      0.240      0.000    -62.500    -62.300    -23.325    -23.564   -999.900   -999.900
    -22.000    -26.338    -26.579   -999.900   -999.900      0.241      0.000    -65.500    -65.300    -26.338    -26.579   -999.900   -999.900
    -25.000    -29.323    -29.567   -999.900   -999.900      0.245      0.000    -68.500    -68.300    -29.323    -29.567   -999.900   -999.900
    -28.000    -32.329    -32.569   -999.900   -999.900      0.240      0.000    -71.500    -71.300    -32.329    -32.570   -999.900   -999.900
    -31.000    -35.330    -35.571   -999.900   -999.900      0.241      0.000    -74.500    -74.300    -35.331    -35.572   -999.900   -999.900
    -34.000    -38.347    -38.590   -999.900   -999.900      0.243      0.000    -77.500    -77.300    -38.349    -38.592   -999.900   -999.900
    -37.000    -41.336    -41.584   -999.900   -999.900      0.248      0.000    -80.500    -80.300    -41.340    -41.588   -999.900   -999.900
    -40.000    -44.333    -44.592   -999.900   -999.900      0.259      0.000    -83.500    -83.300    -44.340    -44.600   -999.900   -999.900
    -43.000    -47.320    -47.562   -999.900   -999.900      0.242      0.000    -86.500    -86.300    -47.335    -47.579   -999.900   -999.900
    -46.000    -50.325    -50.567   -999.900   -999.900      0.242      0.000    -89.500    -89.300    -50.354    -50.600   -999.900   -999.900
    -49.000    -53.365    -53.607   -999.900   -999.900      0.242      0.000    -92.500    -92.300    -53.424    -53.673   -999.900   -999.900
    -52.000    -56.343    -56.588   -999.900   -999.900      0.245      0.000    -95.500    -95.300    -56.462    -56.721   -999.900   -999.900
    -55.000    -59.316    -59.562   -999.900   -999.900      0.246      0.000    -98.500    -98.300    -59.554    -59.829   -999.900   -999.900
    -58.000    -62.227    -62.453   -999.900   -999.900      0.225      0.000   -101.500   -101.300    -62.706    -62.990   -999.900   -999.900
    -61.000    -64.776    -65.264   -999.900   -999.900      0.487      0.000   -104.500   -104.300    -65.679    -66.355   -999.900   -999.900
    -64.000    -67.751    -67.963   -999.900   -999.900      0.212      0.000   -107.500   -107.300    -69.773    -70.279   -999.900   -999.900
    -67.000    -70.198    -70.386   -999.900   -999.900      0.188      0.000   -110.500   -110.300    -74.808    -75.950   -999.900   -999.900
    -70.000    -72.319    -72.456   -999.900   -999.900      0.137      0.000   -113.500   -113.300    -74.808    -75.950   -999.900   -999.900
    -73.000    -73.986    -74.118   -999.900   -999.900      0.132      0.000   -116.500   -116.300    -74.808    -75.950   -999.900   -999.900
    -76.000    -74.998    -75.193   -999.900   -999.900      0.195      0.000   -119.500   -119.300    -74.808    -75.950   -999.900   -999.900
    -79.000    -75.753    -75.859   -999.900   -999.900      0.106      0.000   -122.500   -122.300    -74.808    -75.950   -999.900   -999.900
    -82.000    -73.885    -75.919   -999.900   -999.900      2.033      0.000   -125.500   -125.300    -74.808    -75.950   -999.900   -999.900
    -85.000    -76.336    -76.310   -999.900   -999.900     -0.026      0.000   -128.500   -128.300    -74.808    -75.950   -999.900   -999.900
    -88.000    -76.391    -76.383   -999.900   -999.900     -0.008      0.000   -131.500   -131.300    -74.808    -75.950   -999.900   -999.900
    -91.000    -76.557    -76.605   -999.900   -999.900      0.048      0.000   -134.500   -134.300    -74.808    -75.950   -999.900   -999.900
    -94.000    -76.554    -76.600   -999.900   -999.900      0.045      0.000   -137.500   -137.300    -74.808    -75.950   -999.900   -999.900
    -97.000    -76.551    -76.659   -999.900   -999.900      0.108      0.000   -140.500   -140.300    -74.808    -75.950   -999.900   -999.900
   -100.000    -66.570    -66.157   -999.900   -999.900     -0.413      0.000   -143.500   -143.300    -74.808    -75.950   -999.900   -999.900
   -103.000    -75.822    -76.445   -999.900   -999.900      0.623      0.000   -146.500   -146.300    -74.808    -75.950   -999.900   -999.900
   -106.000    -76.525    -76.525   -999.900   -999.900      0.001      0.000   -149.500   -149.300    -74.808    -75.950   -999.900   -999.900
   -109.000    -76.591    -76.636   -999.900   -999.900      0.045      0.000   -152.500   -152.300    -74.808    -75.950   -999.900   -999.900
   -112.000    -76.618    -76.671   -999.900   -999.900      0.054      0.000   -155.500   -155.300    -74.808    -75.950   -999.900   -999.900
