     20.000      4.216      4.451   -999.900   -999.900     -0.235      0.000    -23.500    -23.300      4.216      4.451   -999.900   -999.900
     17.000      4.214      4.447   -999.900   -999.900     -0.234      0.000    -26.500    -26.300      4.214      4.447   -999.900   -999.900
     14.000      4.417      4.770   -999.900   -999.900     -0.352      0.000    -29.500    -29.300      4.417      4.770   -999.900   -999.900
     11.000      6.511      6.271   -999.900   -999.900      0.240      0.000    -32.500    -32.300      6.511      6.271   -999.900   -999.900
      8.000      3.864      3.652   -999.900   -999.900      0.212      0.000    -35.500    -35.300      3.864      3.652   -999.900   -999.900
      5.000      0.974      0.786   -999.900   -999.900      0.188      0.000    -38.500    -38.300      0.974      0.786   -999.900   -999.900
      2.000     -1.973     -2.139   -999.900   -999.900      0.167      0.000    -41.500    -41.300     -1.973     -2.139   -999.900   -999.900
     -1.000     -4.958     -5.109   -999.900   -999.900      0.151      0.000    -44.500    -44.300     -4.958     -5.109   -999.900   -999.900
     -4.000     -7.996     -8.136   -999.900   -999.900      0.140      0.000    -47.500    -47.300     -7.996     -8.136   -999.900   -999.900
     -7.000    -10.985    -11.115   -999.900   -999.900      0.131      0.000    -50.500    -50.300    -10.985    -11.115   -999.900   -999.900
    -10.000    -14.007    -14.132   -999.900   -999.900      0.125      0.000    -53.500    -53.300    -14.007    -14.132   -999.900   -999.900
    -13.000    -17.023    -17.139   -999.900   -999.900      0.116      0.000    -56.500    -56.300    -17.023    -17.139   -999.900   -999.900
    -16.000    -20.026    -20.140   -999.900   -999.900      0.113      0.000    -59.500    -59.300    -20.026    -20.140   -999.900   -999.900
    -19.000    -23.025    -23.139   -999.900   -999.900      0.114      0.000    -62.500    -62.300    -23.025    -23.139   -999.900   -999.900
    -22.000    -26.037    -26.152   -999.900   -999.900      0.115      0.000    -65.500    -65.300    -26.037    -26.152   -999.900   -999.900
    -25.000    -29.024    -29.140   -999.900   -999.900      0.117      0.000    -68.500    -68.300    -29.024    -29.141   -999.900   -999.900
    -28.000    -32.024    -32.143   -999.900   -999.900      0.119      0.000    -71.500    -71.300    -32.024    -32.143   -999.900   -999.900
    -31.000    -35.029    -35.142   -999.900   -999.900      0.113      0.000    -74.500    -74.300    -35.029    -35.142   -999.900   -999.900
    -34.000    -38.044    -38.160   -999.900   -999.900      0.115      0.000    -77.500    -77.300    -38.045    -38.160   -999.900   -999.900
    -37.000    -41.037    -41.154   -999.900   -999.900      0.117      0.000    -80.500    -80.300    -41.038    -41.155   -999.900   -999.900
    -40.000    -44.045    -44.169   -999.900   -999.900      0.123      0.000    -83.500    -83.300    -44.047    -44.170   -999.900   -999.900
    -43.000    -47.013    -47.136   -999.900   -999.900      0.122      0.000    -86.500    -86.300    -47.016    -47.139   -999.900   -999.900
    -46.000    -50.030    -50.147   -999.900   -999.900      0.116      0.000    -89.500    -89.300    -50.036    -50.153   -999.900   -999.900
    -49.000    -53.060    -53.176   -999.900   -999.900      0.116      0.000    -92.500    -92.300    -53.071    -53.188   -999.900   -999.900
    -52.000    -56.049    -56.167   -999.900   -999.900      0.118      0.000    -95.500    -95.300    -56.072    -56.192   -999.900   -999.900
    -55.000    -59.058    -59.175   -999.900   -999.900      0.117      0.000    -98.500    -98.300    -59.104    -59.224   -999.900   -999.900
    -58.000    -62.007    -62.122   -999.900   -999.900      0.115      0.000   -101.500   -101.300    -62.100    -62.221   -999.900   -999.900
    -61.000    -64.915    -65.018   -999.900   -999.900      0.103      0.000   -104.500   -104.300    -65.098    -65.212   -999.900   -999.900
    -64.000    -67.718    -67.810   -999.900   -999.900      0.092      0.000   -107.500   -107.300    -68.075    -68.187   -999.900   -999.900
    -67.000    -70.400    -70.465   -999.900   -999.900      0.065      0.000   -110.500   -110.300    -71.086    -71.187   -999.900   -999.900
    -70.000    -72.792    -72.881   -999.900   -999.900      0.089      0.000   -113.500   -113.300    -74.061    -74.229   -999.900   -999.900
    -73.000    -74.878    -74.857   -999.900   -999.900     -0.021      0.000   -116.500   -116.300    -77.166    -77.228   -999.900   -999.900
    -76.000    -76.381    -76.369   -999.900   -999.900     -0.013      0.000   -119.500   -119.300    -80.138    -80.303   -999.900   -999.900
    -79.000    -77.413    -77.339   -999.900   -999.900     -0.075      0.000   -122.500   -122.300    -83.169    -83.272   -999.900   -999.900
    -82.000    -78.004    -77.981   -999.900   -999.900     -0.023      0.000   -125.500   -125.300    -86.000    -86.636   -999.900   -999.900
    -85.000    -78.337    -78.215   -999.900   -999.900     -0.122      0.000   -128.500   -128.300    -88.720    -88.752   -999.900   -999.900
    -88.000    -78.552    -78.472   -999.900   -999.900     -0.080      0.000   -131.500   -131.300    -91.965    -93.300   -999.900   -999.900
    -91.000    -78.673    -78.572   -999.900   -999.900     -0.101      0.000   -134.500   -134.300    -96.009    -98.415   -999.900   -999.900
    -94.000    -78.712    -78.607   -999.900   -999.900     -0.106      0.000   -137.500   -137.300    -98.882   -104.763   -999.900   -999.900
    -97.000    -78.739    -78.626   -999.900   -999.900     -0.114      0.000   -140.500   -140.300   -103.335   -104.763   -999.900   -999.900
   -100.000    -78.692    -78.538   -999.900   -999.900     -0.154      0.000   -143.500   -143.300    -97.166   -104.763   -999.900   -999.900
   -103.000    -78.785    -78.671   -999.900   -999.900     -0.114      0.000   -146.500   -146.300    -97.166   -104.763   -999.900   -999.900
   -106.000    -78.766    -78.660   -999.900   -999.900     -0.106      0.000   -149.500   -149.300    -97.166   -104.763   -999.900   -999.900
   -109.000    -78.787    -78.666   -999.900   -999.900     -0.121      0.000   -152.500   -152.300    -97.166   -104.763   -999.900   -999.900
   -112.000    -78.742    -78.553   -999.900   -999.900     -0.190      0.000   -155.500   -155.300    -97.166   -104.763   -999.900   -999.900
