     20.000      4.911      5.468   -999.900   -999.900     -0.557      0.000    -23.500    -23.300      4.911      5.468   -999.900   -999.900
     17.000      4.911      5.468   -999.900   -999.900     -0.558      0.000    -26.500    -26.300      4.911      5.468   -999.900   -999.900
     14.000      4.814      5.411   -999.900   -999.900     -0.597      0.000    -29.500    -29.300      4.814      5.411   -999.900   -999.900
     11.000      2.176      3.353   -999.900   -999.900     -1.177      0.000    -32.500    -32.300      2.176      3.353   -999.900   -999.900
      8.000     -0.601      0.742   -999.900   -999.900     -1.342      0.000    -35.500    -35.300     -0.601      0.742   -999.900   -999.900
      5.000     -3.534     -2.124   -999.900   -999.900     -1.410      0.000    -38.500    -38.300     -3.534     -2.124   -999.900   -999.900
      2.000     -6.499     -5.048   -999.900   -999.900     -1.451      0.000    -41.500    -41.300     -6.499     -5.048   -999.900   -999.900
     -1.000     -9.490     -8.016   -999.900   -999.900     -1.475      0.000    -44.500    -44.300     -9.490     -8.016   -999.900   -999.900
     -4.000    -12.521    -11.032   -999.900   -999.900     -1.489      0.000    -47.500    -47.300    -12.521    -11.032   -999.900   -999.900
     -7.000    -15.520    -14.015   -999.900   -999.900     -1.505      0.000    -50.500    -50.300    -15.520    -14.015   -999.900   -999.900
    -10.000    -18.547    -17.032   -999.900   -999.900     -1.515      0.000    -53.500    -53.300    -18.547    -17.032   -999.900   -999.900
    -13.000    -21.549    -20.036   -999.900   -999.900     -1.514      0.000    -56.500    -56.300    -21.549    -20.036   -999.900   -999.900
    -16.000    -24.547    -23.031   -999.900   -999.900     -1.515      0.000    -59.500    -59.300    -24.547    -23.031   -999.900   -999.900
    -19.000    -27.547    -26.031   -999.900   -999.900     -1.516      0.000    -62.500    -62.300    -27.547    -26.031   -999.900   -999.900
    -22.000    -30.558    -29.044   -999.900   -999.900     -1.513      0.000    -65.500    -65.300    -30.558    -29.044   -999.900   -999.900
    -25.000    -33.542    -32.031   -999.900   -999.900     -1.510      0.000    -68.500    -68.300    -33.542    -32.031   -999.900   -999.900
    -28.000    -36.549    -35.031   -999.900   -999.900     -1.518      0.000    -71.500    -71.300    -36.549    -35.031   -999.900   -999.900
    -31.000    -39.548    -38.031   -999.900   -999.900     -1.517      0.000    -74.500    -74.300    -39.549    -38.032   -999.900   -999.900
    -34.000    -42.562    -41.049   -999.900   -999.900     -1.513      0.000    -77.500    -77.300    -42.562    -41.049   -999.900   -999.900
    -37.000    -45.551    -44.041   -999.900   -999.900     -1.510      0.000    -80.500    -80.300    -45.552    -44.042   -999.900   -999.900
    -40.000    -48.560    -47.049   -999.900   -999.900     -1.511      0.000    -83.500    -83.300    -48.562    -47.051   -999.900   -999.900
    -43.000    -51.533    -50.019   -999.900   -999.900     -1.515      0.000    -86.500    -86.300    -51.537    -50.022   -999.900   -999.900
    -46.000    -54.547    -53.023   -999.900   -999.900     -1.524      0.000    -89.500    -89.300    -54.554    -53.029   -999.900   -999.900
    -49.000    -57.586    -56.065   -999.900   -999.900     -1.521      0.000    -92.500    -92.300    -57.600    -56.079   -999.900   -999.900
    -52.000    -60.567    -59.056   -999.900   -999.900     -1.512      0.000    -95.500    -95.300    -60.595    -59.083   -999.900   -999.900
    -55.000    -63.550    -62.048   -999.900   -999.900     -1.502      0.000    -98.500    -98.300    -63.606    -62.102   -999.900   -999.900
    -58.000    -66.477    -64.967   -999.900   -999.900     -1.510      0.000   -101.500   -101.300    -66.587    -65.073   -999.900   -999.900
    -61.000    -69.387    -67.861   -999.900   -999.900     -1.526      0.000   -104.500   -104.300    -69.606    -68.071   -999.900   -999.900
    -64.000    -72.167    -70.644   -999.900   -999.900     -1.523      0.000   -107.500   -107.300    -72.591    -71.052   -999.900   -999.900
    -67.000    -74.793    -73.270   -999.900   -999.900     -1.523      0.000   -110.500   -110.300    -75.603    -74.050   -999.900   -999.900
    -70.000    -77.131    -75.631   -999.900   -999.900     -1.500      0.000   -113.500   -113.300    -78.628    -77.076   -999.900   -999.900
    -73.000    -79.024    -77.571   -999.900   -999.900     -1.453      0.000   -116.500   -116.300    -81.627    -80.108   -999.900   -999.900
    -76.000    -80.391    -78.952   -999.900   -999.900     -1.439      0.000   -119.500   -119.300    -84.566    -83.020   -999.900   -999.900
    -79.000    -81.267    -79.869   -999.900   -999.900     -1.398      0.000   -122.500   -122.300    -87.388    -85.908   -999.900   -999.900
    -82.000    -81.808    -80.425   -999.900   -999.900     -1.383      0.000   -125.500   -125.300    -90.223    -88.769   -999.900   -999.900
    -85.000    -82.179    -80.774   -999.900   -999.900     -1.405      0.000   -128.500   -128.300    -93.870    -92.029   -999.900   -999.900
    -88.000    -82.347    -80.962   -999.900   -999.900     -1.386      0.000   -131.500   -131.300    -97.445    -95.636   -999.900   -999.900
    -91.000    -82.417    -81.056   -999.900   -999.900     -1.361      0.000   -134.500   -134.300   -100.574    -99.967   -999.900   -999.900
    -94.000    -82.411    -81.030   -999.900   -999.900     -1.381      0.000   -137.500   -137.300   -100.189    -98.309   -999.900   -999.900
    -97.000    -82.397    -81.040   -999.900   -999.900     -1.357      0.000   -140.500   -140.300    -99.446    -98.862   -999.900   -999.900
   -100.000    -82.486    -81.102   -999.900   -999.900     -1.384      0.000   -143.500   -143.300    -99.446   -107.237   -999.900   -999.900
   -103.000    -82.492    -81.121   -999.900   -999.900     -1.370      0.000   -146.500   -146.300    -99.446   -107.237   -999.900   -999.900
   -106.000    -82.505    -81.127   -999.900   -999.900     -1.377      0.000   -149.500   -149.300    -99.446   -107.237   -999.900   -999.900
   -109.000    -82.492    -81.136   -999.900   -999.900     -1.356      0.000   -152.500   -152.300    -99.446   -107.237   -999.900   -999.900
   -112.000    -82.445    -81.076   -999.900   -999.900     -1.369      0.000   -155.500   -155.300    -99.446   -107.237   -999.900   -999.900
