     20.000      5.186      5.370   -999.900   -999.900     -0.184      0.000    -23.500    -23.300      5.186      5.370   -999.900   -999.900
     17.000      5.185      5.370   -999.900   -999.900     -0.185      0.000    -26.500    -26.300      5.185      5.370   -999.900   -999.900
     14.000      5.122      5.304   -999.900   -999.900     -0.182      0.000    -29.500    -29.300      5.122      5.304   -999.900   -999.900
     11.000      2.848      3.132   -999.900   -999.900     -0.284      0.000    -32.500    -32.300      2.848      3.132   -999.900   -999.900
      8.000      0.137      0.494   -999.900   -999.900     -0.357      0.000    -35.500    -35.300      0.137      0.494   -999.900   -999.900
      5.000     -2.771     -2.379   -999.900   -999.900     -0.393      0.000    -38.500    -38.300     -2.771     -2.379   -999.900   -999.900
      2.000     -5.723     -5.305   -999.900   -999.900     -0.418      0.000    -41.500    -41.300     -5.723     -5.305   -999.900   -999.900
     -1.000     -8.710     -8.274   -999.900   -999.900     -0.436      0.000    -44.500    -44.300     -8.710     -8.274   -999.900   -999.900
     -4.000    -11.736    -11.289   -999.900   -999.900     -0.447      0.000    -47.500    -47.300    -11.736    -11.289   -999.900   -999.900
     -7.000    -14.729    -14.271   -999.900   -999.900     -0.458      0.000    -50.500    -50.300    -14.729    -14.271   -999.900   -999.900
    -10.000    -17.754    -17.284   -999.900   -999.900     -0.470      0.000    -53.500    -53.300    -17.754    -17.284   -999.900   -999.900
    -13.000    -20.757    -20.285   -999.900   -999.900     -0.472      0.000    -56.500    -56.300    -20.757    -20.285   -999.900   -999.900
    -16.000    -23.750    -23.279   -999.900   -999.900     -0.471      0.000    -59.500    -59.300    -23.750    -23.279   -999.900   -999.900
    -19.000    -26.745    -26.276   -999.900   -999.900     -0.469      0.000    -62.500    -62.300    -26.745    -26.276   -999.900   -999.900
    -22.000    -29.755    -29.288   -999.900   -999.900     -0.467      0.000    -65.500    -65.300    -29.755    -29.288   -999.900   -999.900
    -25.000    -32.736    -32.271   -999.900   -999.900     -0.465      0.000    -68.500    -68.300    -32.736    -32.271   -999.900   -999.900
    -28.000    -35.739    -35.268   -999.900   -999.900     -0.471      0.000    -71.500    -71.300    -35.739    -35.268   -999.900   -999.900
    -31.000    -38.737    -38.269   -999.900   -999.900     -0.469      0.000    -74.500    -74.300    -38.738    -38.269   -999.900   -999.900
    -34.000    -41.749    -41.284   -999.900   -999.900     -0.465      0.000    -77.500    -77.300    -41.750    -41.284   -999.900   -999.900
    -37.000    -44.738    -44.276   -999.900   -999.900     -0.462      0.000    -80.500    -80.300    -44.739    -44.277   -999.900   -999.900
    -40.000    -47.742    -47.280   -999.900   -999.900     -0.462      0.000    -83.500    -83.300    -47.743    -47.282   -999.900   -999.900
    -43.000    -50.716    -50.247   -999.900   -999.900     -0.469      0.000    -86.500    -86.300    -50.720    -50.251   -999.900   -999.900
    -46.000    -53.722    -53.254   -999.900   -999.900     -0.469      0.000    -89.500    -89.300    -53.729    -53.260   -999.900   -999.900
    -49.000    -56.762    -56.289   -999.900   -999.900     -0.472      0.000    -92.500    -92.300    -56.775    -56.303   -999.900   -999.900
    -52.000    -59.745    -59.280   -999.900   -999.900     -0.464      0.000    -95.500    -95.300    -59.772    -59.308   -999.900   -999.900
    -55.000    -62.739    -62.274   -999.900   -999.900     -0.464      0.000    -98.500    -98.300    -62.794    -62.330   -999.900   -999.900
    -58.000    -65.662    -65.184   -999.900   -999.900     -0.478      0.000   -101.500   -101.300    -65.770    -65.294   -999.900   -999.900
    -61.000    -68.565    -68.072   -999.900   -999.900     -0.493      0.000   -104.500   -104.300    -68.779    -68.288   -999.900   -999.900
    -64.000    -71.341    -70.847   -999.900   -999.900     -0.495      0.000   -107.500   -107.300    -71.756    -71.266   -999.900   -999.900
    -67.000    -73.962    -73.470   -999.900   -999.900     -0.492      0.000   -110.500   -110.300    -74.754    -74.270   -999.900   -999.900
    -70.000    -76.308    -75.803   -999.900   -999.900     -0.505      0.000   -113.500   -113.300    -77.770    -77.278   -999.900   -999.900
    -73.000    -78.247    -77.717   -999.900   -999.900     -0.530      0.000   -116.500   -116.300    -80.818    -80.292   -999.900   -999.900
    -76.000    -79.632    -79.113   -999.900   -999.900     -0.520      0.000   -119.500   -119.300    -83.774    -83.278   -999.900   -999.900
    -79.000    -80.573    -80.034   -999.900   -999.900     -0.538      0.000   -122.500   -122.300    -86.830    -86.279   -999.900   -999.900
    -82.000    -81.130    -80.573   -999.900   -999.900     -0.557      0.000   -125.500   -125.300    -89.916    -89.211   -999.900   -999.900
    -85.000    -81.420    -80.892   -999.900   -999.900     -0.528      0.000   -128.500   -128.300    -92.826    -92.378   -999.900   -999.900
    -88.000    -81.581    -81.054   -999.900   -999.900     -0.527      0.000   -131.500   -131.300    -95.858    -95.518   -999.900   -999.900
    -91.000    -81.675    -81.145   -999.900   -999.900     -0.530      0.000   -134.500   -134.300    -99.594    -99.335   -999.900   -999.900
    -94.000    -81.713    -81.170   -999.900   -999.900     -0.542      0.000   -137.500   -137.300   -102.891   -101.402   -999.900   -999.900
    -97.000    -81.706    -81.200   -999.900   -999.900     -0.507      0.000   -140.500   -140.300   -102.113   -106.742   -999.900   -999.900
   -100.000    -81.758    -81.205   -999.900   -999.900     -0.554      0.000   -143.500   -143.300   -102.113   -108.987   -999.900   -999.900
   -103.000    -81.741    -81.208   -999.900   -999.900     -0.532      0.000   -146.500   -146.300   -102.113   -112.364   -999.900   -999.900
   -106.000    -81.730    -81.207   -999.900   -999.900     -0.524      0.000   -149.500   -149.300   -102.113   -110.577   -999.900   -999.900
   -109.000    -81.755    -81.208   -999.900   -999.900     -0.547      0.000   -152.500   -152.300   -102.113   -112.218   -999.900   -999.900
   -112.000    -81.745    -81.231   -999.900   -999.900     -0.514      0.000   -155.500   -155.300   -102.113   -112.218   -999.900   -999.900
