     20.000      5.360      5.429   -999.900   -999.900     -0.069      0.000    -23.500    -23.300      5.360      5.429   -999.900   -999.900
     17.000      5.361      5.429   -999.900   -999.900     -0.069      0.000    -26.500    -26.300      5.361      5.429   -999.900   -999.900
     14.000      5.317      5.368   -999.900   -999.900     -0.051      0.000    -29.500    -29.300      5.317      5.368   -999.900   -999.900
     11.000      3.375      3.267   -999.900   -999.900      0.109      0.000    -32.500    -32.300      3.375      3.267   -999.900   -999.900
      8.000      0.723      0.644   -999.900   -999.900      0.079      0.000    -35.500    -35.300      0.723      0.644   -999.900   -999.900
      5.000     -2.167     -2.225   -999.900   -999.900      0.057      0.000    -38.500    -38.300     -2.167     -2.225   -999.900   -999.900
      2.000     -5.114     -5.150   -999.900   -999.900      0.035      0.000    -41.500    -41.300     -5.114     -5.150   -999.900   -999.900
     -1.000     -8.100     -8.119   -999.900   -999.900      0.019      0.000    -44.500    -44.300     -8.100     -8.119   -999.900   -999.900
     -4.000    -11.134    -11.142   -999.900   -999.900      0.008      0.000    -47.500    -47.300    -11.134    -11.142   -999.900   -999.900
     -7.000    -14.124    -14.124   -999.900   -999.900     -0.000      0.000    -50.500    -50.300    -14.124    -14.124   -999.900   -999.900
    -10.000    -17.151    -17.141   -999.900   -999.900     -0.011      0.000    -53.500    -53.300    -17.151    -17.141   -999.900   -999.900
    -13.000    -20.162    -20.145   -999.900   -999.900     -0.017      0.000    -56.500    -56.300    -20.162    -20.145   -999.900   -999.900
    -16.000    -23.158    -23.141   -999.900   -999.900     -0.017      0.000    -59.500    -59.300    -23.158    -23.141   -999.900   -999.900
    -19.000    -26.158    -26.140   -999.900   -999.900     -0.018      0.000    -62.500    -62.300    -26.158    -26.140   -999.900   -999.900
    -22.000    -29.169    -29.153   -999.900   -999.900     -0.015      0.000    -65.500    -65.300    -29.169    -29.153   -999.900   -999.900
    -25.000    -32.152    -32.140   -999.900   -999.900     -0.012      0.000    -68.500    -68.300    -32.152    -32.140   -999.900   -999.900
    -28.000    -35.157    -35.139   -999.900   -999.900     -0.019      0.000    -71.500    -71.300    -35.157    -35.139   -999.900   -999.900
    -31.000    -38.157    -38.140   -999.900   -999.900     -0.017      0.000    -74.500    -74.300    -38.157    -38.141   -999.900   -999.900
    -34.000    -41.170    -41.159   -999.900   -999.900     -0.011      0.000    -77.500    -77.300    -41.170    -41.159   -999.900   -999.900
    -37.000    -44.158    -44.152   -999.900   -999.900     -0.006      0.000    -80.500    -80.300    -44.158    -44.153   -999.900   -999.900
    -40.000    -47.165    -47.159   -999.900   -999.900     -0.006      0.000    -83.500    -83.300    -47.167    -47.161   -999.900   -999.900
    -43.000    -50.141    -50.126   -999.900   -999.900     -0.015      0.000    -86.500    -86.300    -50.144    -50.129   -999.900   -999.900
    -46.000    -53.145    -53.134   -999.900   -999.900     -0.011      0.000    -89.500    -89.300    -53.152    -53.141   -999.900   -999.900
    -49.000    -56.185    -56.176   -999.900   -999.900     -0.009      0.000    -92.500    -92.300    -56.198    -56.190   -999.900   -999.900
    -52.000    -59.168    -59.166   -999.900   -999.900     -0.003      0.000    -95.500    -95.300    -59.195    -59.193   -999.900   -999.900
    -55.000    -62.164    -62.155   -999.900   -999.900     -0.009      0.000    -98.500    -98.300    -62.217    -62.210   -999.900   -999.900
    -58.000    -65.087    -65.074   -999.900   -999.900     -0.012      0.000   -101.500   -101.300    -65.191    -65.183   -999.900   -999.900
    -61.000    -67.998    -67.967   -999.900   -999.900     -0.031      0.000   -104.500   -104.300    -68.204    -68.181   -999.900   -999.900
    -64.000    -70.771    -70.742   -999.900   -999.900     -0.029      0.000   -107.500   -107.300    -71.169    -71.156   -999.900   -999.900
    -67.000    -73.418    -73.369   -999.900   -999.900     -0.049      0.000   -110.500   -110.300    -74.181    -74.161   -999.900   -999.900
    -70.000    -75.785    -75.711   -999.900   -999.900     -0.075      0.000   -113.500   -113.300    -77.199    -77.173   -999.900   -999.900
    -73.000    -77.741    -77.636   -999.900   -999.900     -0.105      0.000   -116.500   -116.300    -80.228    -80.196   -999.900   -999.900
    -76.000    -79.173    -79.062   -999.900   -999.900     -0.112      0.000   -119.500   -119.300    -83.222    -83.247   -999.900   -999.900
    -79.000    -80.153    -79.976   -999.900   -999.900     -0.178      0.000   -122.500   -122.300    -86.348    -86.234   -999.900   -999.900
    -82.000    -80.695    -80.491   -999.900   -999.900     -0.204      0.000   -125.500   -125.300    -89.259    -89.016   -999.900   -999.900
    -85.000    -81.013    -80.781   -999.900   -999.900     -0.232      0.000   -128.500   -128.300    -92.332    -91.692   -999.900   -999.900
    -88.000    -81.179    -80.983   -999.900   -999.900     -0.195      0.000   -131.500   -131.300    -95.396    -95.263   -999.900   -999.900
    -91.000    -81.272    -81.075   -999.900   -999.900     -0.197      0.000   -134.500   -134.300    -98.977    -98.834   -999.900   -999.900
    -94.000    -81.323    -81.118   -999.900   -999.900     -0.204      0.000   -137.500   -137.300   -104.027   -102.753   -999.900   -999.900
    -97.000    -81.349    -81.087   -999.900   -999.900     -0.262      0.000   -140.500   -140.300   -104.027    -99.587   -999.900   -999.900
   -100.000    -81.322    -81.115   -999.900   -999.900     -0.207      0.000   -143.500   -143.300   -104.027   -102.276   -999.900   -999.900
   -103.000    -81.343    -81.137   -999.900   -999.900     -0.207      0.000   -146.500   -146.300   -104.027   -106.900   -999.900   -999.900
   -106.000    -81.371    -81.162   -999.900   -999.900     -0.209      0.000   -149.500   -149.300   -104.027   -106.900   -999.900   -999.900
   -109.000    -81.349    -81.161   -999.900   -999.900     -0.188      0.000   -152.500   -152.300   -104.027   -106.900   -999.900   -999.900
   -112.000    -81.346    -81.167   -999.900   -999.900     -0.179      0.000   -155.500   -155.300   -104.027   -106.900   -999.900   -999.900
