     20.000      8.025      7.932   -999.900   -999.900      0.093      0.000    -23.500    -23.300      8.025      7.932   -999.900   -999.900
     17.000      8.025      7.932   -999.900   -999.900      0.093      0.000    -26.500    -26.300      8.025      7.932   -999.900   -999.900
     14.000      7.990      7.871   -999.900   -999.900      0.119      0.000    -29.500    -29.300      7.990      7.871   -999.900   -999.900
     11.000      6.042      5.738   -999.900   -999.900      0.303      0.000    -32.500    -32.300      6.042      5.738   -999.900   -999.900
      8.000      3.383      3.107   -999.900   -999.900      0.276      0.000    -35.500    -35.300      3.383      3.107   -999.900   -999.900
      5.000      0.489      0.234   -999.900   -999.900      0.255      0.000    -38.500    -38.300      0.489      0.234   -999.900   -999.900
      2.000     -2.458     -2.693   -999.900   -999.900      0.235      0.000    -41.500    -41.300     -2.458     -2.693   -999.900   -999.900
     -1.000     -5.446     -5.663   -999.900   -999.900      0.218      0.000    -44.500    -44.300     -5.446     -5.663   -999.900   -999.900
     -4.000     -8.480     -8.688   -999.900   -999.900      0.209      0.000    -47.500    -47.300     -8.480     -8.688   -999.900   -999.900
     -7.000    -11.471    -11.672   -999.900   -999.900      0.201      0.000    -50.500    -50.300    -11.471    -11.672   -999.900   -999.900
    -10.000    -14.501    -14.691   -999.900   -999.900      0.190      0.000    -53.500    -53.300    -14.501    -14.691   -999.900   -999.900
    -13.000    -17.512    -17.696   -999.900   -999.900      0.184      0.000    -56.500    -56.300    -17.513    -17.696   -999.900   -999.900
    -16.000    -20.510    -20.692   -999.900   -999.900      0.182      0.000    -59.500    -59.300    -20.510    -20.692   -999.900   -999.900
    -19.000    -23.509    -23.692   -999.900   -999.900      0.183      0.000    -62.500    -62.300    -23.510    -23.692   -999.900   -999.900
    -22.000    -26.523    -26.707   -999.900   -999.900      0.183      0.000    -65.500    -65.300    -26.524    -26.707   -999.900   -999.900
    -25.000    -29.507    -29.694   -999.900   -999.900      0.187      0.000    -68.500    -68.300    -29.507    -29.694   -999.900   -999.900
    -28.000    -32.512    -32.694   -999.900   -999.900      0.182      0.000    -71.500    -71.300    -32.514    -32.694   -999.900   -999.900
    -31.000    -35.512    -35.697   -999.900   -999.900      0.185      0.000    -74.500    -74.300    -35.515    -35.698   -999.900   -999.900
    -34.000    -38.527    -38.715   -999.900   -999.900      0.188      0.000    -77.500    -77.300    -38.532    -38.716   -999.900   -999.900
    -37.000    -41.515    -41.709   -999.900   -999.900      0.193      0.000    -80.500    -80.300    -41.525    -41.711   -999.900   -999.900
    -40.000    -44.526    -44.718   -999.900   -999.900      0.192      0.000    -83.500    -83.300    -44.546    -44.723   -999.900   -999.900
    -43.000    -47.499    -47.687   -999.900   -999.900      0.189      0.000    -86.500    -86.300    -47.538    -47.696   -999.900   -999.900
    -46.000    -50.502    -50.695   -999.900   -999.900      0.193      0.000    -89.500    -89.300    -50.580    -50.712   -999.900   -999.900
    -49.000    -53.540    -53.736   -999.900   -999.900      0.196      0.000    -92.500    -92.300    -53.699    -53.770   -999.900   -999.900
    -52.000    -56.516    -56.716   -999.900   -999.900      0.200      0.000    -95.500    -95.300    -56.837    -56.784   -999.900   -999.900
    -55.000    -59.495    -59.691   -999.900   -999.900      0.196      0.000    -98.500    -98.300    -60.158    -59.828   -999.900   -999.900
    -58.000    -62.089    -62.539   -999.900   -999.900      0.449      0.000   -101.500   -101.300    -63.381    -62.807   -999.900   -999.900
    -61.000    -65.225    -65.407   -999.900   -999.900      0.183      0.000   -104.500   -104.300    -68.499    -65.943   -999.900   -999.900
    -64.000    -67.701    -68.043   -999.900   -999.900      0.342      0.000   -107.500   -107.300    -79.675    -69.082   -999.900   -999.900
    -67.000    -70.307    -70.474   -999.900   -999.900      0.166      0.000   -110.500   -110.300    -79.675    -72.496   -999.900   -999.900
    -70.000    -72.369    -72.546   -999.900   -999.900      0.177      0.000   -113.500   -113.300    -79.675    -76.525   -999.900   -999.900
    -73.000    -73.684    -73.852   -999.900   -999.900      0.168      0.000   -116.500   -116.300    -79.675    -81.077   -999.900   -999.900
    -76.000    -74.913    -75.145   -999.900   -999.900      0.232      0.000   -119.500   -119.300    -79.675    -81.077   -999.900   -999.900
    -79.000    -68.132    -74.556   -999.900   -999.900      6.424      0.000   -122.500   -122.300    -79.675    -81.077   -999.900   -999.900
    -82.000    -75.881    -76.010   -999.900   -999.900      0.129      0.000   -125.500   -125.300    -79.675    -81.077   -999.900   -999.900
    -85.000    -73.515    -75.904   -999.900   -999.900      2.389      0.000   -128.500   -128.300    -79.675    -81.077   -999.900   -999.900
    -88.000    -75.960    -76.172   -999.900   -999.900      0.212      0.000   -131.500   -131.300    -79.675    -81.077   -999.900   -999.900
    -91.000    -76.292    -76.493   -999.900   -999.900      0.201      0.000   -134.500   -134.300    -79.675    -81.077   -999.900   -999.900
    -94.000    -76.143    -76.522   -999.900   -999.900      0.378      0.000   -137.500   -137.300    -79.675    -81.077   -999.900   -999.900
    -97.000    -76.030    -76.372   -999.900   -999.900      0.341      0.000   -140.500   -140.300    -79.675    -81.077   -999.900   -999.900
   -100.000    -63.173    -72.224   -999.900   -999.900      9.051      0.000   -143.500   -143.300    -79.675    -81.077   -999.900   -999.900
   -103.000    -75.153    -75.730   -999.900   -999.900      0.576      0.000   -146.500   -146.300    -79.675    -81.077   -999.900   -999.900
   -106.000    -66.310    -74.488   -999.900   -999.900      8.178      0.000   -149.500   -149.300    -79.675    -81.077   -999.900   -999.900
   -109.000    -76.190    -76.535   -999.900   -999.900      0.345      0.000   -152.500   -152.300    -79.675    -81.077   -999.900   -999.900
   -112.000    -76.024    -76.483   -999.900   -999.900      0.458      0.000   -155.500   -155.300    -79.675    -81.077   -999.900   -999.900
