     20.000      5.279      5.441   -999.900   -999.900     -0.161      0.000    -23.500    -23.300      5.279      5.441   -999.900   -999.900
     17.000      5.278      5.440   -999.900   -999.900     -0.163      0.000    -26.500    -26.300      5.278      5.440   -999.900   -999.900
     14.000      5.222      5.380   -999.900   -999.900     -0.157      0.000    -29.500    -29.300      5.222      5.380   -999.900   -999.900
     11.000      3.050      3.274   -999.900   -999.900     -0.223      0.000    -32.500    -32.300      3.050      3.274   -999.900   -999.900
      8.000      0.351      0.647   -999.900   -999.900     -0.295      0.000    -35.500    -35.300      0.351      0.647   -999.900   -999.900
      5.000     -2.556     -2.224   -999.900   -999.900     -0.332      0.000    -38.500    -38.300     -2.556     -2.224   -999.900   -999.900
      2.000     -5.507     -5.150   -999.900   -999.900     -0.356      0.000    -41.500    -41.300     -5.507     -5.150   -999.900   -999.900
     -1.000     -8.496     -8.121   -999.900   -999.900     -0.376      0.000    -44.500    -44.300     -8.496     -8.121   -999.900   -999.900
     -4.000    -11.526    -11.139   -999.900   -999.900     -0.387      0.000    -47.500    -47.300    -11.526    -11.139   -999.900   -999.900
     -7.000    -14.520    -14.123   -999.900   -999.900     -0.398      0.000    -50.500    -50.300    -14.520    -14.123   -999.900   -999.900
    -10.000    -17.551    -17.141   -999.900   -999.900     -0.410      0.000    -53.500    -53.300    -17.551    -17.141   -999.900   -999.900
    -13.000    -20.558    -20.146   -999.900   -999.900     -0.412      0.000    -56.500    -56.300    -20.558    -20.146   -999.900   -999.900
    -16.000    -23.554    -23.142   -999.900   -999.900     -0.412      0.000    -59.500    -59.300    -23.554    -23.142   -999.900   -999.900
    -19.000    -26.555    -26.142   -999.900   -999.900     -0.413      0.000    -62.500    -62.300    -26.555    -26.142   -999.900   -999.900
    -22.000    -29.567    -29.157   -999.900   -999.900     -0.410      0.000    -65.500    -65.300    -29.567    -29.157   -999.900   -999.900
    -25.000    -32.552    -32.144   -999.900   -999.900     -0.408      0.000    -68.500    -68.300    -32.552    -32.144   -999.900   -999.900
    -28.000    -35.560    -35.145   -999.900   -999.900     -0.415      0.000    -71.500    -71.300    -35.560    -35.145   -999.900   -999.900
    -31.000    -38.558    -38.146   -999.900   -999.900     -0.412      0.000    -74.500    -74.300    -38.558    -38.147   -999.900   -999.900
    -34.000    -41.572    -41.165   -999.900   -999.900     -0.407      0.000    -77.500    -77.300    -41.572    -41.165   -999.900   -999.900
    -37.000    -44.562    -44.159   -999.900   -999.900     -0.403      0.000    -80.500    -80.300    -44.562    -44.160   -999.900   -999.900
    -40.000    -47.571    -47.168   -999.900   -999.900     -0.403      0.000    -83.500    -83.300    -47.573    -47.170   -999.900   -999.900
    -43.000    -50.547    -50.138   -999.900   -999.900     -0.409      0.000    -86.500    -86.300    -50.550    -50.141   -999.900   -999.900
    -46.000    -53.550    -53.146   -999.900   -999.900     -0.404      0.000    -89.500    -89.300    -53.557    -53.154   -999.900   -999.900
    -49.000    -56.588    -56.189   -999.900   -999.900     -0.400      0.000    -92.500    -92.300    -56.602    -56.204   -999.900   -999.900
    -52.000    -59.573    -59.178   -999.900   -999.900     -0.394      0.000    -95.500    -95.300    -59.601    -59.208   -999.900   -999.900
    -55.000    -62.563    -62.169   -999.900   -999.900     -0.394      0.000    -98.500    -98.300    -62.619    -62.228   -999.900   -999.900
    -58.000    -65.491    -65.086   -999.900   -999.900     -0.405      0.000   -101.500   -101.300    -65.602    -65.203   -999.900   -999.900
    -61.000    -68.376    -67.958   -999.900   -999.900     -0.418      0.000   -104.500   -104.300    -68.595    -68.188   -999.900   -999.900
    -64.000    -71.164    -70.728   -999.900   -999.900     -0.436      0.000   -107.500   -107.300    -71.589    -71.174   -999.900   -999.900
    -67.000    -73.805    -73.370   -999.900   -999.900     -0.435      0.000   -110.500   -110.300    -74.622    -74.228   -999.900   -999.900
    -70.000    -76.148    -75.685   -999.900   -999.900     -0.464      0.000   -113.500   -113.300    -77.662    -77.268   -999.900   -999.900
    -73.000    -78.071    -77.545   -999.900   -999.900     -0.525      0.000   -116.500   -116.300    -80.732    -80.294   -999.900   -999.900
    -76.000    -79.454    -78.961   -999.900   -999.900     -0.493      0.000   -119.500   -119.300    -83.771    -83.516   -999.900   -999.900
    -79.000    -80.397    -79.877   -999.900   -999.900     -0.521      0.000   -122.500   -122.300    -87.030    -86.915   -999.900   -999.900
    -82.000    -80.954    -80.434   -999.900   -999.900     -0.521      0.000   -125.500   -125.300    -90.538    -90.989   -999.900   -999.900
    -85.000    -80.933    -80.505   -999.900   -999.900     -0.428      0.000   -128.500   -128.300    -90.352    -91.878   -999.900   -999.900
    -88.000    -81.309    -80.730   -999.900   -999.900     -0.579      0.000   -131.500   -131.300    -95.953    -96.997   -999.900   -999.900
    -91.000    -81.495    -80.862   -999.900   -999.900     -0.632      0.000   -134.500   -134.300    -95.953    -96.997   -999.900   -999.900
    -94.000    -81.523    -80.903   -999.900   -999.900     -0.621      0.000   -137.500   -137.300    -95.953    -96.997   -999.900   -999.900
    -97.000    -81.618    -81.025   -999.900   -999.900     -0.593      0.000   -140.500   -140.300    -95.953    -96.997   -999.900   -999.900
   -100.000    -81.611    -81.040   -999.900   -999.900     -0.572      0.000   -143.500   -143.300    -95.953    -96.997   -999.900   -999.900
   -103.000    -81.459    -80.748   -999.900   -999.900     -0.711      0.000   -146.500   -146.300    -95.953    -96.997   -999.900   -999.900
   -106.000    -81.595    -81.061   -999.900   -999.900     -0.534      0.000   -149.500   -149.300    -95.953    -96.997   -999.900   -999.900
   -109.000    -81.250    -80.599   -999.900   -999.900     -0.651      0.000   -152.500   -152.300    -95.953    -96.997   -999.900   -999.900
   -112.000    -81.399    -80.740   -999.900   -999.900     -0.659      0.000   -155.500   -155.300    -95.953    -96.997   -999.900   -999.900
