     20.000      5.263      5.463   -999.900   -999.900     -0.200      0.000    -23.500    -23.300      5.263      5.463   -999.900   -999.900
     17.000      5.262      5.463   -999.900   -999.900     -0.201      0.000    -26.500    -26.300      5.262      5.463   -999.900   -999.900
     14.000      5.203      5.403   -999.900   -999.900     -0.201      0.000    -29.500    -29.300      5.203      5.403   -999.900   -999.900
     11.000      2.993      3.329   -999.900   -999.900     -0.336      0.000    -32.500    -32.300      2.993      3.329   -999.900   -999.900
      8.000      0.292      0.714   -999.900   -999.900     -0.422      0.000    -35.500    -35.300      0.292      0.714   -999.900   -999.900
      5.000     -2.616     -2.152   -999.900   -999.900     -0.463      0.000    -38.500    -38.300     -2.616     -2.152   -999.900   -999.900
      2.000     -5.565     -5.076   -999.900   -999.900     -0.489      0.000    -41.500    -41.300     -5.565     -5.076   -999.900   -999.900
     -1.000     -8.554     -8.045   -999.900   -999.900     -0.509      0.000    -44.500    -44.300     -8.554     -8.045   -999.900   -999.900
     -4.000    -11.589    -11.068   -999.900   -999.900     -0.520      0.000    -47.500    -47.300    -11.589    -11.068   -999.900   -999.900
     -7.000    -14.583    -14.051   -999.900   -999.900     -0.533      0.000    -50.500    -50.300    -14.583    -14.051   -999.900   -999.900
    -10.000    -17.613    -17.069   -999.900   -999.900     -0.544      0.000    -53.500    -53.300    -17.613    -17.069   -999.900   -999.900
    -13.000    -20.621    -20.074   -999.900   -999.900     -0.547      0.000    -56.500    -56.300    -20.621    -20.074   -999.900   -999.900
    -16.000    -23.617    -23.071   -999.900   -999.900     -0.546      0.000    -59.500    -59.300    -23.617    -23.071   -999.900   -999.900
    -19.000    -26.617    -26.070   -999.900   -999.900     -0.547      0.000    -62.500    -62.300    -26.617    -26.071   -999.900   -999.900
    -22.000    -29.629    -29.084   -999.900   -999.900     -0.545      0.000    -65.500    -65.300    -29.630    -29.084   -999.900   -999.900
    -25.000    -32.613    -32.071   -999.900   -999.900     -0.541      0.000    -68.500    -68.300    -32.613    -32.071   -999.900   -999.900
    -28.000    -35.620    -35.072   -999.900   -999.900     -0.548      0.000    -71.500    -71.300    -35.620    -35.072   -999.900   -999.900
    -31.000    -38.619    -38.074   -999.900   -999.900     -0.545      0.000    -74.500    -74.300    -38.619    -38.074   -999.900   -999.900
    -34.000    -41.633    -41.092   -999.900   -999.900     -0.541      0.000    -77.500    -77.300    -41.633    -41.093   -999.900   -999.900
    -37.000    -44.624    -44.086   -999.900   -999.900     -0.538      0.000    -80.500    -80.300    -44.625    -44.086   -999.900   -999.900
    -40.000    -47.632    -47.094   -999.900   -999.900     -0.538      0.000    -83.500    -83.300    -47.634    -47.096   -999.900   -999.900
    -43.000    -50.606    -50.062   -999.900   -999.900     -0.544      0.000    -86.500    -86.300    -50.609    -50.066   -999.900   -999.900
    -46.000    -53.613    -53.072   -999.900   -999.900     -0.541      0.000    -89.500    -89.300    -53.620    -53.079   -999.900   -999.900
    -49.000    -56.652    -56.114   -999.900   -999.900     -0.539      0.000    -92.500    -92.300    -56.666    -56.127   -999.900   -999.900
    -52.000    -59.635    -59.104   -999.900   -999.900     -0.531      0.000    -95.500    -95.300    -59.662    -59.131   -999.900   -999.900
    -55.000    -62.627    -62.097   -999.900   -999.900     -0.531      0.000    -98.500    -98.300    -62.681    -62.151   -999.900   -999.900
    -58.000    -65.562    -65.015   -999.900   -999.900     -0.548      0.000   -101.500   -101.300    -65.668    -65.122   -999.900   -999.900
    -61.000    -68.468    -67.912   -999.900   -999.900     -0.557      0.000   -104.500   -104.300    -68.677    -68.123   -999.900   -999.900
    -64.000    -71.250    -70.691   -999.900   -999.900     -0.558      0.000   -107.500   -107.300    -71.654    -71.100   -999.900   -999.900
    -67.000    -73.881    -73.317   -999.900   -999.900     -0.564      0.000   -110.500   -110.300    -74.654    -74.098   -999.900   -999.900
    -70.000    -76.252    -75.677   -999.900   -999.900     -0.574      0.000   -113.500   -113.300    -77.687    -77.125   -999.900   -999.900
    -73.000    -78.184    -77.592   -999.900   -999.900     -0.592      0.000   -116.500   -116.300    -80.697    -80.114   -999.900   -999.900
    -76.000    -79.618    -78.990   -999.900   -999.900     -0.628      0.000   -119.500   -119.300    -83.720    -83.056   -999.900   -999.900
    -79.000    -80.554    -79.952   -999.900   -999.900     -0.603      0.000   -122.500   -122.300    -86.719    -86.122   -999.900   -999.900
    -82.000    -81.119    -80.495   -999.900   -999.900     -0.623      0.000   -125.500   -125.300    -89.762    -89.022   -999.900   -999.900
    -85.000    -81.466    -80.810   -999.900   -999.900     -0.656      0.000   -128.500   -128.300    -93.346    -92.015   -999.900   -999.900
    -88.000    -81.615    -80.996   -999.900   -999.900     -0.619      0.000   -131.500   -131.300    -96.551    -95.507   -999.900   -999.900
    -91.000    -81.685    -81.071   -999.900   -999.900     -0.614      0.000   -134.500   -134.300    -99.526    -98.407   -999.900   -999.900
    -94.000    -81.743    -81.137   -999.900   -999.900     -0.606      0.000   -137.500   -137.300   -106.750   -105.582   -999.900   -999.900
    -97.000    -81.751    -81.146   -999.900   -999.900     -0.606      0.000   -140.500   -140.300   -110.755   -109.267   -999.900   -999.900
   -100.000    -81.745    -81.150   -999.900   -999.900     -0.595      0.000   -143.500   -143.300   -107.342   -113.647   -999.900   -999.900
   -103.000    -81.747    -81.144   -999.900   -999.900     -0.603      0.000   -146.500   -146.300   -108.193   -108.222   -999.900   -999.900
   -106.000    -81.752    -81.163   -999.900   -999.900     -0.589      0.000   -149.500   -149.300   -111.228   -108.222   -999.900   -999.900
   -109.000    -81.771    -81.165   -999.900   -999.900     -0.606      0.000   -152.500   -152.300   -111.228   -108.222   -999.900   -999.900
   -112.000    -81.769    -81.140   -999.900   -999.900     -0.630      0.000   -155.500   -155.300   -111.228   -108.222   -999.900   -999.900
