     20.000      5.279      5.441   -999.900   -999.900     -0.162      0.000    -23.500    -23.300      5.279      5.441   -999.900   -999.900
     17.000      5.278      5.441   -999.900   -999.900     -0.163      0.000    -26.500    -26.300      5.278      5.441   -999.900   -999.900
     14.000      5.223      5.381   -999.900   -999.900     -0.157      0.000    -29.500    -29.300      5.223      5.381   -999.900   -999.900
     11.000      3.050      3.273   -999.900   -999.900     -0.223      0.000    -32.500    -32.300      3.050      3.273   -999.900   -999.900
      8.000      0.351      0.646   -999.900   -999.900     -0.295      0.000    -35.500    -35.300      0.351      0.646   -999.900   -999.900
      5.000     -2.556     -2.225   -999.900   -999.900     -0.331      0.000    -38.500    -38.300     -2.556     -2.225   -999.900   -999.900
      2.000     -5.507     -5.151   -999.900   -999.900     -0.356      0.000    -41.500    -41.300     -5.507     -5.151   -999.900   -999.900
     -1.000     -8.495     -8.121   -999.900   -999.900     -0.375      0.000    -44.500    -44.300     -8.495     -8.121   -999.900   -999.900
     -4.000    -11.526    -11.139   -999.900   -999.900     -0.386      0.000    -47.500    -47.300    -11.526    -11.139   -999.900   -999.900
     -7.000    -14.520    -14.123   -999.900   -999.900     -0.397      0.000    -50.500    -50.300    -14.520    -14.123   -999.900   -999.900
    -10.000    -17.550    -17.141   -999.900   -999.900     -0.409      0.000    -53.500    -53.300    -17.550    -17.141   -999.900   -999.900
    -13.000    -20.558    -20.146   -999.900   -999.900     -0.411      0.000    -56.500    -56.300    -20.558    -20.146   -999.900   -999.900
    -16.000    -23.554    -23.143   -999.900   -999.900     -0.412      0.000    -59.500    -59.300    -23.554    -23.143   -999.900   -999.900
    -19.000    -26.555    -26.143   -999.900   -999.900     -0.412      0.000    -62.500    -62.300    -26.555    -26.143   -999.900   -999.900
    -22.000    -29.568    -29.157   -999.900   -999.900     -0.411      0.000    -65.500    -65.300    -29.568    -29.157   -999.900   -999.900
    -25.000    -32.552    -32.144   -999.900   -999.900     -0.408      0.000    -68.500    -68.300    -32.552    -32.144   -999.900   -999.900
    -28.000    -35.560    -35.145   -999.900   -999.900     -0.415      0.000    -71.500    -71.300    -35.560    -35.145   -999.900   -999.900
    -31.000    -38.558    -38.147   -999.900   -999.900     -0.411      0.000    -74.500    -74.300    -38.559    -38.148   -999.900   -999.900
    -34.000    -41.571    -41.166   -999.900   -999.900     -0.406      0.000    -77.500    -77.300    -41.572    -41.166   -999.900   -999.900
    -37.000    -44.562    -44.159   -999.900   -999.900     -0.403      0.000    -80.500    -80.300    -44.563    -44.160   -999.900   -999.900
    -40.000    -47.571    -47.169   -999.900   -999.900     -0.401      0.000    -83.500    -83.300    -47.572    -47.171   -999.900   -999.900
    -43.000    -50.545    -50.136   -999.900   -999.900     -0.409      0.000    -86.500    -86.300    -50.549    -50.140   -999.900   -999.900
    -46.000    -53.552    -53.147   -999.900   -999.900     -0.405      0.000    -89.500    -89.300    -53.559    -53.154   -999.900   -999.900
    -49.000    -56.591    -56.190   -999.900   -999.900     -0.401      0.000    -92.500    -92.300    -56.605    -56.204   -999.900   -999.900
    -52.000    -59.573    -59.181   -999.900   -999.900     -0.393      0.000    -95.500    -95.300    -59.602    -59.210   -999.900   -999.900
    -55.000    -62.563    -62.167   -999.900   -999.900     -0.396      0.000    -98.500    -98.300    -62.620    -62.226   -999.900   -999.900
    -58.000    -65.481    -65.086   -999.900   -999.900     -0.395      0.000   -101.500   -101.300    -65.593    -65.201   -999.900   -999.900
    -61.000    -68.275    -67.749   -999.900   -999.900     -0.526      0.000   -104.500   -104.300    -68.490    -67.964   -999.900   -999.900
    -64.000    -71.173    -70.750   -999.900   -999.900     -0.423      0.000   -107.500   -107.300    -71.602    -71.189   -999.900   -999.900
    -67.000    -73.763    -73.261   -999.900   -999.900     -0.502      0.000   -110.500   -110.300    -74.576    -74.078   -999.900   -999.900
    -70.000    -76.147    -75.699   -999.900   -999.900     -0.447      0.000   -113.500   -113.300    -77.667    -77.252   -999.900   -999.900
    -73.000    -78.056    -77.536   -999.900   -999.900     -0.520      0.000   -116.500   -116.300    -80.721    -80.203   -999.900   -999.900
    -76.000    -79.321    -78.624   -999.900   -999.900     -0.697      0.000   -119.500   -119.300    -83.450    -82.492   -999.900   -999.900
    -79.000    -79.868    -78.308   -999.900   -999.900     -1.559      0.000   -122.500   -122.300    -85.037    -81.760   -999.900   -999.900
    -82.000    -80.845    -80.234   -999.900   -999.900     -0.611      0.000   -125.500   -125.300    -89.758    -88.599   -999.900   -999.900
    -85.000    -81.256    -80.666   -999.900   -999.900     -0.589      0.000   -128.500   -128.300    -95.018    -93.153   -999.900   -999.900
    -88.000    -81.454    -80.921   -999.900   -999.900     -0.533      0.000   -131.500   -131.300    -95.018    -93.153   -999.900   -999.900
    -91.000    -81.461    -80.899   -999.900   -999.900     -0.561      0.000   -134.500   -134.300    -95.018    -93.153   -999.900   -999.900
    -94.000    -81.490    -80.951   -999.900   -999.900     -0.540      0.000   -137.500   -137.300    -95.018    -93.153   -999.900   -999.900
    -97.000    -81.542    -80.906   -999.900   -999.900     -0.636      0.000   -140.500   -140.300    -95.018    -93.153   -999.900   -999.900
   -100.000    -81.521    -81.051   -999.900   -999.900     -0.470      0.000   -143.500   -143.300    -95.018    -93.153   -999.900   -999.900
   -103.000    -81.313    -80.889   -999.900   -999.900     -0.425      0.000   -146.500   -146.300    -95.018    -93.153   -999.900   -999.900
   -106.000    -81.499    -80.983   -999.900   -999.900     -0.516      0.000   -149.500   -149.300    -95.018    -93.153   -999.900   -999.900
   -109.000    -81.437    -80.793   -999.900   -999.900     -0.644      0.000   -152.500   -152.300    -95.018    -93.153   -999.900   -999.900
   -112.000    -81.443    -80.879   -999.900   -999.900     -0.564      0.000   -155.500   -155.300    -95.018    -93.153   -999.900   -999.900
