     20.000      5.503      5.450   -999.900   -999.900      0.053      0.000    -23.500    -23.300      5.503      5.450   -999.900   -999.900
     17.000      5.502      5.449   -999.900   -999.900      0.053      0.000    -26.500    -26.300      5.502      5.449   -999.900   -999.900
     14.000      5.460      5.389   -999.900   -999.900      0.071      0.000    -29.500    -29.300      5.460      5.389   -999.900   -999.900
     11.000      3.506      3.297   -999.900   -999.900      0.208      0.000    -32.500    -32.300      3.506      3.297   -999.900   -999.900
      8.000      0.846      0.676   -999.900   -999.900      0.170      0.000    -35.500    -35.300      0.846      0.676   -999.900   -999.900
      5.000     -2.051     -2.194   -999.900   -999.900      0.143      0.000    -38.500    -38.300     -2.051     -2.194   -999.900   -999.900
      2.000     -4.998     -5.119   -999.900   -999.900      0.121      0.000    -41.500    -41.300     -4.998     -5.119   -999.900   -999.900
     -1.000     -7.986     -8.089   -999.900   -999.900      0.104      0.000    -44.500    -44.300     -7.986     -8.089   -999.900   -999.900
     -4.000    -11.021    -11.113   -999.900   -999.900      0.092      0.000    -47.500    -47.300    -11.021    -11.113   -999.900   -999.900
     -7.000    -14.012    -14.097   -999.900   -999.900      0.085      0.000    -50.500    -50.300    -14.012    -14.097   -999.900   -999.900
    -10.000    -17.042    -17.115   -999.900   -999.900      0.074      0.000    -53.500    -53.300    -17.042    -17.115   -999.900   -999.900
    -13.000    -20.051    -20.121   -999.900   -999.900      0.069      0.000    -56.500    -56.300    -20.051    -20.121   -999.900   -999.900
    -16.000    -23.050    -23.117   -999.900   -999.900      0.067      0.000    -59.500    -59.300    -23.050    -23.117   -999.900   -999.900
    -19.000    -26.046    -26.118   -999.900   -999.900      0.072      0.000    -62.500    -62.300    -26.046    -26.118   -999.900   -999.900
    -22.000    -29.055    -29.132   -999.900   -999.900      0.077      0.000    -65.500    -65.300    -29.055    -29.132   -999.900   -999.900
    -25.000    -32.033    -32.119   -999.900   -999.900      0.086      0.000    -68.500    -68.300    -32.033    -32.119   -999.900   -999.900
    -28.000    -35.035    -35.119   -999.900   -999.900      0.085      0.000    -71.500    -71.300    -35.035    -35.119   -999.900   -999.900
    -31.000    -38.032    -38.121   -999.900   -999.900      0.090      0.000    -74.500    -74.300    -38.032    -38.121   -999.900   -999.900
    -34.000    -41.047    -41.139   -999.900   -999.900      0.092      0.000    -77.500    -77.300    -41.047    -41.139   -999.900   -999.900
    -37.000    -44.036    -44.133   -999.900   -999.900      0.097      0.000    -80.500    -80.300    -44.037    -44.134   -999.900   -999.900
    -40.000    -47.046    -47.141   -999.900   -999.900      0.095      0.000    -83.500    -83.300    -47.048    -47.143   -999.900   -999.900
    -43.000    -50.021    -50.110   -999.900   -999.900      0.089      0.000    -86.500    -86.300    -50.025    -50.113   -999.900   -999.900
    -46.000    -53.030    -53.118   -999.900   -999.900      0.088      0.000    -89.500    -89.300    -53.036    -53.125   -999.900   -999.900
    -49.000    -56.065    -56.160   -999.900   -999.900      0.095      0.000    -92.500    -92.300    -56.078    -56.174   -999.900   -999.900
    -52.000    -59.051    -59.149   -999.900   -999.900      0.098      0.000    -95.500    -95.300    -59.077    -59.176   -999.900   -999.900
    -55.000    -62.046    -62.141   -999.900   -999.900      0.094      0.000    -98.500    -98.300    -62.098    -62.195   -999.900   -999.900
    -58.000    -64.977    -65.061   -999.900   -999.900      0.084      0.000   -101.500   -101.300    -65.078    -65.168   -999.900   -999.900
    -61.000    -67.884    -67.953   -999.900   -999.900      0.069      0.000   -104.500   -104.300    -68.085    -68.164   -999.900   -999.900
    -64.000    -70.667    -70.738   -999.900   -999.900      0.071      0.000   -107.500   -107.300    -71.056    -71.146   -999.900   -999.900
    -67.000    -73.309    -73.365   -999.900   -999.900      0.056      0.000   -110.500   -110.300    -74.053    -74.145   -999.900   -999.900
    -70.000    -75.695    -75.733   -999.900   -999.900      0.038      0.000   -113.500   -113.300    -77.079    -77.181   -999.900   -999.900
    -73.000    -77.643    -77.645   -999.900   -999.900      0.001      0.000   -116.500   -116.300    -80.064    -80.166   -999.900   -999.900
    -76.000    -79.112    -79.054   -999.900   -999.900     -0.058      0.000   -119.500   -119.300    -83.083    -83.135   -999.900   -999.900
    -79.000    -80.074    -79.983   -999.900   -999.900     -0.091      0.000   -122.500   -122.300    -86.058    -86.083   -999.900   -999.900
    -82.000    -80.663    -80.570   -999.900   -999.900     -0.092      0.000   -125.500   -125.300    -89.092    -89.232   -999.900   -999.900
    -85.000    -80.997    -80.888   -999.900   -999.900     -0.109      0.000   -128.500   -128.300    -92.248    -92.406   -999.900   -999.900
    -88.000    -81.187    -81.052   -999.900   -999.900     -0.136      0.000   -131.500   -131.300    -95.927    -95.632   -999.900   -999.900
    -91.000    -81.221    -81.127   -999.900   -999.900     -0.093      0.000   -134.500   -134.300    -97.039    -98.592   -999.900   -999.900
    -94.000    -81.274    -81.130   -999.900   -999.900     -0.144      0.000   -137.500   -137.300    -99.761    -98.736   -999.900   -999.900
    -97.000    -81.309    -81.171   -999.900   -999.900     -0.138      0.000   -140.500   -140.300   -103.402   -102.129   -999.900   -999.900
   -100.000    -81.342    -81.192   -999.900   -999.900     -0.150      0.000   -143.500   -143.300   -103.402   -106.177   -999.900   -999.900
   -103.000    -81.342    -81.232   -999.900   -999.900     -0.110      0.000   -146.500   -146.300   -103.402   -106.177   -999.900   -999.900
   -106.000    -81.348    -81.229   -999.900   -999.900     -0.119      0.000   -149.500   -149.300   -103.402   -106.177   -999.900   -999.900
   -109.000    -81.329    -81.167   -999.900   -999.900     -0.162      0.000   -152.500   -152.300   -103.402   -106.177   -999.900   -999.900
   -112.000    -81.318    -81.210   -999.900   -999.900     -0.108      0.000   -155.500   -155.300   -103.402   -106.177   -999.900   -999.900
