     20.000      5.408      5.465   -999.900   -999.900     -0.057      0.000    -23.500    -23.300      5.408      5.465   -999.900   -999.900
     17.000      5.406      5.465   -999.900   -999.900     -0.058      0.000    -26.500    -26.300      5.406      5.465   -999.900   -999.900
     14.000      5.366      5.404   -999.900   -999.900     -0.038      0.000    -29.500    -29.300      5.366      5.404   -999.900   -999.900
     11.000      3.473      3.314   -999.900   -999.900      0.159      0.000    -32.500    -32.300      3.473      3.314   -999.900   -999.900
      8.000      0.830      0.695   -999.900   -999.900      0.135      0.000    -35.500    -35.300      0.830      0.695   -999.900   -999.900
      5.000     -2.060     -2.173   -999.900   -999.900      0.114      0.000    -38.500    -38.300     -2.060     -2.173   -999.900   -999.900
      2.000     -5.004     -5.098   -999.900   -999.900      0.095      0.000    -41.500    -41.300     -5.004     -5.098   -999.900   -999.900
     -1.000     -7.988     -8.067   -999.900   -999.900      0.079      0.000    -44.500    -44.300     -7.988     -8.067   -999.900   -999.900
     -4.000    -11.021    -11.090   -999.900   -999.900      0.069      0.000    -47.500    -47.300    -11.021    -11.090   -999.900   -999.900
     -7.000    -14.011    -14.073   -999.900   -999.900      0.062      0.000    -50.500    -50.300    -14.011    -14.073   -999.900   -999.900
    -10.000    -17.041    -17.092   -999.900   -999.900      0.051      0.000    -53.500    -53.300    -17.041    -17.092   -999.900   -999.900
    -13.000    -20.053    -20.098   -999.900   -999.900      0.045      0.000    -56.500    -56.300    -20.053    -20.098   -999.900   -999.900
    -16.000    -23.050    -23.094   -999.900   -999.900      0.043      0.000    -59.500    -59.300    -23.050    -23.094   -999.900   -999.900
    -19.000    -26.050    -26.094   -999.900   -999.900      0.044      0.000    -62.500    -62.300    -26.050    -26.094   -999.900   -999.900
    -22.000    -29.064    -29.108   -999.900   -999.900      0.044      0.000    -65.500    -65.300    -29.064    -29.108   -999.900   -999.900
    -25.000    -32.048    -32.095   -999.900   -999.900      0.047      0.000    -68.500    -68.300    -32.048    -32.095   -999.900   -999.900
    -28.000    -35.053    -35.096   -999.900   -999.900      0.043      0.000    -71.500    -71.300    -35.054    -35.097   -999.900   -999.900
    -31.000    -38.055    -38.098   -999.900   -999.900      0.044      0.000    -74.500    -74.300    -38.055    -38.099   -999.900   -999.900
    -34.000    -41.070    -41.117   -999.900   -999.900      0.047      0.000    -77.500    -77.300    -41.070    -41.118   -999.900   -999.900
    -37.000    -44.056    -44.111   -999.900   -999.900      0.055      0.000    -80.500    -80.300    -44.057    -44.112   -999.900   -999.900
    -40.000    -47.066    -47.120   -999.900   -999.900      0.054      0.000    -83.500    -83.300    -47.068    -47.121   -999.900   -999.900
    -43.000    -50.041    -50.089   -999.900   -999.900      0.048      0.000    -86.500    -86.300    -50.045    -50.092   -999.900   -999.900
    -46.000    -53.047    -53.098   -999.900   -999.900      0.051      0.000    -89.500    -89.300    -53.053    -53.105   -999.900   -999.900
    -49.000    -56.088    -56.141   -999.900   -999.900      0.053      0.000    -92.500    -92.300    -56.101    -56.154   -999.900   -999.900
    -52.000    -59.070    -59.131   -999.900   -999.900      0.062      0.000    -95.500    -95.300    -59.096    -59.159   -999.900   -999.900
    -55.000    -62.066    -62.129   -999.900   -999.900      0.063      0.000    -98.500    -98.300    -62.119    -62.184   -999.900   -999.900
    -58.000    -64.997    -65.043   -999.900   -999.900      0.046      0.000   -101.500   -101.300    -65.100    -65.151   -999.900   -999.900
    -61.000    -67.908    -67.942   -999.900   -999.900      0.034      0.000   -104.500   -104.300    -68.112    -68.154   -999.900   -999.900
    -64.000    -70.685    -70.717   -999.900   -999.900      0.032      0.000   -107.500   -107.300    -71.081    -71.128   -999.900   -999.900
    -67.000    -73.312    -73.345   -999.900   -999.900      0.033      0.000   -110.500   -110.300    -74.066    -74.130   -999.900   -999.900
    -70.000    -75.691    -75.679   -999.900   -999.900     -0.012      0.000   -113.500   -113.300    -77.092    -77.123   -999.900   -999.900
    -73.000    -77.679    -77.616   -999.900   -999.900     -0.063      0.000   -116.500   -116.300    -80.163    -80.148   -999.900   -999.900
    -76.000    -79.124    -79.043   -999.900   -999.900     -0.082      0.000   -119.500   -119.300    -83.188    -83.174   -999.900   -999.900
    -79.000    -80.079    -79.968   -999.900   -999.900     -0.110      0.000   -122.500   -122.300    -86.222    -86.156   -999.900   -999.900
    -82.000    -80.574    -80.532   -999.900   -999.900     -0.043      0.000   -125.500   -125.300    -88.770    -89.217   -999.900   -999.900
    -85.000    -80.910    -80.834   -999.900   -999.900     -0.076      0.000   -128.500   -128.300    -91.700    -92.198   -999.900   -999.900
    -88.000    -81.104    -81.009   -999.900   -999.900     -0.095      0.000   -131.500   -131.300    -94.931    -95.567   -999.900   -999.900
    -91.000    -81.266    -81.105   -999.900   -999.900     -0.161      0.000   -134.500   -134.300   -104.227    -99.833   -999.900   -999.900
    -94.000    -81.292    -81.140   -999.900   -999.900     -0.152      0.000   -137.500   -137.300   -104.227   -103.815   -999.900   -999.900
    -97.000    -81.341    -81.152   -999.900   -999.900     -0.189      0.000   -140.500   -140.300   -104.227   -106.929   -999.900   -999.900
   -100.000    -81.197    -81.147   -999.900   -999.900     -0.051      0.000   -143.500   -143.300   -104.227   -105.286   -999.900   -999.900
   -103.000    -81.261    -81.156   -999.900   -999.900     -0.105      0.000   -146.500   -146.300   -104.227   -108.849   -999.900   -999.900
   -106.000    -81.260    -81.166   -999.900   -999.900     -0.095      0.000   -149.500   -149.300   -104.227   -108.849   -999.900   -999.900
   -109.000    -81.373    -81.171   -999.900   -999.900     -0.201      0.000   -152.500   -152.300   -104.227   -108.849   -999.900   -999.900
   -112.000    -81.350    -81.177   -999.900   -999.900     -0.173      0.000   -155.500   -155.300   -104.227   -108.849   -999.900   -999.900
