     20.000      5.407      5.463   -999.900   -999.900     -0.057      0.000    -23.500    -23.300      5.407      5.463   -999.900   -999.900
     17.000      5.405      5.463   -999.900   -999.900     -0.058      0.000    -26.500    -26.300      5.405      5.463   -999.900   -999.900
     14.000      5.364      5.402   -999.900   -999.900     -0.038      0.000    -29.500    -29.300      5.364      5.402   -999.900   -999.900
     11.000      3.467      3.309   -999.900   -999.900      0.159      0.000    -32.500    -32.300      3.467      3.309   -999.900   -999.900
      8.000      0.828      0.690   -999.900   -999.900      0.138      0.000    -35.500    -35.300      0.828      0.690   -999.900   -999.900
      5.000     -2.063     -2.178   -999.900   -999.900      0.115      0.000    -38.500    -38.300     -2.063     -2.178   -999.900   -999.900
      2.000     -5.009     -5.103   -999.900   -999.900      0.094      0.000    -41.500    -41.300     -5.009     -5.103   -999.900   -999.900
     -1.000     -7.994     -8.072   -999.900   -999.900      0.078      0.000    -44.500    -44.300     -7.994     -8.072   -999.900   -999.900
     -4.000    -11.025    -11.095   -999.900   -999.900      0.070      0.000    -47.500    -47.300    -11.025    -11.095   -999.900   -999.900
     -7.000    -14.015    -14.078   -999.900   -999.900      0.063      0.000    -50.500    -50.300    -14.015    -14.078   -999.900   -999.900
    -10.000    -17.045    -17.096   -999.900   -999.900      0.051      0.000    -53.500    -53.300    -17.045    -17.096   -999.900   -999.900
    -13.000    -20.056    -20.102   -999.900   -999.900      0.045      0.000    -56.500    -56.300    -20.056    -20.102   -999.900   -999.900
    -16.000    -23.053    -23.098   -999.900   -999.900      0.045      0.000    -59.500    -59.300    -23.053    -23.098   -999.900   -999.900
    -19.000    -26.055    -26.098   -999.900   -999.900      0.044      0.000    -62.500    -62.300    -26.055    -26.098   -999.900   -999.900
    -22.000    -29.067    -29.113   -999.900   -999.900      0.046      0.000    -65.500    -65.300    -29.067    -29.113   -999.900   -999.900
    -25.000    -32.051    -32.100   -999.900   -999.900      0.049      0.000    -68.500    -68.300    -32.051    -32.100   -999.900   -999.900
    -28.000    -35.057    -35.100   -999.900   -999.900      0.043      0.000    -71.500    -71.300    -35.058    -35.100   -999.900   -999.900
    -31.000    -38.056    -38.102   -999.900   -999.900      0.045      0.000    -74.500    -74.300    -38.057    -38.102   -999.900   -999.900
    -34.000    -41.072    -41.120   -999.900   -999.900      0.048      0.000    -77.500    -77.300    -41.073    -41.121   -999.900   -999.900
    -37.000    -44.059    -44.114   -999.900   -999.900      0.055      0.000    -80.500    -80.300    -44.060    -44.115   -999.900   -999.900
    -40.000    -47.069    -47.122   -999.900   -999.900      0.053      0.000    -83.500    -83.300    -47.071    -47.124   -999.900   -999.900
    -43.000    -50.046    -50.092   -999.900   -999.900      0.046      0.000    -86.500    -86.300    -50.049    -50.095   -999.900   -999.900
    -46.000    -53.050    -53.099   -999.900   -999.900      0.050      0.000    -89.500    -89.300    -53.056    -53.106   -999.900   -999.900
    -49.000    -56.091    -56.141   -999.900   -999.900      0.050      0.000    -92.500    -92.300    -56.104    -56.155   -999.900   -999.900
    -52.000    -59.075    -59.137   -999.900   -999.900      0.061      0.000    -95.500    -95.300    -59.102    -59.164   -999.900   -999.900
    -55.000    -62.072    -62.126   -999.900   -999.900      0.054      0.000    -98.500    -98.300    -62.125    -62.181   -999.900   -999.900
    -58.000    -64.996    -65.044   -999.900   -999.900      0.048      0.000   -101.500   -101.300    -65.100    -65.151   -999.900   -999.900
    -61.000    -67.907    -67.943   -999.900   -999.900      0.036      0.000   -104.500   -104.300    -68.112    -68.155   -999.900   -999.900
    -64.000    -70.715    -70.716   -999.900   -999.900      0.002      0.000   -107.500   -107.300    -71.115    -71.127   -999.900   -999.900
    -67.000    -73.345    -73.334   -999.900   -999.900     -0.011      0.000   -110.500   -110.300    -74.109    -74.115   -999.900   -999.900
    -70.000    -75.679    -75.698   -999.900   -999.900      0.019      0.000   -113.500   -113.300    -77.083    -77.149   -999.900   -999.900
    -73.000    -77.635    -77.609   -999.900   -999.900     -0.026      0.000   -116.500   -116.300    -80.102    -80.135   -999.900   -999.900
    -76.000    -79.134    -79.029   -999.900   -999.900     -0.105      0.000   -119.500   -119.300    -83.245    -83.135   -999.900   -999.900
    -79.000    -80.092    -80.001   -999.900   -999.900     -0.091      0.000   -122.500   -122.300    -86.343    -86.288   -999.900   -999.900
    -82.000    -80.677    -80.514   -999.900   -999.900     -0.163      0.000   -125.500   -125.300    -89.636    -89.076   -999.900   -999.900
    -85.000    -80.867    -80.823   -999.900   -999.900     -0.044      0.000   -128.500   -128.300    -91.418    -92.027   -999.900   -999.900
    -88.000    -81.058    -80.980   -999.900   -999.900     -0.077      0.000   -131.500   -131.300    -94.329    -94.778   -999.900   -999.900
    -91.000    -81.176    -81.085   -999.900   -999.900     -0.092      0.000   -134.500   -134.300    -98.027    -98.449   -999.900   -999.900
    -94.000    -81.289    -81.134   -999.900   -999.900     -0.156      0.000   -137.500   -137.300    -98.027   -102.527   -999.900   -999.900
    -97.000    -81.323    -81.168   -999.900   -999.900     -0.155      0.000   -140.500   -140.300    -98.027   -102.527   -999.900   -999.900
   -100.000    -81.341    -81.152   -999.900   -999.900     -0.189      0.000   -143.500   -143.300    -98.027   -102.527   -999.900   -999.900
   -103.000    -81.232    -81.180   -999.900   -999.900     -0.052      0.000   -146.500   -146.300    -98.027   -102.527   -999.900   -999.900
   -106.000    -81.201    -81.152   -999.900   -999.900     -0.049      0.000   -149.500   -149.300    -98.027   -102.527   -999.900   -999.900
   -109.000    -81.208    -81.166   -999.900   -999.900     -0.043      0.000   -152.500   -152.300    -98.027   -102.527   -999.900   -999.900
   -112.000    -81.355    -81.177   -999.900   -999.900     -0.178      0.000   -155.500   -155.300    -98.027   -102.527   -999.900   -999.900
