     20.000      4.876      5.450   -999.900   -999.900     -0.574      0.000    -23.500    -23.300      4.876      5.450   -999.900   -999.900
     17.000      4.876      5.450   -999.900   -999.900     -0.574      0.000    -26.500    -26.300      4.876      5.450   -999.900   -999.900
     14.000      4.776      5.390   -999.900   -999.900     -0.614      0.000    -29.500    -29.300      4.776      5.390   -999.900   -999.900
     11.000      2.110      3.301   -999.900   -999.900     -1.190      0.000    -32.500    -32.300      2.110      3.301   -999.900   -999.900
      8.000     -0.673      0.682   -999.900   -999.900     -1.355      0.000    -35.500    -35.300     -0.673      0.682   -999.900   -999.900
      5.000     -3.607     -2.187   -999.900   -999.900     -1.420      0.000    -38.500    -38.300     -3.607     -2.187   -999.900   -999.900
      2.000     -6.573     -5.112   -999.900   -999.900     -1.461      0.000    -41.500    -41.300     -6.573     -5.112   -999.900   -999.900
     -1.000     -9.565     -8.080   -999.900   -999.900     -1.485      0.000    -44.500    -44.300     -9.565     -8.080   -999.900   -999.900
     -4.000    -12.597    -11.098   -999.900   -999.900     -1.499      0.000    -47.500    -47.300    -12.597    -11.098   -999.900   -999.900
     -7.000    -15.595    -14.080   -999.900   -999.900     -1.515      0.000    -50.500    -50.300    -15.595    -14.080   -999.900   -999.900
    -10.000    -18.623    -17.098   -999.900   -999.900     -1.525      0.000    -53.500    -53.300    -18.623    -17.098   -999.900   -999.900
    -13.000    -21.627    -20.102   -999.900   -999.900     -1.525      0.000    -56.500    -56.300    -21.627    -20.102   -999.900   -999.900
    -16.000    -24.623    -23.098   -999.900   -999.900     -1.525      0.000    -59.500    -59.300    -24.623    -23.098   -999.900   -999.900
    -19.000    -27.622    -26.096   -999.900   -999.900     -1.526      0.000    -62.500    -62.300    -27.622    -26.096   -999.900   -999.900
    -22.000    -30.634    -29.110   -999.900   -999.900     -1.524      0.000    -65.500    -65.300    -30.634    -29.110   -999.900   -999.900
    -25.000    -33.618    -32.097   -999.900   -999.900     -1.521      0.000    -68.500    -68.300    -33.618    -32.097   -999.900   -999.900
    -28.000    -36.625    -35.096   -999.900   -999.900     -1.529      0.000    -71.500    -71.300    -36.625    -35.096   -999.900   -999.900
    -31.000    -39.622    -38.097   -999.900   -999.900     -1.525      0.000    -74.500    -74.300    -39.622    -38.097   -999.900   -999.900
    -34.000    -42.635    -41.114   -999.900   -999.900     -1.521      0.000    -77.500    -77.300    -42.635    -41.115   -999.900   -999.900
    -37.000    -45.625    -44.108   -999.900   -999.900     -1.517      0.000    -80.500    -80.300    -45.626    -44.108   -999.900   -999.900
    -40.000    -48.634    -47.116   -999.900   -999.900     -1.518      0.000    -83.500    -83.300    -48.636    -47.118   -999.900   -999.900
    -43.000    -51.606    -50.085   -999.900   -999.900     -1.521      0.000    -86.500    -86.300    -51.609    -50.088   -999.900   -999.900
    -46.000    -54.620    -53.092   -999.900   -999.900     -1.528      0.000    -89.500    -89.300    -54.627    -53.099   -999.900   -999.900
    -49.000    -57.657    -56.135   -999.900   -999.900     -1.522      0.000    -92.500    -92.300    -57.671    -56.148   -999.900   -999.900
    -52.000    -60.638    -59.123   -999.900   -999.900     -1.515      0.000    -95.500    -95.300    -60.666    -59.150   -999.900   -999.900
    -55.000    -63.619    -62.117   -999.900   -999.900     -1.501      0.000    -98.500    -98.300    -63.675    -62.172   -999.900   -999.900
    -58.000    -66.545    -65.039   -999.900   -999.900     -1.507      0.000   -101.500   -101.300    -66.657    -65.146   -999.900   -999.900
    -61.000    -69.461    -67.931   -999.900   -999.900     -1.530      0.000   -104.500   -104.300    -69.682    -68.142   -999.900   -999.900
    -64.000    -72.241    -70.714   -999.900   -999.900     -1.527      0.000   -107.500   -107.300    -72.670    -71.125   -999.900   -999.900
    -67.000    -74.838    -73.338   -999.900   -999.900     -1.500      0.000   -110.500   -110.300    -75.653    -74.121   -999.900   -999.900
    -70.000    -77.174    -75.669   -999.900   -999.900     -1.505      0.000   -113.500   -113.300    -78.679    -77.111   -999.900   -999.900
    -73.000    -79.063    -77.612   -999.900   -999.900     -1.452      0.000   -116.500   -116.300    -81.680    -80.144   -999.900   -999.900
    -76.000    -80.451    -79.024   -999.900   -999.900     -1.427      0.000   -119.500   -119.300    -84.687    -83.132   -999.900   -999.900
    -79.000    -81.347    -79.973   -999.900   -999.900     -1.374      0.000   -122.500   -122.300    -87.646    -86.190   -999.900   -999.900
    -82.000    -81.871    -80.506   -999.900   -999.900     -1.365      0.000   -125.500   -125.300    -90.525    -89.051   -999.900   -999.900
    -85.000    -82.168    -80.837   -999.900   -999.900     -1.331      0.000   -128.500   -128.300    -93.404    -92.285   -999.900   -999.900
    -88.000    -82.360    -81.002   -999.900   -999.900     -1.358      0.000   -131.500   -131.300    -97.122    -95.493   -999.900   -999.900
    -91.000    -82.421    -81.081   -999.900   -999.900     -1.340      0.000   -134.500   -134.300    -99.482    -98.564   -999.900   -999.900
    -94.000    -82.479    -81.110   -999.900   -999.900     -1.369      0.000   -137.500   -137.300   -104.301   -100.544   -999.900   -999.900
    -97.000    -82.459    -81.162   -999.900   -999.900     -1.298      0.000   -140.500   -140.300   -102.051   -100.544   -999.900   -999.900
   -100.000    -82.466    -81.142   -999.900   -999.900     -1.324      0.000   -143.500   -143.300   -102.660   -100.544   -999.900   -999.900
   -103.000    -82.521    -81.147   -999.900   -999.900     -1.374      0.000   -146.500   -146.300   -102.660   -100.544   -999.900   -999.900
   -106.000    -82.517    -81.169   -999.900   -999.900     -1.348      0.000   -149.500   -149.300   -102.660   -100.544   -999.900   -999.900
   -109.000    -82.512    -81.172   -999.900   -999.900     -1.340      0.000   -152.500   -152.300   -102.660   -100.544   -999.900   -999.900
   -112.000    -82.522    -81.168   -999.900   -999.900     -1.354      0.000   -155.500   -155.300   -102.660   -100.544   -999.900   -999.900
