     20.000      4.877      5.449   -999.900   -999.900     -0.572      0.000    -23.500    -23.300      4.877      5.449   -999.900   -999.900
     17.000      4.877      5.449   -999.900   -999.900     -0.572      0.000    -26.500    -26.300      4.877      5.449   -999.900   -999.900
     14.000      4.777      5.390   -999.900   -999.900     -0.612      0.000    -29.500    -29.300      4.777      5.390   -999.900   -999.900
     11.000      2.115      3.302   -999.900   -999.900     -1.187      0.000    -32.500    -32.300      2.115      3.302   -999.900   -999.900
      8.000     -0.669      0.682   -999.900   -999.900     -1.351      0.000    -35.500    -35.300     -0.669      0.682   -999.900   -999.900
      5.000     -3.602     -2.186   -999.900   -999.900     -1.416      0.000    -38.500    -38.300     -3.602     -2.186   -999.900   -999.900
      2.000     -6.568     -5.111   -999.900   -999.900     -1.456      0.000    -41.500    -41.300     -6.568     -5.111   -999.900   -999.900
     -1.000     -9.560     -8.080   -999.900   -999.900     -1.480      0.000    -44.500    -44.300     -9.560     -8.080   -999.900   -999.900
     -4.000    -12.595    -11.099   -999.900   -999.900     -1.495      0.000    -47.500    -47.300    -12.595    -11.099   -999.900   -999.900
     -7.000    -15.592    -14.082   -999.900   -999.900     -1.510      0.000    -50.500    -50.300    -15.592    -14.082   -999.900   -999.900
    -10.000    -18.619    -17.098   -999.900   -999.900     -1.521      0.000    -53.500    -53.300    -18.619    -17.098   -999.900   -999.900
    -13.000    -21.624    -20.104   -999.900   -999.900     -1.520      0.000    -56.500    -56.300    -21.624    -20.104   -999.900   -999.900
    -16.000    -24.621    -23.100   -999.900   -999.900     -1.521      0.000    -59.500    -59.300    -24.621    -23.100   -999.900   -999.900
    -19.000    -27.620    -26.099   -999.900   -999.900     -1.521      0.000    -62.500    -62.300    -27.620    -26.099   -999.900   -999.900
    -22.000    -30.631    -29.113   -999.900   -999.900     -1.518      0.000    -65.500    -65.300    -30.631    -29.113   -999.900   -999.900
    -25.000    -33.615    -32.100   -999.900   -999.900     -1.516      0.000    -68.500    -68.300    -33.615    -32.100   -999.900   -999.900
    -28.000    -36.623    -35.099   -999.900   -999.900     -1.523      0.000    -71.500    -71.300    -36.623    -35.099   -999.900   -999.900
    -31.000    -39.622    -38.102   -999.900   -999.900     -1.520      0.000    -74.500    -74.300    -39.622    -38.102   -999.900   -999.900
    -34.000    -42.635    -41.119   -999.900   -999.900     -1.516      0.000    -77.500    -77.300    -42.636    -41.119   -999.900   -999.900
    -37.000    -45.625    -44.113   -999.900   -999.900     -1.512      0.000    -80.500    -80.300    -45.626    -44.114   -999.900   -999.900
    -40.000    -48.636    -47.122   -999.900   -999.900     -1.514      0.000    -83.500    -83.300    -48.638    -47.123   -999.900   -999.900
    -43.000    -51.607    -50.090   -999.900   -999.900     -1.517      0.000    -86.500    -86.300    -51.611    -50.094   -999.900   -999.900
    -46.000    -54.619    -53.096   -999.900   -999.900     -1.523      0.000    -89.500    -89.300    -54.626    -53.103   -999.900   -999.900
    -49.000    -57.659    -56.139   -999.900   -999.900     -1.520      0.000    -92.500    -92.300    -57.673    -56.152   -999.900   -999.900
    -52.000    -60.635    -59.129   -999.900   -999.900     -1.506      0.000    -95.500    -95.300    -60.664    -59.156   -999.900   -999.900
    -55.000    -63.619    -62.120   -999.900   -999.900     -1.499      0.000    -98.500    -98.300    -63.677    -62.175   -999.900   -999.900
    -58.000    -66.546    -65.040   -999.900   -999.900     -1.506      0.000   -101.500   -101.300    -66.659    -65.148   -999.900   -999.900
    -61.000    -69.450    -67.937   -999.900   -999.900     -1.513      0.000   -104.500   -104.300    -69.673    -68.151   -999.900   -999.900
    -64.000    -72.226    -70.715   -999.900   -999.900     -1.510      0.000   -107.500   -107.300    -72.658    -71.130   -999.900   -999.900
    -67.000    -74.834    -73.319   -999.900   -999.900     -1.515      0.000   -110.500   -110.300    -75.657    -74.106   -999.900   -999.900
    -70.000    -77.153    -75.690   -999.900   -999.900     -1.463      0.000   -113.500   -113.300    -78.668    -77.154   -999.900   -999.900
    -73.000    -79.038    -77.601   -999.900   -999.900     -1.437      0.000   -116.500   -116.300    -81.670    -80.151   -999.900   -999.900
    -76.000    -80.424    -79.017   -999.900   -999.900     -1.408      0.000   -119.500   -119.300    -84.687    -83.167   -999.900   -999.900
    -79.000    -81.314    -79.929   -999.900   -999.900     -1.385      0.000   -122.500   -122.300    -87.650    -86.116   -999.900   -999.900
    -82.000    -81.870    -80.489   -999.900   -999.900     -1.381      0.000   -125.500   -125.300    -90.809    -89.146   -999.900   -999.900
    -85.000    -82.148    -80.777   -999.900   -999.900     -1.371      0.000   -128.500   -128.300    -93.693    -91.914   -999.900   -999.900
    -88.000    -82.304    -80.958   -999.900   -999.900     -1.346      0.000   -131.500   -131.300    -96.745    -95.199   -999.900   -999.900
    -91.000    -82.411    -81.040   -999.900   -999.900     -1.371      0.000   -134.500   -134.300   -101.621    -98.185   -999.900   -999.900
    -94.000    -82.438    -81.103   -999.900   -999.900     -1.335      0.000   -137.500   -137.300   -104.752   -104.083   -999.900   -999.900
    -97.000    -82.451    -81.098   -999.900   -999.900     -1.353      0.000   -140.500   -140.300   -108.036   -103.203   -999.900   -999.900
   -100.000    -82.457    -81.102   -999.900   -999.900     -1.354      0.000   -143.500   -143.300   -110.678   -103.970   -999.900   -999.900
   -103.000    -82.454    -81.115   -999.900   -999.900     -1.339      0.000   -146.500   -146.300   -109.109   -107.473   -999.900   -999.900
   -106.000    -82.452    -81.124   -999.900   -999.900     -1.327      0.000   -149.500   -149.300   -108.140   -120.025   -999.900   -999.900
   -109.000    -82.474    -81.150   -999.900   -999.900     -1.324      0.000   -152.500   -152.300   -108.140   -120.025   -999.900   -999.900
   -112.000    -82.481    -81.133   -999.900   -999.900     -1.348      0.000   -155.500   -155.300   -108.140   -120.025   -999.900   -999.900
