     20.000      8.078      8.000   -999.900   -999.900      0.078      0.000    -23.500    -23.300      8.078      8.000   -999.900   -999.900
     17.000      8.077      8.000   -999.900   -999.900      0.077      0.000    -26.500    -26.300      8.077      8.000   -999.900   -999.900
     14.000      8.049      7.951   -999.900   -999.900      0.097      0.000    -29.500    -29.300      8.049      7.951   -999.900   -999.900
     11.000      6.238      5.888   -999.900   -999.900      0.350      0.000    -32.500    -32.300      6.238      5.888   -999.900   -999.900
      8.000      3.605      3.271   -999.900   -999.900      0.335      0.000    -35.500    -35.300      3.605      3.271   -999.900   -999.900
      5.000      0.715      0.402   -999.900   -999.900      0.313      0.000    -38.500    -38.300      0.715      0.402   -999.900   -999.900
      2.000     -2.230     -2.525   -999.900   -999.900      0.295      0.000    -41.500    -41.300     -2.230     -2.525   -999.900   -999.900
     -1.000     -5.217     -5.495   -999.900   -999.900      0.278      0.000    -44.500    -44.300     -5.217     -5.495   -999.900   -999.900
     -4.000     -8.252     -8.520   -999.900   -999.900      0.269      0.000    -47.500    -47.300     -8.252     -8.520   -999.900   -999.900
     -7.000    -11.244    -11.504   -999.900   -999.900      0.261      0.000    -50.500    -50.300    -11.244    -11.504   -999.900   -999.900
    -10.000    -14.275    -14.525   -999.900   -999.900      0.250      0.000    -53.500    -53.300    -14.275    -14.525   -999.900   -999.900
    -13.000    -17.287    -17.531   -999.900   -999.900      0.244      0.000    -56.500    -56.300    -17.287    -17.531   -999.900   -999.900
    -16.000    -20.286    -20.529   -999.900   -999.900      0.243      0.000    -59.500    -59.300    -20.286    -20.529   -999.900   -999.900
    -19.000    -23.287    -23.531   -999.900   -999.900      0.244      0.000    -62.500    -62.300    -23.287    -23.531   -999.900   -999.900
    -22.000    -26.302    -26.547   -999.900   -999.900      0.245      0.000    -65.500    -65.300    -26.302    -26.547   -999.900   -999.900
    -25.000    -29.287    -29.534   -999.900   -999.900      0.247      0.000    -68.500    -68.300    -29.287    -29.534   -999.900   -999.900
    -28.000    -32.293    -32.536   -999.900   -999.900      0.243      0.000    -71.500    -71.300    -32.293    -32.536   -999.900   -999.900
    -31.000    -35.296    -35.540   -999.900   -999.900      0.244      0.000    -74.500    -74.300    -35.296    -35.540   -999.900   -999.900
    -34.000    -38.313    -38.558   -999.900   -999.900      0.245      0.000    -77.500    -77.300    -38.314    -38.559   -999.900   -999.900
    -37.000    -41.303    -41.553   -999.900   -999.900      0.250      0.000    -80.500    -80.300    -41.304    -41.554   -999.900   -999.900
    -40.000    -44.314    -44.564   -999.900   -999.900      0.249      0.000    -83.500    -83.300    -44.317    -44.566   -999.900   -999.900
    -43.000    -47.289    -47.531   -999.900   -999.900      0.242      0.000    -86.500    -86.300    -47.294    -47.536   -999.900   -999.900
    -46.000    -50.293    -50.539   -999.900   -999.900      0.245      0.000    -89.500    -89.300    -50.303    -50.549   -999.900   -999.900
    -49.000    -53.335    -53.577   -999.900   -999.900      0.242      0.000    -92.500    -92.300    -53.355    -53.598   -999.900   -999.900
    -52.000    -56.315    -56.562   -999.900   -999.900      0.246      0.000    -95.500    -95.300    -56.356    -56.605   -999.900   -999.900
    -55.000    -59.294    -59.537   -999.900   -999.900      0.243      0.000    -98.500    -98.300    -59.374    -59.622   -999.900   -999.900
    -58.000    -62.201    -62.425   -999.900   -999.900      0.224      0.000   -101.500   -101.300    -62.359    -62.593   -999.900   -999.900
    -61.000    -65.049    -65.271   -999.900   -999.900      0.222      0.000   -104.500   -104.300    -65.358    -65.600   -999.900   -999.900
    -64.000    -67.755    -67.953   -999.900   -999.900      0.198      0.000   -107.500   -107.300    -68.350    -68.584   -999.900   -999.900
    -67.000    -70.234    -70.394   -999.900   -999.900      0.160      0.000   -110.500   -110.300    -71.348    -71.568   -999.900   -999.900
    -70.000    -72.343    -72.486   -999.900   -999.900      0.143      0.000   -113.500   -113.300    -74.334    -74.587   -999.900   -999.900
    -73.000    -73.986    -74.089   -999.900   -999.900      0.103      0.000   -116.500   -116.300    -77.328    -77.602   -999.900   -999.900
    -76.000    -75.133    -75.170   -999.900   -999.900      0.037      0.000   -119.500   -119.300    -80.348    -80.569   -999.900   -999.900
    -79.000    -75.841    -75.765   -999.900   -999.900     -0.075      0.000   -122.500   -122.300    -83.355    -83.120   -999.900   -999.900
    -82.000    -76.264    -76.260   -999.900   -999.900     -0.005      0.000   -125.500   -125.300    -86.584    -86.941   -999.900   -999.900
    -85.000    -76.459    -76.468   -999.900   -999.900      0.009      0.000   -128.500   -128.300    -89.348    -90.382   -999.900   -999.900
    -88.000    -76.590    -76.578   -999.900   -999.900     -0.013      0.000   -131.500   -131.300    -93.132    -94.537   -999.900   -999.900
    -91.000    -76.639    -76.610   -999.900   -999.900     -0.030      0.000   -134.500   -134.300    -96.188    -97.175   -999.900   -999.900
    -94.000    -76.644    -76.621   -999.900   -999.900     -0.023      0.000   -137.500   -137.300    -96.623    -98.760   -999.900   -999.900
    -97.000    -76.682    -76.639   -999.900   -999.900     -0.043      0.000   -140.500   -140.300   -105.741   -103.650   -999.900   -999.900
   -100.000    -76.657    -76.639   -999.900   -999.900     -0.019      0.000   -143.500   -143.300    -98.203   -103.295   -999.900   -999.900
   -103.000    -76.695    -76.677   -999.900   -999.900     -0.018      0.000   -146.500   -146.300    -98.203   -103.295   -999.900   -999.900
   -106.000    -76.688    -76.617   -999.900   -999.900     -0.070      0.000   -149.500   -149.300    -98.203   -103.295   -999.900   -999.900
   -109.000    -76.714    -76.681   -999.900   -999.900     -0.033      0.000   -152.500   -152.300    -98.203   -103.295   -999.900   -999.900
   -112.000    -76.686    -76.626   -999.900   -999.900     -0.059      0.000   -155.500   -155.300    -98.203   -103.295   -999.900   -999.900
