     20.000      5.487      5.373   -999.900   -999.900      0.114      0.000    -23.500    -23.300      5.487      5.373   -999.900   -999.900
     17.000      5.485      5.373   -999.900   -999.900      0.113      0.000    -26.500    -26.300      5.485      5.373   -999.900   -999.900
     14.000      5.442      5.309   -999.900   -999.900      0.133      0.000    -29.500    -29.300      5.442      5.309   -999.900   -999.900
     11.000      3.465      3.167   -999.900   -999.900      0.299      0.000    -32.500    -32.300      3.465      3.167   -999.900   -999.900
      8.000      0.805      0.534   -999.900   -999.900      0.271      0.000    -35.500    -35.300      0.805      0.534   -999.900   -999.900
      5.000     -2.091     -2.339   -999.900   -999.900      0.249      0.000    -38.500    -38.300     -2.091     -2.339   -999.900   -999.900
      2.000     -5.036     -5.267   -999.900   -999.900      0.231      0.000    -41.500    -41.300     -5.036     -5.267   -999.900   -999.900
     -1.000     -8.022     -8.236   -999.900   -999.900      0.214      0.000    -44.500    -44.300     -8.022     -8.236   -999.900   -999.900
     -4.000    -11.057    -11.261   -999.900   -999.900      0.204      0.000    -47.500    -47.300    -11.057    -11.261   -999.900   -999.900
     -7.000    -14.049    -14.244   -999.900   -999.900      0.195      0.000    -50.500    -50.300    -14.049    -14.244   -999.900   -999.900
    -10.000    -17.078    -17.261   -999.900   -999.900      0.183      0.000    -53.500    -53.300    -17.078    -17.261   -999.900   -999.900
    -13.000    -20.088    -20.267   -999.900   -999.900      0.179      0.000    -56.500    -56.300    -20.088    -20.267   -999.900   -999.900
    -16.000    -23.085    -23.264   -999.900   -999.900      0.178      0.000    -59.500    -59.300    -23.085    -23.264   -999.900   -999.900
    -19.000    -26.085    -26.264   -999.900   -999.900      0.178      0.000    -62.500    -62.300    -26.085    -26.264   -999.900   -999.900
    -22.000    -29.097    -29.277   -999.900   -999.900      0.180      0.000    -65.500    -65.300    -29.097    -29.277   -999.900   -999.900
    -25.000    -32.080    -32.264   -999.900   -999.900      0.183      0.000    -68.500    -68.300    -32.081    -32.264   -999.900   -999.900
    -28.000    -35.087    -35.265   -999.900   -999.900      0.177      0.000    -71.500    -71.300    -35.087    -35.265   -999.900   -999.900
    -31.000    -38.086    -38.266   -999.900   -999.900      0.180      0.000    -74.500    -74.300    -38.086    -38.267   -999.900   -999.900
    -34.000    -41.100    -41.284   -999.900   -999.900      0.184      0.000    -77.500    -77.300    -41.101    -41.285   -999.900   -999.900
    -37.000    -44.091    -44.279   -999.900   -999.900      0.188      0.000    -80.500    -80.300    -44.092    -44.280   -999.900   -999.900
    -40.000    -47.099    -47.288   -999.900   -999.900      0.189      0.000    -83.500    -83.300    -47.102    -47.290   -999.900   -999.900
    -43.000    -50.073    -50.257   -999.900   -999.900      0.184      0.000    -86.500    -86.300    -50.079    -50.261   -999.900   -999.900
    -46.000    -53.078    -53.265   -999.900   -999.900      0.187      0.000    -89.500    -89.300    -53.089    -53.273   -999.900   -999.900
    -49.000    -56.115    -56.310   -999.900   -999.900      0.195      0.000    -92.500    -92.300    -56.138    -56.326   -999.900   -999.900
    -52.000    -59.100    -59.297   -999.900   -999.900      0.197      0.000    -95.500    -95.300    -59.145    -59.329   -999.900   -999.900
    -55.000    -62.087    -62.294   -999.900   -999.900      0.207      0.000    -98.500    -98.300    -62.177    -62.356   -999.900   -999.900
    -58.000    -65.024    -65.205   -999.900   -999.900      0.181      0.000   -101.500   -101.300    -65.203    -65.328   -999.900   -999.900
    -61.000    -67.915    -68.089   -999.900   -999.900      0.174      0.000   -104.500   -104.300    -68.269    -68.332   -999.900   -999.900
    -64.000    -70.684    -70.857   -999.900   -999.900      0.173      0.000   -107.500   -107.300    -71.379    -71.328   -999.900   -999.900
    -67.000    -73.092    -73.330   -999.900   -999.900      0.238      0.000   -110.500   -110.300    -74.386    -74.200   -999.900   -999.900
    -70.000    -75.031    -75.738   -999.900   -999.900      0.706      0.000   -113.500   -113.300    -77.270    -77.387   -999.900   -999.900
    -73.000    -77.514    -77.666   -999.900   -999.900      0.153      0.000   -116.500   -116.300    -82.940    -80.614   -999.900   -999.900
    -76.000    -78.463    -78.881   -999.900   -999.900      0.418      0.000   -119.500   -119.300    -87.958    -83.463   -999.900   -999.900
    -79.000    -79.756    -79.834   -999.900   -999.900      0.077      0.000   -122.500   -122.300    -87.958    -87.084   -999.900   -999.900
    -82.000    -80.166    -80.232   -999.900   -999.900      0.066      0.000   -125.500   -125.300    -87.958    -89.802   -999.900   -999.900
    -85.000    -80.602    -80.737   -999.900   -999.900      0.135      0.000   -128.500   -128.300    -87.958   -112.611   -999.900   -999.900
    -88.000    -80.778    -80.900   -999.900   -999.900      0.122      0.000   -131.500   -131.300    -87.958   -112.611   -999.900   -999.900
    -91.000    -77.806    -80.608   -999.900   -999.900      2.802      0.000   -134.500   -134.300    -87.958   -112.611   -999.900   -999.900
    -94.000    -80.226    -80.547   -999.900   -999.900      0.320      0.000   -137.500   -137.300    -87.958   -112.611   -999.900   -999.900
    -97.000    -74.844    -79.924   -999.900   -999.900      5.079      0.000   -140.500   -140.300    -87.958   -112.611   -999.900   -999.900
   -100.000    -80.886    -81.035   -999.900   -999.900      0.149      0.000   -143.500   -143.300    -87.958   -112.611   -999.900   -999.900
   -103.000    -80.753    -81.013   -999.900   -999.900      0.259      0.000   -146.500   -146.300    -87.958   -112.611   -999.900   -999.900
   -106.000    -79.812    -80.541   -999.900   -999.900      0.729      0.000   -149.500   -149.300    -87.958   -112.611   -999.900   -999.900
   -109.000    -80.893    -81.021   -999.900   -999.900      0.128      0.000   -152.500   -152.300    -87.958   -112.611   -999.900   -999.900
   -112.000    -75.517    -80.161   -999.900   -999.900      4.644      0.000   -155.500   -155.300    -87.958   -112.611   -999.900   -999.900
