     20.000      8.074      7.966   -999.900   -999.900      0.108      0.000    -23.500    -23.300      8.074      7.966   -999.900   -999.900
     17.000      8.072      7.966   -999.900   -999.900      0.107      0.000    -26.500    -26.300      8.072      7.966   -999.900   -999.900
     14.000      8.049      7.915   -999.900   -999.900      0.134      0.000    -29.500    -29.300      8.049      7.915   -999.900   -999.900
     11.000      6.355      5.852   -999.900   -999.900      0.503      0.000    -32.500    -32.300      6.355      5.852   -999.900   -999.900
      8.000      3.752      3.238   -999.900   -999.900      0.514      0.000    -35.500    -35.300      3.752      3.238   -999.900   -999.900
      5.000      0.872      0.369   -999.900   -999.900      0.503      0.000    -38.500    -38.300      0.872      0.369   -999.900   -999.900
      2.000     -2.070     -2.556   -999.900   -999.900      0.487      0.000    -41.500    -41.300     -2.070     -2.556   -999.900   -999.900
     -1.000     -5.053     -5.525   -999.900   -999.900      0.473      0.000    -44.500    -44.300     -5.053     -5.525   -999.900   -999.900
     -4.000     -8.079     -8.543   -999.900   -999.900      0.464      0.000    -47.500    -47.300     -8.079     -8.543   -999.900   -999.900
     -7.000    -11.070    -11.527   -999.900   -999.900      0.458      0.000    -50.500    -50.300    -11.070    -11.527   -999.900   -999.900
    -10.000    -14.100    -14.546   -999.900   -999.900      0.446      0.000    -53.500    -53.300    -14.100    -14.546   -999.900   -999.900
    -13.000    -17.112    -17.551   -999.900   -999.900      0.439      0.000    -56.500    -56.300    -17.112    -17.551   -999.900   -999.900
    -16.000    -20.110    -20.549   -999.900   -999.900      0.439      0.000    -59.500    -59.300    -20.110    -20.549   -999.900   -999.900
    -19.000    -23.111    -23.550   -999.900   -999.900      0.439      0.000    -62.500    -62.300    -23.111    -23.550   -999.900   -999.900
    -22.000    -26.130    -26.565   -999.900   -999.900      0.435      0.000    -65.500    -65.300    -26.130    -26.565   -999.900   -999.900
    -25.000    -29.104    -29.551   -999.900   -999.900      0.448      0.000    -68.500    -68.300    -29.104    -29.552   -999.900   -999.900
    -28.000    -32.109    -32.553   -999.900   -999.900      0.444      0.000    -71.500    -71.300    -32.109    -32.553   -999.900   -999.900
    -31.000    -35.111    -35.555   -999.900   -999.900      0.444      0.000    -74.500    -74.300    -35.111    -35.556   -999.900   -999.900
    -34.000    -38.126    -38.574   -999.900   -999.900      0.447      0.000    -77.500    -77.300    -38.127    -38.574   -999.900   -999.900
    -37.000    -41.117    -41.568   -999.900   -999.900      0.452      0.000    -80.500    -80.300    -41.118    -41.570   -999.900   -999.900
    -40.000    -44.126    -44.579   -999.900   -999.900      0.452      0.000    -83.500    -83.300    -44.129    -44.581   -999.900   -999.900
    -43.000    -47.100    -47.547   -999.900   -999.900      0.448      0.000    -86.500    -86.300    -47.105    -47.553   -999.900   -999.900
    -46.000    -50.104    -50.555   -999.900   -999.900      0.451      0.000    -89.500    -89.300    -50.115    -50.566   -999.900   -999.900
    -49.000    -53.141    -53.596   -999.900   -999.900      0.455      0.000    -92.500    -92.300    -53.163    -53.618   -999.900   -999.900
    -52.000    -56.121    -56.578   -999.900   -999.900      0.457      0.000    -95.500    -95.300    -56.165    -56.623   -999.900   -999.900
    -55.000    -59.105    -59.555   -999.900   -999.900      0.450      0.000    -98.500    -98.300    -59.194    -59.645   -999.900   -999.900
    -58.000    -62.008    -62.440   -999.900   -999.900      0.432      0.000   -101.500   -101.300    -62.183    -62.616   -999.900   -999.900
    -61.000    -64.854    -65.271   -999.900   -999.900      0.417      0.000   -104.500   -104.300    -65.197    -65.614   -999.900   -999.900
    -64.000    -67.554    -67.947   -999.900   -999.900      0.393      0.000   -107.500   -107.300    -68.217    -68.606   -999.900   -999.900
    -67.000    -70.021    -70.399   -999.900   -999.900      0.378      0.000   -110.500   -110.300    -71.268    -71.635   -999.900   -999.900
    -70.000    -72.144    -72.481   -999.900   -999.900      0.337      0.000   -113.500   -113.300    -74.414    -74.700   -999.900   -999.900
    -73.000    -73.771    -74.057   -999.900   -999.900      0.286      0.000   -116.500   -116.300    -77.667    -77.774   -999.900   -999.900
    -76.000    -73.511    -74.842   -999.900   -999.900      1.331      0.000   -119.500   -119.300    -77.055    -79.916   -999.900   -999.900
    -79.000    -75.561    -75.571   -999.900   -999.900      0.010      0.000   -122.500   -122.300    -85.319    -82.899   -999.900   -999.900
    -82.000    -75.985    -76.182   -999.900   -999.900      0.197      0.000   -125.500   -125.300    -94.454    -88.265   -999.900   -999.900
    -85.000    -76.185    -76.377   -999.900   -999.900      0.192      0.000   -128.500   -128.300    -94.454    -93.665   -999.900   -999.900
    -88.000    -76.287    -76.505   -999.900   -999.900      0.218      0.000   -131.500   -131.300    -94.454    -93.665   -999.900   -999.900
    -91.000    -76.339    -76.550   -999.900   -999.900      0.211      0.000   -134.500   -134.300    -94.454    -93.665   -999.900   -999.900
    -94.000    -76.358    -76.381   -999.900   -999.900      0.024      0.000   -137.500   -137.300    -94.454    -93.665   -999.900   -999.900
    -97.000    -76.370    -76.373   -999.900   -999.900      0.003      0.000   -140.500   -140.300    -94.454    -93.665   -999.900   -999.900
   -100.000    -76.392    -76.594   -999.900   -999.900      0.202      0.000   -143.500   -143.300    -94.454    -93.665   -999.900   -999.900
   -103.000    -74.865    -76.346   -999.900   -999.900      1.481      0.000   -146.500   -146.300    -94.454    -93.665   -999.900   -999.900
   -106.000    -76.413    -76.591   -999.900   -999.900      0.177      0.000   -149.500   -149.300    -94.454    -93.665   -999.900   -999.900
   -109.000    -76.400    -76.366   -999.900   -999.900     -0.034      0.000   -152.500   -152.300    -94.454    -93.665   -999.900   -999.900
   -112.000    -76.395    -76.406   -999.900   -999.900      0.011      0.000   -155.500   -155.300    -94.454    -93.665   -999.900   -999.900
