     20.000      4.871      5.447   -999.900   -999.900     -0.575      0.000    -23.500    -23.300      4.871      5.447   -999.900   -999.900
     17.000      4.872      5.447   -999.900   -999.900     -0.575      0.000    -26.500    -26.300      4.872      5.447   -999.900   -999.900
     14.000      4.771      5.387   -999.900   -999.900     -0.616      0.000    -29.500    -29.300      4.771      5.387   -999.900   -999.900
     11.000      2.105      3.296   -999.900   -999.900     -1.191      0.000    -32.500    -32.300      2.105      3.296   -999.900   -999.900
      8.000     -0.680      0.676   -999.900   -999.900     -1.356      0.000    -35.500    -35.300     -0.680      0.676   -999.900   -999.900
      5.000     -3.614     -2.192   -999.900   -999.900     -1.421      0.000    -38.500    -38.300     -3.614     -2.192   -999.900   -999.900
      2.000     -6.579     -5.117   -999.900   -999.900     -1.461      0.000    -41.500    -41.300     -6.579     -5.117   -999.900   -999.900
     -1.000     -9.570     -8.086   -999.900   -999.900     -1.484      0.000    -44.500    -44.300     -9.570     -8.086   -999.900   -999.900
     -4.000    -12.603    -11.104   -999.900   -999.900     -1.499      0.000    -47.500    -47.300    -12.603    -11.104   -999.900   -999.900
     -7.000    -15.601    -14.087   -999.900   -999.900     -1.515      0.000    -50.500    -50.300    -15.601    -14.087   -999.900   -999.900
    -10.000    -18.628    -17.103   -999.900   -999.900     -1.525      0.000    -53.500    -53.300    -18.628    -17.103   -999.900   -999.900
    -13.000    -21.631    -20.108   -999.900   -999.900     -1.523      0.000    -56.500    -56.300    -21.631    -20.108   -999.900   -999.900
    -16.000    -24.627    -23.103   -999.900   -999.900     -1.525      0.000    -59.500    -59.300    -24.627    -23.103   -999.900   -999.900
    -19.000    -27.628    -26.103   -999.900   -999.900     -1.525      0.000    -62.500    -62.300    -27.628    -26.103   -999.900   -999.900
    -22.000    -30.638    -29.116   -999.900   -999.900     -1.522      0.000    -65.500    -65.300    -30.638    -29.116   -999.900   -999.900
    -25.000    -33.623    -32.103   -999.900   -999.900     -1.520      0.000    -68.500    -68.300    -33.623    -32.103   -999.900   -999.900
    -28.000    -36.628    -35.101   -999.900   -999.900     -1.527      0.000    -71.500    -71.300    -36.628    -35.101   -999.900   -999.900
    -31.000    -39.628    -38.102   -999.900   -999.900     -1.525      0.000    -74.500    -74.300    -39.628    -38.103   -999.900   -999.900
    -34.000    -42.640    -41.119   -999.900   -999.900     -1.521      0.000    -77.500    -77.300    -42.641    -41.120   -999.900   -999.900
    -37.000    -45.628    -44.114   -999.900   -999.900     -1.515      0.000    -80.500    -80.300    -45.629    -44.114   -999.900   -999.900
    -40.000    -48.639    -47.121   -999.900   -999.900     -1.518      0.000    -83.500    -83.300    -48.641    -47.123   -999.900   -999.900
    -43.000    -51.611    -50.089   -999.900   -999.900     -1.522      0.000    -86.500    -86.300    -51.614    -50.093   -999.900   -999.900
    -46.000    -54.623    -53.096   -999.900   -999.900     -1.527      0.000    -89.500    -89.300    -54.630    -53.103   -999.900   -999.900
    -49.000    -57.660    -56.137   -999.900   -999.900     -1.523      0.000    -92.500    -92.300    -57.674    -56.151   -999.900   -999.900
    -52.000    -60.638    -59.128   -999.900   -999.900     -1.510      0.000    -95.500    -95.300    -60.666    -59.155   -999.900   -999.900
    -55.000    -63.623    -62.125   -999.900   -999.900     -1.497      0.000    -98.500    -98.300    -63.679    -62.180   -999.900   -999.900
    -58.000    -66.549    -65.044   -999.900   -999.900     -1.505      0.000   -101.500   -101.300    -66.661    -65.151   -999.900   -999.900
    -61.000    -69.460    -67.935   -999.900   -999.900     -1.525      0.000   -104.500   -104.300    -69.682    -68.146   -999.900   -999.900
    -64.000    -72.233    -70.719   -999.900   -999.900     -1.514      0.000   -107.500   -107.300    -72.662    -71.129   -999.900   -999.900
    -67.000    -74.848    -73.346   -999.900   -999.900     -1.503      0.000   -110.500   -110.300    -75.667    -74.129   -999.900   -999.900
    -70.000    -77.181    -75.687   -999.900   -999.900     -1.494      0.000   -113.500   -113.300    -78.693    -77.131   -999.900   -999.900
    -73.000    -79.063    -77.636   -999.900   -999.900     -1.428      0.000   -116.500   -116.300    -81.687    -80.178   -999.900   -999.900
    -76.000    -80.467    -79.031   -999.900   -999.900     -1.436      0.000   -119.500   -119.300    -84.743    -83.133   -999.900   -999.900
    -79.000    -81.354    -79.966   -999.900   -999.900     -1.388      0.000   -122.500   -122.300    -87.706    -86.127   -999.900   -999.900
    -82.000    -81.888    -80.538   -999.900   -999.900     -1.350      0.000   -125.500   -125.300    -90.712    -89.221   -999.900   -999.900
    -85.000    -82.225    -80.825   -999.900   -999.900     -1.400      0.000   -128.500   -128.300    -94.384    -92.006   -999.900   -999.900
    -88.000    -82.301    -80.983   -999.900   -999.900     -1.319      0.000   -131.500   -131.300    -95.847    -94.741   -999.900   -999.900
    -91.000    -82.389    -81.082   -999.900   -999.900     -1.308      0.000   -134.500   -134.300    -98.460    -98.057   -999.900   -999.900
    -94.000    -82.475    -81.139   -999.900   -999.900     -1.336      0.000   -137.500   -137.300   -105.232   -102.680   -999.900   -999.900
    -97.000    -82.493    -81.175   -999.900   -999.900     -1.318      0.000   -140.500   -140.300   -111.796   -102.680   -999.900   -999.900
   -100.000    -82.513    -81.181   -999.900   -999.900     -1.332      0.000   -143.500   -143.300   -111.796   -102.680   -999.900   -999.900
   -103.000    -82.486    -81.165   -999.900   -999.900     -1.321      0.000   -146.500   -146.300   -111.796   -102.680   -999.900   -999.900
   -106.000    -82.468    -81.165   -999.900   -999.900     -1.303      0.000   -149.500   -149.300   -111.796   -102.680   -999.900   -999.900
   -109.000    -82.495    -81.168   -999.900   -999.900     -1.327      0.000   -152.500   -152.300   -111.796   -102.680   -999.900   -999.900
   -112.000    -82.528    -81.170   -999.900   -999.900     -1.358      0.000   -155.500   -155.300   -111.796   -102.680   -999.900   -999.900
