     20.000      5.269      5.469   -999.900   -999.900     -0.199      0.000    -23.500    -23.300      5.269      5.469   -999.900   -999.900
     17.000      5.268      5.468   -999.900   -999.900     -0.200      0.000    -26.500    -26.300      5.268      5.468   -999.900   -999.900
     14.000      5.210      5.409   -999.900   -999.900     -0.199      0.000    -29.500    -29.300      5.210      5.409   -999.900   -999.900
     11.000      3.000      3.336   -999.900   -999.900     -0.336      0.000    -32.500    -32.300      3.000      3.336   -999.900   -999.900
      8.000      0.298      0.721   -999.900   -999.900     -0.423      0.000    -35.500    -35.300      0.298      0.721   -999.900   -999.900
      5.000     -2.608     -2.145   -999.900   -999.900     -0.462      0.000    -38.500    -38.300     -2.608     -2.145   -999.900   -999.900
      2.000     -5.559     -5.070   -999.900   -999.900     -0.489      0.000    -41.500    -41.300     -5.559     -5.070   -999.900   -999.900
     -1.000     -8.546     -8.038   -999.900   -999.900     -0.508      0.000    -44.500    -44.300     -8.546     -8.038   -999.900   -999.900
     -4.000    -11.581    -11.061   -999.900   -999.900     -0.520      0.000    -47.500    -47.300    -11.581    -11.061   -999.900   -999.900
     -7.000    -14.575    -14.043   -999.900   -999.900     -0.532      0.000    -50.500    -50.300    -14.575    -14.043   -999.900   -999.900
    -10.000    -17.606    -17.062   -999.900   -999.900     -0.544      0.000    -53.500    -53.300    -17.606    -17.062   -999.900   -999.900
    -13.000    -20.614    -20.068   -999.900   -999.900     -0.546      0.000    -56.500    -56.300    -20.614    -20.068   -999.900   -999.900
    -16.000    -23.611    -23.064   -999.900   -999.900     -0.547      0.000    -59.500    -59.300    -23.611    -23.064   -999.900   -999.900
    -19.000    -26.610    -26.064   -999.900   -999.900     -0.546      0.000    -62.500    -62.300    -26.610    -26.064   -999.900   -999.900
    -22.000    -29.623    -29.078   -999.900   -999.900     -0.544      0.000    -65.500    -65.300    -29.623    -29.078   -999.900   -999.900
    -25.000    -32.607    -32.066   -999.900   -999.900     -0.541      0.000    -68.500    -68.300    -32.607    -32.066   -999.900   -999.900
    -28.000    -35.615    -35.066   -999.900   -999.900     -0.548      0.000    -71.500    -71.300    -35.615    -35.066   -999.900   -999.900
    -31.000    -38.613    -38.068   -999.900   -999.900     -0.545      0.000    -74.500    -74.300    -38.613    -38.068   -999.900   -999.900
    -34.000    -41.627    -41.086   -999.900   -999.900     -0.541      0.000    -77.500    -77.300    -41.627    -41.087   -999.900   -999.900
    -37.000    -44.617    -44.079   -999.900   -999.900     -0.538      0.000    -80.500    -80.300    -44.618    -44.080   -999.900   -999.900
    -40.000    -47.627    -47.088   -999.900   -999.900     -0.538      0.000    -83.500    -83.300    -47.628    -47.090   -999.900   -999.900
    -43.000    -50.601    -50.057   -999.900   -999.900     -0.544      0.000    -86.500    -86.300    -50.605    -50.061   -999.900   -999.900
    -46.000    -53.607    -53.067   -999.900   -999.900     -0.540      0.000    -89.500    -89.300    -53.613    -53.074   -999.900   -999.900
    -49.000    -56.647    -56.108   -999.900   -999.900     -0.538      0.000    -92.500    -92.300    -56.660    -56.122   -999.900   -999.900
    -52.000    -59.630    -59.102   -999.900   -999.900     -0.528      0.000    -95.500    -95.300    -59.656    -59.129   -999.900   -999.900
    -55.000    -62.624    -62.092   -999.900   -999.900     -0.532      0.000    -98.500    -98.300    -62.677    -62.146   -999.900   -999.900
    -58.000    -65.546    -65.013   -999.900   -999.900     -0.533      0.000   -101.500   -101.300    -65.651    -65.119   -999.900   -999.900
    -61.000    -68.454    -67.902   -999.900   -999.900     -0.552      0.000   -104.500   -104.300    -68.661    -68.112   -999.900   -999.900
    -64.000    -71.240    -70.675   -999.900   -999.900     -0.565      0.000   -107.500   -107.300    -71.642    -71.082   -999.900   -999.900
    -67.000    -73.886    -73.310   -999.900   -999.900     -0.575      0.000   -110.500   -110.300    -74.657    -74.088   -999.900   -999.900
    -70.000    -76.255    -75.661   -999.900   -999.900     -0.594      0.000   -113.500   -113.300    -77.686    -77.099   -999.900   -999.900
    -73.000    -78.168    -77.601   -999.900   -999.900     -0.567      0.000   -116.500   -116.300    -80.657    -80.123   -999.900   -999.900
    -76.000    -79.609    -79.011   -999.900   -999.900     -0.598      0.000   -119.500   -119.300    -83.675    -83.094   -999.900   -999.900
    -79.000    -80.531    -79.952   -999.900   -999.900     -0.579      0.000   -122.500   -122.300    -86.579    -86.094   -999.900   -999.900
    -82.000    -81.079    -80.501   -999.900   -999.900     -0.578      0.000   -125.500   -125.300    -89.394    -89.006   -999.900   -999.900
    -85.000    -81.413    -80.841   -999.900   -999.900     -0.572      0.000   -128.500   -128.300    -92.430    -92.330   -999.900   -999.900
    -88.000    -81.582    -80.992   -999.900   -999.900     -0.589      0.000   -131.500   -131.300    -95.276    -95.172   -999.900   -999.900
    -91.000    -81.686    -81.062   -999.900   -999.900     -0.624      0.000   -134.500   -134.300    -98.799    -97.503   -999.900   -999.900
    -94.000    -81.704    -81.117   -999.900   -999.900     -0.586      0.000   -137.500   -137.300    -99.833   -101.092   -999.900   -999.900
    -97.000    -81.744    -81.133   -999.900   -999.900     -0.611      0.000   -140.500   -140.300   -103.815   -103.059   -999.900   -999.900
   -100.000    -81.737    -81.138   -999.900   -999.900     -0.599      0.000   -143.500   -143.300   -102.783   -103.809   -999.900   -999.900
   -103.000    -81.788    -81.169   -999.900   -999.900     -0.619      0.000   -146.500   -146.300   -102.783   -103.809   -999.900   -999.900
   -106.000    -81.787    -81.152   -999.900   -999.900     -0.635      0.000   -149.500   -149.300   -102.783   -103.809   -999.900   -999.900
   -109.000    -81.781    -81.182   -999.900   -999.900     -0.599      0.000   -152.500   -152.300   -102.783   -103.809   -999.900   -999.900
   -112.000    -81.763    -81.166   -999.900   -999.900     -0.597      0.000   -155.500   -155.300   -102.783   -103.809   -999.900   -999.900
