     20.000      4.911      5.468   -999.900   -999.900     -0.557      0.000    -23.500    -23.300      4.911      5.468   -999.900   -999.900
     17.000      4.910      5.468   -999.900   -999.900     -0.558      0.000    -26.500    -26.300      4.910      5.468   -999.900   -999.900
     14.000      4.813      5.411   -999.900   -999.900     -0.597      0.000    -29.500    -29.300      4.813      5.411   -999.900   -999.900
     11.000      2.176      3.352   -999.900   -999.900     -1.176      0.000    -32.500    -32.300      2.176      3.352   -999.900   -999.900
      8.000     -0.603      0.740   -999.900   -999.900     -1.344      0.000    -35.500    -35.300     -0.603      0.740   -999.900   -999.900
      5.000     -3.535     -2.125   -999.900   -999.900     -1.410      0.000    -38.500    -38.300     -3.535     -2.125   -999.900   -999.900
      2.000     -6.499     -5.049   -999.900   -999.900     -1.450      0.000    -41.500    -41.300     -6.499     -5.049   -999.900   -999.900
     -1.000     -9.490     -8.016   -999.900   -999.900     -1.474      0.000    -44.500    -44.300     -9.490     -8.016   -999.900   -999.900
     -4.000    -12.522    -11.033   -999.900   -999.900     -1.489      0.000    -47.500    -47.300    -12.522    -11.033   -999.900   -999.900
     -7.000    -15.520    -14.015   -999.900   -999.900     -1.505      0.000    -50.500    -50.300    -15.520    -14.015   -999.900   -999.900
    -10.000    -18.548    -17.032   -999.900   -999.900     -1.516      0.000    -53.500    -53.300    -18.548    -17.032   -999.900   -999.900
    -13.000    -21.552    -20.037   -999.900   -999.900     -1.515      0.000    -56.500    -56.300    -21.552    -20.037   -999.900   -999.900
    -16.000    -24.548    -23.033   -999.900   -999.900     -1.515      0.000    -59.500    -59.300    -24.548    -23.033   -999.900   -999.900
    -19.000    -27.548    -26.032   -999.900   -999.900     -1.515      0.000    -62.500    -62.300    -27.548    -26.032   -999.900   -999.900
    -22.000    -30.558    -29.046   -999.900   -999.900     -1.513      0.000    -65.500    -65.300    -30.558    -29.046   -999.900   -999.900
    -25.000    -33.542    -32.032   -999.900   -999.900     -1.510      0.000    -68.500    -68.300    -33.542    -32.032   -999.900   -999.900
    -28.000    -36.548    -35.031   -999.900   -999.900     -1.517      0.000    -71.500    -71.300    -36.548    -35.031   -999.900   -999.900
    -31.000    -39.548    -38.031   -999.900   -999.900     -1.516      0.000    -74.500    -74.300    -39.548    -38.031   -999.900   -999.900
    -34.000    -42.561    -41.049   -999.900   -999.900     -1.512      0.000    -77.500    -77.300    -42.562    -41.050   -999.900   -999.900
    -37.000    -45.552    -44.043   -999.900   -999.900     -1.509      0.000    -80.500    -80.300    -45.553    -44.044   -999.900   -999.900
    -40.000    -48.563    -47.050   -999.900   -999.900     -1.513      0.000    -83.500    -83.300    -48.565    -47.052   -999.900   -999.900
    -43.000    -51.536    -50.019   -999.900   -999.900     -1.517      0.000    -86.500    -86.300    -51.539    -50.022   -999.900   -999.900
    -46.000    -54.550    -53.025   -999.900   -999.900     -1.525      0.000    -89.500    -89.300    -54.557    -53.031   -999.900   -999.900
    -49.000    -57.586    -56.065   -999.900   -999.900     -1.521      0.000    -92.500    -92.300    -57.600    -56.078   -999.900   -999.900
    -52.000    -60.567    -59.055   -999.900   -999.900     -1.512      0.000    -95.500    -95.300    -60.595    -59.082   -999.900   -999.900
    -55.000    -63.551    -62.051   -999.900   -999.900     -1.501      0.000    -98.500    -98.300    -63.607    -62.105   -999.900   -999.900
    -58.000    -66.483    -64.974   -999.900   -999.900     -1.508      0.000   -101.500   -101.300    -66.594    -65.081   -999.900   -999.900
    -61.000    -69.388    -67.855   -999.900   -999.900     -1.533      0.000   -104.500   -104.300    -69.607    -68.066   -999.900   -999.900
    -64.000    -72.167    -70.645   -999.900   -999.900     -1.522      0.000   -107.500   -107.300    -72.593    -71.055   -999.900   -999.900
    -67.000    -74.781    -73.256   -999.900   -999.900     -1.525      0.000   -110.500   -110.300    -75.593    -74.034   -999.900   -999.900
    -70.000    -77.093    -75.590   -999.900   -999.900     -1.504      0.000   -113.500   -113.300    -78.584    -77.022   -999.900   -999.900
    -73.000    -79.030    -77.558   -999.900   -999.900     -1.473      0.000   -116.500   -116.300    -81.657    -80.090   -999.900   -999.900
    -76.000    -80.433    -78.964   -999.900   -999.900     -1.469      0.000   -119.500   -119.300    -84.714    -83.064   -999.900   -999.900
    -79.000    -81.342    -79.908   -999.900   -999.900     -1.434      0.000   -122.500   -122.300    -87.776    -86.089   -999.900   -999.900
    -82.000    -81.809    -80.410   -999.900   -999.900     -1.399      0.000   -125.500   -125.300    -90.361    -88.714   -999.900   -999.900
    -85.000    -82.090    -80.739   -999.900   -999.900     -1.351      0.000   -128.500   -128.300    -92.953    -91.669   -999.900   -999.900
    -88.000    -82.265    -80.899   -999.900   -999.900     -1.367      0.000   -131.500   -131.300    -95.810    -94.238   -999.900   -999.900
    -91.000    -82.429    -81.040   -999.900   -999.900     -1.389      0.000   -134.500   -134.300   -103.673    -99.317   -999.900   -999.900
    -94.000    -82.462    -81.095   -999.900   -999.900     -1.368      0.000   -137.500   -137.300   -103.673   -107.442   -999.900   -999.900
    -97.000    -82.500    -81.097   -999.900   -999.900     -1.403      0.000   -140.500   -140.300   -103.673   -108.567   -999.900   -999.900
   -100.000    -82.419    -81.072   -999.900   -999.900     -1.347      0.000   -143.500   -143.300   -103.673   -102.336   -999.900   -999.900
   -103.000    -82.419    -81.071   -999.900   -999.900     -1.348      0.000   -146.500   -146.300   -103.673   -102.213   -999.900   -999.900
   -106.000    -82.497    -81.133   -999.900   -999.900     -1.363      0.000   -149.500   -149.300   -103.673   -102.213   -999.900   -999.900
   -109.000    -82.479    -81.122   -999.900   -999.900     -1.357      0.000   -152.500   -152.300   -103.673   -102.213   -999.900   -999.900
   -112.000    -82.495    -81.125   -999.900   -999.900     -1.370      0.000   -155.500   -155.300   -103.673   -102.213   -999.900   -999.900
