     20.000      5.179      5.359   -999.900   -999.900     -0.180      0.000    -23.500    -23.300      5.179      5.359   -999.900   -999.900
     17.000      5.178      5.359   -999.900   -999.900     -0.181      0.000    -26.500    -26.300      5.178      5.359   -999.900   -999.900
     14.000      5.115      5.293   -999.900   -999.900     -0.178      0.000    -29.500    -29.300      5.115      5.293   -999.900   -999.900
     11.000      2.828      3.110   -999.900   -999.900     -0.281      0.000    -32.500    -32.300      2.828      3.110   -999.900   -999.900
      8.000      0.116      0.469   -999.900   -999.900     -0.354      0.000    -35.500    -35.300      0.116      0.469   -999.900   -999.900
      5.000     -2.794     -2.404   -999.900   -999.900     -0.390      0.000    -38.500    -38.300     -2.794     -2.404   -999.900   -999.900
      2.000     -5.745     -5.330   -999.900   -999.900     -0.414      0.000    -41.500    -41.300     -5.745     -5.330   -999.900   -999.900
     -1.000     -8.732     -8.299   -999.900   -999.900     -0.433      0.000    -44.500    -44.300     -8.732     -8.299   -999.900   -999.900
     -4.000    -11.758    -11.314   -999.900   -999.900     -0.444      0.000    -47.500    -47.300    -11.758    -11.314   -999.900   -999.900
     -7.000    -14.751    -14.296   -999.900   -999.900     -0.455      0.000    -50.500    -50.300    -14.751    -14.296   -999.900   -999.900
    -10.000    -17.775    -17.309   -999.900   -999.900     -0.466      0.000    -53.500    -53.300    -17.775    -17.309   -999.900   -999.900
    -13.000    -20.777    -20.310   -999.900   -999.900     -0.467      0.000    -56.500    -56.300    -20.777    -20.310   -999.900   -999.900
    -16.000    -23.772    -23.304   -999.900   -999.900     -0.468      0.000    -59.500    -59.300    -23.772    -23.304   -999.900   -999.900
    -19.000    -26.767    -26.299   -999.900   -999.900     -0.468      0.000    -62.500    -62.300    -26.767    -26.299   -999.900   -999.900
    -22.000    -29.778    -29.311   -999.900   -999.900     -0.466      0.000    -65.500    -65.300    -29.778    -29.311   -999.900   -999.900
    -25.000    -32.758    -32.295   -999.900   -999.900     -0.463      0.000    -68.500    -68.300    -32.758    -32.295   -999.900   -999.900
    -28.000    -35.761    -35.292   -999.900   -999.900     -0.469      0.000    -71.500    -71.300    -35.761    -35.292   -999.900   -999.900
    -31.000    -38.757    -38.292   -999.900   -999.900     -0.465      0.000    -74.500    -74.300    -38.757    -38.292   -999.900   -999.900
    -34.000    -41.769    -41.307   -999.900   -999.900     -0.462      0.000    -77.500    -77.300    -41.769    -41.308   -999.900   -999.900
    -37.000    -44.757    -44.299   -999.900   -999.900     -0.458      0.000    -80.500    -80.300    -44.758    -44.300   -999.900   -999.900
    -40.000    -47.760    -47.302   -999.900   -999.900     -0.458      0.000    -83.500    -83.300    -47.762    -47.304   -999.900   -999.900
    -43.000    -50.733    -50.269   -999.900   -999.900     -0.464      0.000    -86.500    -86.300    -50.736    -50.273   -999.900   -999.900
    -46.000    -53.737    -53.274   -999.900   -999.900     -0.463      0.000    -89.500    -89.300    -53.744    -53.281   -999.900   -999.900
    -49.000    -56.775    -56.311   -999.900   -999.900     -0.464      0.000    -92.500    -92.300    -56.789    -56.325   -999.900   -999.900
    -52.000    -59.755    -59.299   -999.900   -999.900     -0.456      0.000    -95.500    -95.300    -59.782    -59.326   -999.900   -999.900
    -55.000    -62.752    -62.294   -999.900   -999.900     -0.458      0.000    -98.500    -98.300    -62.807    -62.350   -999.900   -999.900
    -58.000    -65.671    -65.209   -999.900   -999.900     -0.461      0.000   -101.500   -101.300    -65.779    -65.319   -999.900   -999.900
    -61.000    -68.575    -68.099   -999.900   -999.900     -0.476      0.000   -104.500   -104.300    -68.788    -68.316   -999.900   -999.900
    -64.000    -71.360    -70.875   -999.900   -999.900     -0.485      0.000   -107.500   -107.300    -71.775    -71.295   -999.900   -999.900
    -67.000    -73.975    -73.485   -999.900   -999.900     -0.490      0.000   -110.500   -110.300    -74.766    -74.286   -999.900   -999.900
    -70.000    -76.318    -75.820   -999.900   -999.900     -0.498      0.000   -113.500   -113.300    -77.779    -77.296   -999.900   -999.900
    -73.000    -78.249    -77.739   -999.900   -999.900     -0.510      0.000   -116.500   -116.300    -80.811    -80.322   -999.900   -999.900
    -76.000    -79.648    -79.122   -999.900   -999.900     -0.527      0.000   -119.500   -119.300    -83.794    -83.282   -999.900   -999.900
    -79.000    -80.543    -80.046   -999.900   -999.900     -0.497      0.000   -122.500   -122.300    -86.664    -86.291   -999.900   -999.900
    -82.000    -81.114    -80.604   -999.900   -999.900     -0.510      0.000   -125.500   -125.300    -89.706    -89.364   -999.900   -999.900
    -85.000    -81.419    -80.885   -999.900   -999.900     -0.534      0.000   -128.500   -128.300    -92.646    -92.134   -999.900   -999.900
    -88.000    -81.595    -81.056   -999.900   -999.900     -0.540      0.000   -131.500   -131.300    -95.899    -95.265   -999.900   -999.900
    -91.000    -81.677    -81.126   -999.900   -999.900     -0.551      0.000   -134.500   -134.300    -98.906    -97.653   -999.900   -999.900
    -94.000    -81.714    -81.183   -999.900   -999.900     -0.531      0.000   -137.500   -137.300   -101.552   -101.545   -999.900   -999.900
    -97.000    -81.743    -81.210   -999.900   -999.900     -0.533      0.000   -140.500   -140.300   -105.839   -106.143   -999.900   -999.900
   -100.000    -81.744    -81.231   -999.900   -999.900     -0.513      0.000   -143.500   -143.300   -106.057   -106.143   -999.900   -999.900
   -103.000    -81.758    -81.234   -999.900   -999.900     -0.524      0.000   -146.500   -146.300   -115.922   -106.143   -999.900   -999.900
   -106.000    -81.751    -81.221   -999.900   -999.900     -0.530      0.000   -149.500   -149.300   -108.829   -106.143   -999.900   -999.900
   -109.000    -81.773    -81.219   -999.900   -999.900     -0.554      0.000   -152.500   -152.300   -108.829   -106.143   -999.900   -999.900
   -112.000    -81.773    -81.214   -999.900   -999.900     -0.559      0.000   -155.500   -155.300   -108.829   -106.143   -999.900   -999.900
