     20.000      5.278      5.439   -999.900   -999.900     -0.161      0.000    -23.500    -23.300      5.278      5.439   -999.900   -999.900
     17.000      5.277      5.439   -999.900   -999.900     -0.162      0.000    -26.500    -26.300      5.277      5.439   -999.900   -999.900
     14.000      5.223      5.379   -999.900   -999.900     -0.156      0.000    -29.500    -29.300      5.223      5.379   -999.900   -999.900
     11.000      3.050      3.270   -999.900   -999.900     -0.219      0.000    -32.500    -32.300      3.050      3.270   -999.900   -999.900
      8.000      0.351      0.642   -999.900   -999.900     -0.291      0.000    -35.500    -35.300      0.351      0.642   -999.900   -999.900
      5.000     -2.555     -2.228   -999.900   -999.900     -0.328      0.000    -38.500    -38.300     -2.555     -2.228   -999.900   -999.900
      2.000     -5.507     -5.155   -999.900   -999.900     -0.352      0.000    -41.500    -41.300     -5.507     -5.155   -999.900   -999.900
     -1.000     -8.495     -8.125   -999.900   -999.900     -0.371      0.000    -44.500    -44.300     -8.495     -8.125   -999.900   -999.900
     -4.000    -11.525    -11.143   -999.900   -999.900     -0.382      0.000    -47.500    -47.300    -11.525    -11.143   -999.900   -999.900
     -7.000    -14.518    -14.126   -999.900   -999.900     -0.393      0.000    -50.500    -50.300    -14.518    -14.126   -999.900   -999.900
    -10.000    -17.548    -17.144   -999.900   -999.900     -0.405      0.000    -53.500    -53.300    -17.548    -17.144   -999.900   -999.900
    -13.000    -20.556    -20.149   -999.900   -999.900     -0.408      0.000    -56.500    -56.300    -20.556    -20.149   -999.900   -999.900
    -16.000    -23.553    -23.144   -999.900   -999.900     -0.409      0.000    -59.500    -59.300    -23.553    -23.144   -999.900   -999.900
    -19.000    -26.554    -26.145   -999.900   -999.900     -0.409      0.000    -62.500    -62.300    -26.554    -26.145   -999.900   -999.900
    -22.000    -29.567    -29.159   -999.900   -999.900     -0.408      0.000    -65.500    -65.300    -29.567    -29.159   -999.900   -999.900
    -25.000    -32.551    -32.146   -999.900   -999.900     -0.404      0.000    -68.500    -68.300    -32.551    -32.146   -999.900   -999.900
    -28.000    -35.559    -35.148   -999.900   -999.900     -0.412      0.000    -71.500    -71.300    -35.559    -35.148   -999.900   -999.900
    -31.000    -38.558    -38.150   -999.900   -999.900     -0.409      0.000    -74.500    -74.300    -38.558    -38.150   -999.900   -999.900
    -34.000    -41.572    -41.168   -999.900   -999.900     -0.403      0.000    -77.500    -77.300    -41.572    -41.169   -999.900   -999.900
    -37.000    -44.561    -44.162   -999.900   -999.900     -0.400      0.000    -80.500    -80.300    -44.562    -44.163   -999.900   -999.900
    -40.000    -47.571    -47.170   -999.900   -999.900     -0.400      0.000    -83.500    -83.300    -47.573    -47.172   -999.900   -999.900
    -43.000    -50.545    -50.139   -999.900   -999.900     -0.406      0.000    -86.500    -86.300    -50.549    -50.143   -999.900   -999.900
    -46.000    -53.551    -53.148   -999.900   -999.900     -0.403      0.000    -89.500    -89.300    -53.558    -53.155   -999.900   -999.900
    -49.000    -56.590    -56.192   -999.900   -999.900     -0.398      0.000    -92.500    -92.300    -56.604    -56.207   -999.900   -999.900
    -52.000    -59.570    -59.182   -999.900   -999.900     -0.388      0.000    -95.500    -95.300    -59.599    -59.212   -999.900   -999.900
    -55.000    -62.565    -62.172   -999.900   -999.900     -0.393      0.000    -98.500    -98.300    -62.623    -62.232   -999.900   -999.900
    -58.000    -65.492    -65.089   -999.900   -999.900     -0.403      0.000   -101.500   -101.300    -65.605    -65.206   -999.900   -999.900
    -61.000    -68.386    -67.977   -999.900   -999.900     -0.409      0.000   -104.500   -104.300    -68.610    -68.209   -999.900   -999.900
    -64.000    -71.169    -70.746   -999.900   -999.900     -0.422      0.000   -107.500   -107.300    -71.603    -71.196   -999.900   -999.900
    -67.000    -73.783    -73.354   -999.900   -999.900     -0.429      0.000   -110.500   -110.300    -74.612    -74.213   -999.900   -999.900
    -70.000    -76.123    -75.679   -999.900   -999.900     -0.444      0.000   -113.500   -113.300    -77.660    -77.269   -999.900   -999.900
    -73.000    -78.051    -77.596   -999.900   -999.900     -0.455      0.000   -116.500   -116.300    -80.763    -80.408   -999.900   -999.900
    -76.000    -79.428    -78.934   -999.900   -999.900     -0.494      0.000   -119.500   -119.300    -83.839    -83.476   -999.900   -999.900
    -79.000    -80.354    -79.844   -999.900   -999.900     -0.510      0.000   -122.500   -122.300    -87.119    -86.832   -999.900   -999.900
    -82.000    -80.876    -80.394   -999.900   -999.900     -0.481      0.000   -125.500   -125.300    -90.467    -90.753   -999.900   -999.900
    -85.000    -81.114    -80.689   -999.900   -999.900     -0.425      0.000   -128.500   -128.300    -93.365    -96.169   -999.900   -999.900
    -88.000    -81.278    -80.857   -999.900   -999.900     -0.421      0.000   -131.500   -131.300    -97.577    -96.169   -999.900   -999.900
    -91.000    -81.359    -80.875   -999.900   -999.900     -0.485      0.000   -134.500   -134.300   -104.324    -96.169   -999.900   -999.900
    -94.000    -81.431    -80.938   -999.900   -999.900     -0.492      0.000   -137.500   -137.300   -104.324    -96.169   -999.900   -999.900
    -97.000    -81.477    -80.954   -999.900   -999.900     -0.523      0.000   -140.500   -140.300   -104.324    -96.169   -999.900   -999.900
   -100.000    -81.480    -80.975   -999.900   -999.900     -0.505      0.000   -143.500   -143.300   -104.324    -96.169   -999.900   -999.900
   -103.000    -81.048    -80.695   -999.900   -999.900     -0.353      0.000   -146.500   -146.300   -104.324    -96.169   -999.900   -999.900
   -106.000    -81.491    -81.012   -999.900   -999.900     -0.480      0.000   -149.500   -149.300   -104.324    -96.169   -999.900   -999.900
   -109.000    -81.571    -81.010   -999.900   -999.900     -0.561      0.000   -152.500   -152.300   -104.324    -96.169   -999.900   -999.900
   -112.000    -81.336    -80.411   -999.900   -999.900     -0.925      0.000   -155.500   -155.300   -104.324    -96.169   -999.900   -999.900
