     20.000      4.879      5.450   -999.900   -999.900     -0.571      0.000    -23.500    -23.300      4.879      5.450   -999.900   -999.900
     17.000      4.879      5.450   -999.900   -999.900     -0.571      0.000    -26.500    -26.300      4.879      5.450   -999.900   -999.900
     14.000      4.779      5.391   -999.900   -999.900     -0.612      0.000    -29.500    -29.300      4.779      5.391   -999.900   -999.900
     11.000      2.116      3.303   -999.900   -999.900     -1.187      0.000    -32.500    -32.300      2.116      3.303   -999.900   -999.900
      8.000     -0.666      0.684   -999.900   -999.900     -1.350      0.000    -35.500    -35.300     -0.666      0.684   -999.900   -999.900
      5.000     -3.601     -2.185   -999.900   -999.900     -1.416      0.000    -38.500    -38.300     -3.601     -2.185   -999.900   -999.900
      2.000     -6.567     -5.110   -999.900   -999.900     -1.457      0.000    -41.500    -41.300     -6.567     -5.110   -999.900   -999.900
     -1.000     -9.559     -8.078   -999.900   -999.900     -1.481      0.000    -44.500    -44.300     -9.559     -8.078   -999.900   -999.900
     -4.000    -12.594    -11.098   -999.900   -999.900     -1.496      0.000    -47.500    -47.300    -12.594    -11.098   -999.900   -999.900
     -7.000    -15.593    -14.081   -999.900   -999.900     -1.512      0.000    -50.500    -50.300    -15.593    -14.081   -999.900   -999.900
    -10.000    -18.619    -17.098   -999.900   -999.900     -1.521      0.000    -53.500    -53.300    -18.619    -17.098   -999.900   -999.900
    -13.000    -21.623    -20.103   -999.900   -999.900     -1.521      0.000    -56.500    -56.300    -21.623    -20.103   -999.900   -999.900
    -16.000    -24.620    -23.098   -999.900   -999.900     -1.521      0.000    -59.500    -59.300    -24.620    -23.098   -999.900   -999.900
    -19.000    -27.619    -26.097   -999.900   -999.900     -1.522      0.000    -62.500    -62.300    -27.619    -26.097   -999.900   -999.900
    -22.000    -30.630    -29.111   -999.900   -999.900     -1.520      0.000    -65.500    -65.300    -30.630    -29.111   -999.900   -999.900
    -25.000    -33.615    -32.098   -999.900   -999.900     -1.517      0.000    -68.500    -68.300    -33.615    -32.098   -999.900   -999.900
    -28.000    -36.620    -35.096   -999.900   -999.900     -1.523      0.000    -71.500    -71.300    -36.620    -35.097   -999.900   -999.900
    -31.000    -39.620    -38.099   -999.900   -999.900     -1.521      0.000    -74.500    -74.300    -39.620    -38.099   -999.900   -999.900
    -34.000    -42.634    -41.116   -999.900   -999.900     -1.517      0.000    -77.500    -77.300    -42.634    -41.117   -999.900   -999.900
    -37.000    -45.622    -44.110   -999.900   -999.900     -1.512      0.000    -80.500    -80.300    -45.623    -44.111   -999.900   -999.900
    -40.000    -48.632    -47.118   -999.900   -999.900     -1.514      0.000    -83.500    -83.300    -48.634    -47.120   -999.900   -999.900
    -43.000    -51.602    -50.085   -999.900   -999.900     -1.516      0.000    -86.500    -86.300    -51.605    -50.089   -999.900   -999.900
    -46.000    -54.616    -53.093   -999.900   -999.900     -1.523      0.000    -89.500    -89.300    -54.623    -53.100   -999.900   -999.900
    -49.000    -57.653    -56.133   -999.900   -999.900     -1.520      0.000    -92.500    -92.300    -57.667    -56.147   -999.900   -999.900
    -52.000    -60.633    -59.125   -999.900   -999.900     -1.509      0.000    -95.500    -95.300    -60.662    -59.152   -999.900   -999.900
    -55.000    -63.618    -62.117   -999.900   -999.900     -1.501      0.000    -98.500    -98.300    -63.675    -62.172   -999.900   -999.900
    -58.000    -66.544    -65.036   -999.900   -999.900     -1.507      0.000   -101.500   -101.300    -66.656    -65.145   -999.900   -999.900
    -61.000    -69.442    -67.934   -999.900   -999.900     -1.509      0.000   -104.500   -104.300    -69.664    -68.147   -999.900   -999.900
    -64.000    -72.233    -70.709   -999.900   -999.900     -1.524      0.000   -107.500   -107.300    -72.665    -71.123   -999.900   -999.900
    -67.000    -74.853    -73.325   -999.900   -999.900     -1.528      0.000   -110.500   -110.300    -75.678    -74.113   -999.900   -999.900
    -70.000    -77.153    -75.656   -999.900   -999.900     -1.497      0.000   -113.500   -113.300    -78.666    -77.107   -999.900   -999.900
    -73.000    -79.049    -77.584   -999.900   -999.900     -1.464      0.000   -116.500   -116.300    -81.686    -80.124   -999.900   -999.900
    -76.000    -80.411    -79.001   -999.900   -999.900     -1.410      0.000   -119.500   -119.300    -84.644    -83.130   -999.900   -999.900
    -79.000    -81.328    -79.922   -999.900   -999.900     -1.406      0.000   -122.500   -122.300    -87.694    -86.094   -999.900   -999.900
    -82.000    -81.871    -80.471   -999.900   -999.900     -1.400      0.000   -125.500   -125.300    -90.784    -89.030   -999.900   -999.900
    -85.000    -82.170    -80.801   -999.900   -999.900     -1.369      0.000   -128.500   -128.300    -93.946    -92.263   -999.900   -999.900
    -88.000    -82.323    -80.941   -999.900   -999.900     -1.382      0.000   -131.500   -131.300    -97.156    -94.823   -999.900   -999.900
    -91.000    -82.405    -81.022   -999.900   -999.900     -1.383      0.000   -134.500   -134.300   -100.817    -97.429   -999.900   -999.900
    -94.000    -82.418    -81.067   -999.900   -999.900     -1.351      0.000   -137.500   -137.300   -101.842   -100.075   -999.900   -999.900
    -97.000    -82.427    -81.130   -999.900   -999.900     -1.297      0.000   -140.500   -140.300   -102.676   -100.075   -999.900   -999.900
   -100.000    -82.488    -81.126   -999.900   -999.900     -1.362      0.000   -143.500   -143.300   -102.676   -100.075   -999.900   -999.900
   -103.000    -82.464    -81.146   -999.900   -999.900     -1.318      0.000   -146.500   -146.300   -102.676   -100.075   -999.900   -999.900
   -106.000    -82.445    -81.108   -999.900   -999.900     -1.336      0.000   -149.500   -149.300   -102.676   -100.075   -999.900   -999.900
   -109.000    -82.469    -81.110   -999.900   -999.900     -1.359      0.000   -152.500   -152.300   -102.676   -100.075   -999.900   -999.900
   -112.000    -82.475    -81.122   -999.900   -999.900     -1.354      0.000   -155.500   -155.300   -102.676   -100.075   -999.900   -999.900
