     14.000      7.936      7.940   -999.900   -999.900     -0.004      0.000    -29.500    -29.300      7.936      7.940   -999.900   -999.900
     11.000      6.436      6.556   -999.900   -999.900     -0.120      0.000    -32.500    -32.300      6.436      6.556   -999.900   -999.900
      8.000      3.791      4.022   -999.900   -999.900     -0.232      0.000    -35.500    -35.300      3.791      4.022   -999.900   -999.900
      5.000      0.883      1.154   -999.900   -999.900     -0.272      0.000    -38.500    -38.300      0.883      1.154   -999.900   -999.900
      2.000     -2.066     -1.769   -999.900   -999.900     -0.298      0.000    -41.500    -41.300     -2.066     -1.769   -999.900   -999.900
     -1.000     -5.056     -4.739   -999.900   -999.900     -0.318      0.000    -44.500    -44.300     -5.056     -4.739   -999.900   -999.900
     -4.000     -8.091     -7.761   -999.900   -999.900     -0.330      0.000    -47.500    -47.300     -8.091     -7.761   -999.900   -999.900
     -7.000    -11.084    -10.745   -999.900   -999.900     -0.339      0.000    -50.500    -50.300    -11.084    -10.745   -999.900   -999.900
    -10.000    -14.105    -13.760   -999.900   -999.900     -0.345      0.000    -53.500    -53.300    -14.105    -13.760   -999.900   -999.900
    -13.000    -17.103    -16.754   -999.900   -999.900     -0.349      0.000    -56.500    -56.300    -17.103    -16.754   -999.900   -999.900
    -16.000    -20.103    -19.754   -999.900   -999.900     -0.349      0.000    -59.500    -59.300    -20.103    -19.754   -999.900   -999.900
    -19.000    -23.105    -22.754   -999.900   -999.900     -0.351      0.000    -62.500    -62.300    -23.105    -22.754   -999.900   -999.900
    -22.000    -26.112    -25.761   -999.900   -999.900     -0.351      0.000    -65.500    -65.300    -26.112    -25.761   -999.900   -999.900
    -25.000    -29.098    -28.748   -999.900   -999.900     -0.350      0.000    -68.500    -68.300    -29.098    -28.748   -999.900   -999.900
    -28.000    -32.099    -31.749   -999.900   -999.900     -0.351      0.000    -71.500    -71.300    -32.100    -31.749   -999.900   -999.900
    -31.000    -35.101    -34.750   -999.900   -999.900     -0.351      0.000    -74.500    -74.300    -35.102    -34.750   -999.900   -999.900
    -34.000    -38.116    -37.766   -999.900   -999.900     -0.350      0.000    -77.500    -77.300    -38.117    -37.767   -999.900   -999.900
    -37.000    -41.110    -40.757   -999.900   -999.900     -0.353      0.000    -80.500    -80.300    -41.112    -40.759   -999.900   -999.900
    -40.000    -44.121    -43.770   -999.900   -999.900     -0.351      0.000    -83.500    -83.300    -44.124    -43.773   -999.900   -999.900
    -43.000    -47.081    -46.739   -999.900   -999.900     -0.342      0.000    -86.500    -86.300    -47.088    -46.746   -999.900   -999.900
    -46.000    -50.079    -49.745   -999.900   -999.900     -0.335      0.000    -89.500    -89.300    -50.091    -49.757   -999.900   -999.900
    -49.000    -53.088    -52.764   -999.900   -999.900     -0.324      0.000    -92.500    -92.300    -53.112    -52.790   -999.900   -999.900
    -52.000    -56.050    -55.727   -999.900   -999.900     -0.323      0.000    -95.500    -95.300    -56.099    -55.778   -999.900   -999.900
    -55.000    -59.030    -58.708   -999.900   -999.900     -0.322      0.000    -98.500    -98.300    -59.128    -58.810   -999.900   -999.900
    -58.000    -61.939    -61.611   -999.900   -999.900     -0.328      0.000   -101.500   -101.300    -62.132    -61.811   -999.900   -999.900
    -61.000    -64.769    -64.434   -999.900   -999.900     -0.334      0.000   -104.500   -104.300    -65.145    -64.825   -999.900   -999.900
    -64.000    -67.407    -67.072   -999.900   -999.900     -0.335      0.000   -107.500   -107.300    -68.125    -67.819   -999.900   -999.900
    -67.000    -69.799    -69.424   -999.900   -999.900     -0.375      0.000   -110.500   -110.300    -71.133    -70.800   -999.900   -999.900
    -70.000    -71.787    -71.397   -999.900   -999.900     -0.391      0.000   -113.500   -113.300    -74.139    -73.820   -999.900   -999.900
    -73.000    -73.277    -72.865   -999.900   -999.900     -0.411      0.000   -116.500   -116.300    -77.140    -76.842   -999.900   -999.900
    -76.000    -74.277    -73.820   -999.900   -999.900     -0.456      0.000   -119.500   -119.300    -80.156    -79.793   -999.900   -999.900
    -79.000    -74.875    -74.401   -999.900   -999.900     -0.474      0.000   -122.500   -122.300    -83.150    -82.760   -999.900   -999.900
    -82.000    -75.204    -74.733   -999.900   -999.900     -0.471      0.000   -125.500   -125.300    -86.075    -85.808   -999.900   -999.900
    -85.000    -75.389    -74.913   -999.900   -999.900     -0.476      0.000   -128.500   -128.300    -89.185    -89.009   -999.900   -999.900
    -88.000    -75.473    -74.996   -999.900   -999.900     -0.477      0.000   -131.500   -131.300    -91.855    -91.894   -999.900   -999.900
    -91.000    -75.531    -75.043   -999.900   -999.900     -0.488      0.000   -134.500   -134.300    -95.533    -95.143   -999.900   -999.900
    -94.000    -75.556    -75.054   -999.900   -999.900     -0.503      0.000   -137.500   -137.300    -99.423    -96.422   -999.900   -999.900
    -97.000    -75.563    -75.081   -999.900   -999.900     -0.483      0.000   -140.500   -140.300   -101.561   -104.632   -999.900   -999.900
   -100.000    -75.577    -75.081   -999.900   -999.900     -0.497      0.000   -143.500   -143.300   -101.561   -104.539   -999.900   -999.900
   -103.000    -75.575    -75.075   -999.900   -999.900     -0.500      0.000   -146.500   -146.300   -101.561   -101.181   -999.900   -999.900
   -106.000    -75.570    -75.094   -999.900   -999.900     -0.476      0.000   -149.500   -149.300   -101.561   -101.181   -999.900   -999.900
   -109.000    -75.560    -75.080   -999.900   -999.900     -0.480      0.000   -152.500   -152.300   -101.561   -101.181   -999.900   -999.900
   -112.000    -75.579    -75.080   -999.900   -999.900     -0.499      0.000   -155.500   -155.300   -101.561   -101.181   -999.900   -999.900
   -115.000    -75.582    -75.093   -999.900   -999.900     -0.489      0.000   -158.500   -158.300   -101.561   -101.181   -999.900   -999.900
   -118.000    -75.576    -75.097   -999.900   -999.900     -0.479      0.000   -161.500   -161.300   -101.561   -101.181   -999.900   -999.900
