    -14.000      8.781      8.761      6.438      6.432      0.019      0.006    -30.330    -30.270   -999.900   -999.900   -999.900   -999.900
    -16.000      6.851      6.849      6.160      6.155      0.002      0.005    -32.330    -32.270   -999.900   -999.900   -999.900   -999.900
    -18.000      4.858      4.858      5.143      5.143      0.000     -0.000    -34.330    -34.270   -999.900   -999.900   -999.900   -999.900
    -20.000      2.984      2.984      3.315      3.315      0.000     -0.000    -36.330    -36.270   -999.900   -999.900   -999.900   -999.900
    -22.000      1.052      1.052      1.411      1.411      0.000      0.000    -38.330    -38.270   -999.900   -999.900   -999.900   -999.900
    -24.000     -0.847     -0.847     -0.468     -0.468      0.000      0.000    -40.330    -40.270   -999.900   -999.900   -999.900   -999.900
    -26.000     -2.837     -2.837     -2.439     -2.439      0.000     -0.000    -42.330    -42.270   -999.900   -999.900   -999.900   -999.900
    -28.000     -4.839     -4.839     -4.428     -4.428      0.000     -0.000    -44.330    -44.270   -999.900   -999.900   -999.900   -999.900
    -30.000     -6.806     -6.806     -6.388     -6.388      0.000     -0.000    -46.330    -46.270   -999.900   -999.900   -999.900   -999.900
    -32.000     -8.826     -8.826     -8.398     -8.398      0.000     -0.000    -48.330    -48.270   -999.900   -999.900   -999.900   -999.900
    -34.000    -10.796    -10.796    -10.363    -10.363      0.000      0.000    -50.330    -50.270   -999.900   -999.900   -999.900   -999.900
    -36.000    -12.821    -12.821    -12.381    -12.381      0.000      0.000    -52.330    -52.270   -999.900   -999.900   -999.900   -999.900
    -38.000    -14.785    -14.785    -14.342    -14.342      0.000     -0.000    -54.330    -54.270   -999.900   -999.900   -999.900   -999.900
    -40.000    -16.799    -16.799    -16.359    -16.359      0.000     -0.000    -56.330    -56.270   -999.900   -999.900   -999.900   -999.900
    -42.000    -18.821    -18.821    -18.380    -18.380      0.000     -0.000    -58.330    -58.270   -999.900   -999.900   -999.900   -999.900
    -44.000    -20.797    -20.797    -20.357    -20.357      0.000      0.000    -60.330    -60.270   -999.900   -999.900   -999.900   -999.900
    -46.000    -22.796    -22.796    -22.357    -22.357      0.000      0.000    -62.330    -62.270   -999.900   -999.900   -999.900   -999.900
    -48.000    -24.767    -24.767    -24.321    -24.321     -0.000     -0.000    -64.330    -64.270   -999.900   -999.900   -999.900   -999.900
    -50.000    -26.785    -26.785    -26.345    -26.345      0.000     -0.000    -66.330    -66.270   -999.900   -999.900   -999.900   -999.900
    -52.000    -28.805    -28.805    -28.366    -28.365      0.000     -0.000    -68.330    -68.270   -999.900   -999.900   -999.900   -999.900
    -54.000    -30.811    -30.811    -30.367    -30.367      0.000      0.000    -70.330    -70.270   -999.900   -999.900   -999.900   -999.900
    -56.000    -31.858    -31.852    -31.407    -31.412     -0.006      0.006    -72.330    -72.270   -999.900   -999.900   -999.900   -999.900
    -58.000    -34.785    -34.785    -34.338    -34.338      0.000      0.000    -74.330    -74.270   -999.900   -999.900   -999.900   -999.900
    -60.000    -36.807    -36.807    -36.360    -36.359     -0.000     -0.000    -76.330    -76.270   -999.900   -999.900   -999.900   -999.900
    -62.000    -38.828    -38.828    -38.377    -38.377      0.000      0.000    -78.330    -78.270   -999.900   -999.900   -999.900   -999.900
    -64.000    -40.781    -40.781    -40.321    -40.321     -0.000      0.000    -80.330    -80.270   -999.900   -999.900   -999.900   -999.900
    -66.000    -42.803    -42.804    -42.339    -42.340      0.001      0.001    -82.330    -82.270   -999.900   -999.900   -999.900   -999.900
    -68.000    -44.758    -44.759    -44.300    -44.301      0.001      0.001    -84.330    -84.270   -999.900   -999.900   -999.900   -999.900
    -70.000    -46.771    -46.772    -46.319    -46.319      0.000     -0.000    -86.330    -86.270   -999.900   -999.900   -999.900   -999.900
    -72.000    -48.780    -48.780    -48.335    -48.336      0.000      0.000    -88.330    -88.270   -999.900   -999.900   -999.900   -999.900
