    -14.000      7.982      7.980      7.974      7.980      0.003     -0.006    -29.150    -29.110      7.982      7.980      7.974      7.980
    -16.000      7.242      7.244      7.328      7.330     -0.002     -0.002    -31.150    -31.110      7.242      7.244      7.328      7.330
    -18.000      6.011      6.011      6.249      6.249     -0.000      0.000    -33.150    -33.110      6.011      6.011      6.249      6.249
    -20.000      4.200      4.200      4.527      4.527      0.000      0.000    -35.150    -35.110      4.200      4.200      4.527      4.527
    -22.000      2.300      2.300      2.665      2.665      0.000      0.000    -37.150    -37.110      2.300      2.300      2.665      2.665
    -24.000      0.418      0.418      0.808      0.808      0.000      0.000    -39.150    -39.110      0.418      0.418      0.808      0.808
    -26.000     -1.559     -1.559     -1.150     -1.150      0.000      0.000    -41.150    -41.110     -1.559     -1.559     -1.150     -1.150
    -28.000     -3.553     -3.553     -3.127     -3.127      0.000      0.000    -43.150    -43.110     -3.553     -3.553     -3.127     -3.127
    -30.000     -5.519     -5.519     -5.081     -5.081      0.000      0.000    -45.150    -45.110     -5.519     -5.519     -5.081     -5.081
    -32.000     -7.532     -7.532     -7.085     -7.085      0.000      0.000    -47.150    -47.110     -7.532     -7.532     -7.085     -7.085
    -34.000     -9.504     -9.504     -9.050     -9.050     -0.000      0.000    -49.150    -49.110     -9.504     -9.504     -9.050     -9.050
    -36.000    -11.527    -11.527    -11.066    -11.066      0.000      0.000    -51.150    -51.110    -11.527    -11.527    -11.066    -11.066
    -38.000    -13.495    -13.495    -13.031    -13.030      0.000     -0.000    -53.150    -53.110    -13.495    -13.495    -13.031    -13.031
    -40.000    -15.513    -15.513    -15.047    -15.047     -0.000      0.000    -55.150    -55.110    -15.513    -15.513    -15.047    -15.047
    -42.000    -17.529    -17.529    -17.059    -17.059      0.000      0.000    -57.150    -57.110    -17.529    -17.529    -17.059    -17.059
    -44.000    -19.509    -19.509    -19.039    -19.039     -0.000      0.000    -59.150    -59.110    -19.509    -19.509    -19.039    -19.039
    -46.000    -21.510    -21.510    -21.040    -21.040      0.000      0.000    -61.150    -61.110    -21.510    -21.510    -21.040    -21.040
    -48.000    -23.482    -23.482    -23.008    -23.008      0.000      0.000    -63.150    -63.110    -23.482    -23.482    -23.008    -23.008
    -50.000    -25.499    -25.499    -25.025    -25.025      0.000      0.000    -65.150    -65.110    -25.499    -25.499    -25.025    -25.025
    -52.000    -27.518    -27.518    -27.046    -27.046      0.000      0.000    -67.150    -67.110    -27.519    -27.519    -27.046    -27.046
    -54.000    -29.532    -29.532    -29.059    -29.059      0.000      0.000    -69.150    -69.110    -29.532    -29.533    -29.060    -29.060
    -56.000    -31.552    -31.552    -31.079    -31.080     -0.000      0.000    -71.150    -71.110    -31.552    -31.552    -31.080    -31.080
    -58.000    -33.507    -33.507    -33.033    -33.033      0.000      0.000    -73.150    -73.110    -33.507    -33.507    -33.033    -33.034
    -60.000    -35.528    -35.528    -35.053    -35.053     -0.000      0.000    -75.150    -75.110    -35.529    -35.528    -35.053    -35.054
    -62.000    -37.548    -37.549    -37.074    -37.074      0.000     -0.000    -77.150    -77.110    -37.549    -37.549    -37.075    -37.075
    -64.000    -39.496    -39.496    -39.020    -39.020      0.000      0.000    -79.150    -79.110    -39.497    -39.497    -39.021    -39.021
    -66.000    -41.517    -41.517    -41.038    -41.038     -0.001     -0.000    -81.150    -81.110    -41.519    -41.518    -41.040    -41.040
    -68.000    -43.480    -43.486    -43.007    -43.001      0.007     -0.006    -83.150    -83.110    -43.482    -43.489    -43.009    -43.003
    -70.000    -45.495    -45.496    -45.021    -45.020      0.001     -0.000    -85.150    -85.110    -45.498    -45.499    -45.024    -45.024
    -72.000    -47.504    -47.504    -47.035    -47.034     -0.000     -0.001    -87.150    -87.110    -47.510    -47.509    -47.041    -47.039
    -74.000    -49.470    -49.471    -49.005    -49.006      0.001      0.000    -89.150    -89.110    -49.479    -49.480    -49.014    -49.014
    -76.000    -51.474    -51.475    -51.015    -51.014      0.001     -0.001    -91.150    -91.110    -51.488    -51.488    -51.029    -51.028
    -78.000    -53.416    -53.414    -52.959    -52.957     -0.001     -0.002    -93.150    -93.110    -53.437    -53.435    -52.980    -52.978
    -80.000    -55.413    -55.414    -54.959    -54.959      0.001      0.000    -95.150    -95.110    -55.446    -55.447    -54.992    -54.992
    -82.000    -57.362    -57.362    -56.908    -56.908     -0.000     -0.001    -97.150    -97.110    -57.414    -57.414    -56.961    -56.960
    -84.000    -59.357    -59.357    -58.898    -58.901     -0.000      0.003    -99.150    -99.110    -59.440    -59.440    -58.981    -58.984
    -86.000    -61.310    -61.313    -60.854    -60.854      0.003     -0.000   -101.150   -101.110    -61.440    -61.443    -60.985    -60.985
    -88.000    -63.236    -63.230    -62.776    -62.775     -0.007     -0.002   -103.150   -103.110    -63.441    -63.434    -62.982    -62.980
    -90.000    -65.134    -65.135    -64.683    -64.671      0.001     -0.011   -105.150   -105.110    -65.455    -65.456    -65.006    -64.993
    -92.000    -66.944    -66.946    -66.490    -66.489      0.002     -0.001   -107.150   -107.110    -67.441    -67.444    -66.990    -66.988
    -94.000    -68.695    -68.703    -68.238    -68.240      0.008      0.002   -109.150   -109.110    -69.461    -69.472    -69.009    -69.011
    -96.000    -70.265    -70.272    -69.810    -69.810      0.007     -0.001   -111.150   -111.110    -71.411    -71.423    -70.965    -70.964
    -98.000    -71.750    -71.737    -71.262    -71.270     -0.013      0.008   -113.150   -113.110    -73.467    -73.452    -72.977    -72.988
   -100.000    -72.990    -72.986    -72.516    -72.524     -0.004      0.008   -115.150   -115.110    -75.467    -75.464    -74.999    -75.012
   -102.000    -73.992    -73.995    -73.528    -73.537      0.003      0.010   -117.150   -117.110    -77.435    -77.450    -76.992    -77.012
   -104.000    -74.804    -74.802    -74.322    -74.344     -0.002      0.022   -119.150   -119.110    -79.490    -79.498    -79.008    -79.071
   -106.000    -75.376    -75.387    -74.910    -74.920      0.011      0.010   -121.150   -121.110    -81.448    -81.515    -81.032    -81.069
   -108.000    -75.792    -75.813    -75.323    -75.320      0.021     -0.003   -123.150   -123.110    -83.450    -83.611    -83.046    -83.021
   -110.000    -76.080    -76.102    -75.624    -75.627      0.022      0.003   -125.150   -125.110    -85.487    -85.739    -85.244    -85.260
   -112.000    -76.266    -76.267    -75.778    -75.780      0.001      0.002   -127.150   -127.110    -87.462    -87.568    -86.905    -86.923
   -114.000    -76.402    -76.405    -75.925    -75.912      0.002     -0.013   -129.150   -129.110    -89.727    -89.935    -89.372    -89.070
   -116.000    -76.455    -76.468    -76.004    -75.997      0.013     -0.006   -131.150   -131.110    -91.043    -91.666    -91.549    -91.288
   -118.000    -76.531    -76.503    -76.037    -76.027     -0.028     -0.010   -133.150   -133.110    -94.021    -92.980    -92.963    -92.443
   -120.000    -76.560    -76.558    -76.075    -76.074     -0.002     -0.001   -135.150   -135.110    -96.086    -96.607    -95.398    -95.189
   -122.000    -76.582    -76.576    -76.110    -76.118     -0.006      0.008   -137.150   -137.110    -98.723    -98.873   -100.255   -102.556
   -124.000    -76.590    -76.583    -76.118    -76.118     -0.007      0.000   -139.150   -139.110   -100.165   -100.260   -102.980   -102.600
   -126.000    -76.600    -76.602    -76.119    -76.137      0.001      0.019   -141.150   -141.110   -103.683   -100.260   -103.605   -102.600
   -128.000    -76.616    -76.609    -76.134    -76.138     -0.007      0.005   -143.150   -143.110   -103.683   -100.260   -103.605   -102.600
   -130.000    -76.603    -76.605    -76.111    -76.127      0.002      0.016   -145.150   -145.110   -103.683   -100.260   -103.605   -102.600
   -132.000    -76.616    -76.621    -76.153    -76.126      0.006     -0.027   -147.150   -147.110   -103.683   -100.260   -103.605   -102.600
   -134.000    -76.638    -76.613    -76.142    -76.153     -0.025      0.010   -149.150   -149.110   -103.683   -100.260   -103.605   -102.600
   -136.000    -76.631    -76.614    -76.151    -76.134     -0.018     -0.017   -151.150   -151.110   -103.683   -100.260   -103.605   -102.600
   -138.000    -76.628    -76.615    -76.144    -76.140     -0.013     -0.004   -153.150   -153.110   -103.683   -100.260   -103.605   -102.600
   -140.000    -76.633    -76.622    -76.135    -76.140     -0.011      0.005   -155.150   -155.110   -103.683   -100.260   -103.605   -102.600
