    -14.000      8.490      8.439      6.555      6.536      0.052      0.019    -30.330    -30.270      8.490      8.439      6.555      6.536
    -16.000      6.834      6.825      6.197      6.186      0.010      0.010    -32.330    -32.270      6.834      6.825      6.196      6.186
    -18.000      5.102      5.106      5.271      5.264     -0.004      0.006    -34.330    -34.270      5.102      5.106      5.270      5.264
    -20.000      2.996      2.996      3.325      3.325      0.000     -0.000    -36.330    -36.270      2.996      2.996      3.325      3.325
    -22.000      1.063      1.063      1.421      1.421      0.000     -0.000    -38.330    -38.270      1.063      1.063      1.421      1.421
    -24.000     -0.837     -0.838     -0.460     -0.460      0.000     -0.000    -40.330    -40.270     -0.837     -0.838     -0.460     -0.460
    -26.000     -2.827     -2.827     -2.431     -2.431      0.000     -0.000    -42.330    -42.270     -2.827     -2.827     -2.431     -2.431
    -28.000     -4.832     -4.832     -4.423     -4.423      0.000      0.000    -44.330    -44.270     -4.832     -4.832     -4.423     -4.423
    -30.000     -6.800     -6.800     -6.385     -6.385      0.000     -0.000    -46.330    -46.270     -6.800     -6.800     -6.385     -6.385
    -32.000     -8.822     -8.822     -8.395     -8.395      0.000     -0.000    -48.330    -48.270     -8.822     -8.822     -8.395     -8.395
    -34.000    -10.794    -10.794    -10.360    -10.360      0.000      0.000    -50.330    -50.270    -10.794    -10.794    -10.360    -10.360
    -36.000    -12.820    -12.820    -12.379    -12.379      0.000      0.000    -52.330    -52.270    -12.820    -12.820    -12.379    -12.379
    -38.000    -14.783    -14.783    -14.343    -14.342      0.000     -0.000    -54.330    -54.270    -14.783    -14.783    -14.343    -14.342
    -40.000    -16.798    -16.798    -16.359    -16.359      0.000     -0.000    -56.330    -56.270    -16.798    -16.798    -16.359    -16.359
    -42.000    -18.820    -18.820    -18.379    -18.379      0.000      0.000    -58.330    -58.270    -18.820    -18.821    -18.379    -18.379
    -44.000    -20.799    -20.799    -20.358    -20.358      0.000      0.000    -60.330    -60.270    -20.799    -20.799    -20.358    -20.358
    -46.000    -22.798    -22.798    -22.359    -22.359      0.000     -0.000    -62.330    -62.270    -22.798    -22.798    -22.359    -22.359
    -48.000    -24.769    -24.768    -24.324    -24.324     -0.000      0.000    -64.330    -64.270    -24.769    -24.769    -24.324    -24.324
    -50.000    -26.790    -26.790    -26.349    -26.349      0.000      0.000    -66.330    -66.270    -26.790    -26.790    -26.349    -26.349
    -52.000    -28.809    -28.809    -28.371    -28.370      0.000     -0.000    -68.330    -68.270    -28.809    -28.809    -28.371    -28.370
    -54.000    -30.815    -30.815    -30.371    -30.371      0.000      0.000    -70.330    -70.270    -30.815    -30.815    -30.371    -30.371
    -56.000    -32.836    -32.836    -32.389    -32.389      0.000     -0.000    -72.330    -72.270    -32.836    -32.836    -32.390    -32.389
    -58.000    -34.790    -34.790    -34.343    -34.343      0.000     -0.000    -74.330    -74.270    -34.790    -34.790    -34.343    -34.343
    -60.000    -36.812    -36.812    -36.365    -36.365      0.000      0.000    -76.330    -76.270    -36.812    -36.812    -36.365    -36.365
    -62.000    -38.834    -38.835    -38.382    -38.383      0.001      0.000    -78.330    -78.270    -38.835    -38.836    -38.383    -38.383
    -64.000    -40.788    -40.789    -40.326    -40.327      0.001      0.000    -80.330    -80.270    -40.789    -40.790    -40.328    -40.328
    -66.000    -42.387    -42.379    -41.917    -41.925     -0.008      0.008    -82.330    -82.270    -42.389    -42.381    -41.918    -41.927
    -68.000    -44.768    -44.768    -44.309    -44.310      0.000      0.000    -84.330    -84.270    -44.771    -44.771    -44.312    -44.313
    -70.000    -46.782    -46.782    -46.330    -46.330     -0.001      0.000    -86.330    -86.270    -46.787    -46.786    -46.334    -46.334
    -72.000    -48.791    -48.790    -48.347    -48.345     -0.001     -0.001    -88.330    -88.270    -48.798    -48.798    -48.354    -48.352
    -74.000    -50.751    -50.753    -50.316    -50.316      0.002      0.000    -90.330    -90.270    -50.762    -50.764    -50.327    -50.327
    -76.000    -52.753    -52.753    -52.323    -52.324     -0.000      0.001    -92.330    -92.270    -52.771    -52.771    -52.341    -52.342
    -78.000    -54.694    -54.696    -54.271    -54.273      0.002      0.001    -94.330    -94.270    -54.722    -54.724    -54.300    -54.301
    -80.000    -56.693    -56.693    -56.274    -56.276     -0.000      0.003    -96.330    -96.270    -56.738    -56.737    -56.319    -56.321
    -82.000    -58.633    -58.635    -58.224    -58.224      0.003      0.000    -98.330    -98.270    -58.703    -58.706    -58.294    -58.294
    -84.000    -60.619    -60.618    -60.207    -60.208     -0.001      0.001   -100.330   -100.270    -60.731    -60.730    -60.319    -60.320
    -86.000    -62.557    -62.551    -62.148    -62.150     -0.006      0.002   -102.330   -102.270    -62.733    -62.727    -62.324    -62.326
    -88.000    -64.449    -64.447    -64.045    -64.047     -0.002      0.002   -104.330   -104.270    -64.724    -64.722    -64.321    -64.323
    -90.000    -66.325    -66.328    -65.915    -65.913      0.003     -0.002   -106.330   -106.270    -66.757    -66.759    -66.347    -66.344
    -92.000    -68.054    -68.056    -67.652    -67.660      0.003      0.009   -108.330   -108.270    -68.714    -68.716    -68.313    -68.322
    -94.000    -69.721    -69.748    -69.326    -69.331      0.027      0.005   -110.330   -110.270    -70.728    -70.761    -70.338    -70.342
    -96.000    -71.213    -71.214    -70.803    -70.808      0.001      0.005   -112.330   -112.270    -72.711    -72.710    -72.303    -72.307
    -98.000    -72.533    -72.542    -72.145    -72.130      0.009     -0.015   -114.330   -114.270    -74.719    -74.730    -74.346    -74.316
   -100.000    -73.662    -73.651    -73.235    -73.234     -0.012     -0.001   -116.330   -116.270    -76.787    -76.757    -76.343    -76.331
   -102.000    -74.479    -74.505    -74.100    -74.077      0.026     -0.023   -118.330   -118.270    -78.671    -78.731    -78.346    -78.272
   -104.000    -75.147    -75.155    -74.755    -74.753      0.008     -0.002   -120.330   -120.270    -80.709    -80.722    -80.366    -80.338
   -106.000    -75.636    -75.620    -75.241    -75.206     -0.017     -0.034   -122.330   -122.270    -82.808    -82.697    -82.477    -82.267
   -108.000    -75.966    -75.946    -75.563    -75.537     -0.020     -0.027   -124.330   -124.270    -84.893    -84.697    -84.547    -84.289
   -110.000    -76.171    -76.173    -75.770    -75.768      0.003     -0.002   -126.330   -126.270    -86.826    -86.791    -86.535    -86.433
   -112.000    -76.310    -76.302    -75.892    -75.905     -0.009      0.014   -128.330   -128.270    -88.819    -88.570    -88.277    -88.386
   -114.000    -76.401    -76.395    -75.985    -75.987     -0.006      0.001   -130.330   -130.270    -90.825    -90.504    -90.279    -90.117
   -116.000    -76.457    -76.464    -76.050    -76.043      0.007     -0.007   -132.330   -132.270    -92.733    -92.770    -92.496    -91.878
   -118.000    -76.510    -76.505    -76.102    -76.094     -0.005     -0.007   -134.330   -134.270    -95.794    -94.942    -95.656    -94.475
   -120.000    -76.511    -76.519    -76.111    -76.120      0.008      0.009   -136.330   -136.270    -95.905    -96.110    -96.610    -96.752
   -122.000    -76.550    -76.546    -76.145    -76.140     -0.004     -0.005   -138.330   -138.270   -102.674    -99.736   -105.127    -99.898
   -124.000    -76.544    -76.571    -76.141    -76.149      0.027      0.008   -140.330   -140.270   -100.546    -99.736   -102.984   -103.079
   -126.000    -76.563    -76.584    -76.156    -76.159      0.021      0.003   -142.330   -142.270   -100.546    -99.736   -102.984   -103.079
   -128.000    -76.578    -76.567    -76.134    -76.160     -0.012      0.026   -144.330   -144.270   -100.546    -99.736   -102.984   -103.079
   -130.000    -76.581    -76.563    -76.145    -76.171     -0.018      0.026   -146.330   -146.270   -100.546    -99.736   -102.984   -103.079
   -132.000    -76.575    -76.570    -76.176    -76.169     -0.005     -0.007   -148.330   -148.270   -100.546    -99.736   -102.984   -103.079
   -134.000    -76.571    -76.572    -76.167    -76.159      0.001     -0.008   -150.330   -150.270   -100.546    -99.736   -102.984   -103.079
   -136.000    -76.576    -76.582    -76.153    -76.182      0.006      0.029   -152.330   -152.270   -100.546    -99.736   -102.984   -103.079
   -138.000    -76.550    -76.587    -76.164    -76.168      0.038      0.004   -154.330   -154.270   -100.546    -99.736   -102.984   -103.079
   -140.000    -76.573    -76.579    -76.159    -76.159      0.005      0.000   -156.330   -156.270   -100.546    -99.736   -102.984   -103.079
