     14.000      7.643      7.907   -999.900   -999.900     -0.265      0.000    -29.500    -29.300      7.643      7.907   -999.900   -999.900
     11.000      5.530      6.479   -999.900   -999.900     -0.950      0.000    -32.500    -32.300      5.530      6.479   -999.900   -999.900
      8.000      2.749      3.920   -999.900   -999.900     -1.172      0.000    -35.500    -35.300      2.749      3.920   -999.900   -999.900
      5.000     -0.186      1.051   -999.900   -999.900     -1.237      0.000    -38.500    -38.300     -0.186      1.051   -999.900   -999.900
      2.000     -3.147     -1.872   -999.900   -999.900     -1.275      0.000    -41.500    -41.300     -3.147     -1.872   -999.900   -999.900
     -1.000     -6.140     -4.840   -999.900   -999.900     -1.300      0.000    -44.500    -44.300     -6.140     -4.840   -999.900   -999.900
     -4.000     -9.172     -7.857   -999.900   -999.900     -1.316      0.000    -47.500    -47.300     -9.172     -7.857   -999.900   -999.900
     -7.000    -12.164    -10.839   -999.900   -999.900     -1.326      0.000    -50.500    -50.300    -12.164    -10.839   -999.900   -999.900
    -10.000    -15.176    -13.851   -999.900   -999.900     -1.325      0.000    -53.500    -53.300    -15.176    -13.851   -999.900   -999.900
    -13.000    -18.174    -16.841   -999.900   -999.900     -1.333      0.000    -56.500    -56.300    -18.174    -16.841   -999.900   -999.900
    -16.000    -21.173    -19.840   -999.900   -999.900     -1.333      0.000    -59.500    -59.300    -21.173    -19.840   -999.900   -999.900
    -19.000    -24.172    -22.835   -999.900   -999.900     -1.337      0.000    -62.500    -62.300    -24.172    -22.835   -999.900   -999.900
    -22.000    -27.176    -25.841   -999.900   -999.900     -1.335      0.000    -65.500    -65.300    -27.176    -25.841   -999.900   -999.900
    -25.000    -30.159    -28.825   -999.900   -999.900     -1.334      0.000    -68.500    -68.300    -30.160    -28.825   -999.900   -999.900
    -28.000    -33.159    -31.823   -999.900   -999.900     -1.335      0.000    -71.500    -71.300    -33.159    -31.824   -999.900   -999.900
    -31.000    -36.159    -34.823   -999.900   -999.900     -1.336      0.000    -74.500    -74.300    -36.160    -34.823   -999.900   -999.900
    -34.000    -39.170    -37.837   -999.900   -999.900     -1.334      0.000    -77.500    -77.300    -39.171    -37.837   -999.900   -999.900
    -37.000    -42.163    -40.826   -999.900   -999.900     -1.338      0.000    -80.500    -80.300    -42.165    -40.827   -999.900   -999.900
    -40.000    -45.167    -43.837   -999.900   -999.900     -1.330      0.000    -83.500    -83.300    -45.170    -43.840   -999.900   -999.900
    -43.000    -48.122    -46.802   -999.900   -999.900     -1.320      0.000    -86.500    -86.300    -48.129    -46.809   -999.900   -999.900
    -46.000    -51.119    -49.806   -999.900   -999.900     -1.313      0.000    -89.500    -89.300    -51.132    -49.819   -999.900   -999.900
    -49.000    -54.127    -52.820   -999.900   -999.900     -1.307      0.000    -92.500    -92.300    -54.153    -52.846   -999.900   -999.900
    -52.000    -57.091    -55.782   -999.900   -999.900     -1.308      0.000    -95.500    -95.300    -57.141    -55.833   -999.900   -999.900
    -55.000    -60.074    -58.759   -999.900   -999.900     -1.315      0.000    -98.500    -98.300    -60.175    -58.861   -999.900   -999.900
    -58.000    -62.974    -61.660   -999.900   -999.900     -1.314      0.000   -101.500   -101.300    -63.174    -61.861   -999.900   -999.900
    -61.000    -65.796    -64.480   -999.900   -999.900     -1.316      0.000   -104.500   -104.300    -66.188    -64.874   -999.900   -999.900
    -64.000    -68.417    -67.099   -999.900   -999.900     -1.319      0.000   -107.500   -107.300    -69.163    -67.848   -999.900   -999.900
    -67.000    -70.784    -69.475   -999.900   -999.900     -1.309      0.000   -110.500   -110.300    -72.164    -70.866   -999.900   -999.900
    -70.000    -72.758    -71.437   -999.900   -999.900     -1.321      0.000   -113.500   -113.300    -75.190    -73.883   -999.900   -999.900
    -73.000    -74.213    -72.899   -999.900   -999.900     -1.314      0.000   -116.500   -116.300    -78.185    -76.909   -999.900   -999.900
    -76.000    -75.178    -73.861   -999.900   -999.900     -1.317      0.000   -119.500   -119.300    -81.173    -79.921   -999.900   -999.900
    -79.000    -75.761    -74.443   -999.900   -999.900     -1.318      0.000   -122.500   -122.300    -84.178    -82.985   -999.900   -999.900
    -82.000    -76.084    -74.749   -999.900   -999.900     -1.335      0.000   -125.500   -125.300    -87.171    -85.881   -999.900   -999.900
    -85.000    -76.239    -74.928   -999.900   -999.900     -1.311      0.000   -128.500   -128.300    -89.765    -89.110   -999.900   -999.900
    -88.000    -76.344    -75.002   -999.900   -999.900     -1.341      0.000   -131.500   -131.300    -93.105    -91.651   -999.900   -999.900
    -91.000    -76.399    -75.081   -999.900   -999.900     -1.318      0.000   -134.500   -134.300    -97.110    -99.321   -999.900   -999.900
    -94.000    -76.377    -75.075   -999.900   -999.900     -1.303      0.000   -137.500   -137.300    -95.073    -97.897   -999.900   -999.900
    -97.000    -76.435    -75.089   -999.900   -999.900     -1.347      0.000   -140.500   -140.300   -114.467   -102.226   -999.900   -999.900
   -100.000    -76.445    -75.093   -999.900   -999.900     -1.352      0.000   -143.500   -143.300   -114.467   -104.715   -999.900   -999.900
   -103.000    -76.403    -75.085   -999.900   -999.900     -1.319      0.000   -146.500   -146.300   -114.467   -100.473   -999.900   -999.900
   -106.000    -76.431    -75.099   -999.900   -999.900     -1.331      0.000   -149.500   -149.300   -114.467   -100.473   -999.900   -999.900
   -109.000    -76.447    -75.099   -999.900   -999.900     -1.347      0.000   -152.500   -152.300   -114.467   -100.473   -999.900   -999.900
   -112.000    -76.444    -75.107   -999.900   -999.900     -1.337      0.000   -155.500   -155.300   -114.467   -100.473   -999.900   -999.900
   -115.000    -76.446    -75.103   -999.900   -999.900     -1.343      0.000   -158.500   -158.300   -114.467   -100.473   -999.900   -999.900
   -118.000    -76.436    -75.094   -999.900   -999.900     -1.342      0.000   -161.500   -161.300   -114.467   -100.473   -999.900   -999.900
