     14.000      7.928      7.931   -999.900   -999.900     -0.003      0.000    -29.500    -29.300      7.928      7.931   -999.900   -999.900
     11.000      6.415      6.537   -999.900   -999.900     -0.122      0.000    -32.500    -32.300      6.415      6.537   -999.900   -999.900
      8.000      3.763      3.996   -999.900   -999.900     -0.233      0.000    -35.500    -35.300      3.763      3.996   -999.900   -999.900
      5.000      0.856      1.129   -999.900   -999.900     -0.273      0.000    -38.500    -38.300      0.856      1.129   -999.900   -999.900
      2.000     -2.093     -1.794   -999.900   -999.900     -0.299      0.000    -41.500    -41.300     -2.093     -1.794   -999.900   -999.900
     -1.000     -5.081     -4.762   -999.900   -999.900     -0.319      0.000    -44.500    -44.300     -5.081     -4.762   -999.900   -999.900
     -4.000     -8.114     -7.783   -999.900   -999.900     -0.331      0.000    -47.500    -47.300     -8.114     -7.783   -999.900   -999.900
     -7.000    -11.107    -10.766   -999.900   -999.900     -0.341      0.000    -50.500    -50.300    -11.107    -10.766   -999.900   -999.900
    -10.000    -14.127    -13.781   -999.900   -999.900     -0.347      0.000    -53.500    -53.300    -14.127    -13.781   -999.900   -999.900
    -13.000    -17.123    -16.773   -999.900   -999.900     -0.349      0.000    -56.500    -56.300    -17.123    -16.773   -999.900   -999.900
    -16.000    -20.123    -19.773   -999.900   -999.900     -0.350      0.000    -59.500    -59.300    -20.123    -19.773   -999.900   -999.900
    -19.000    -23.123    -22.771   -999.900   -999.900     -0.351      0.000    -62.500    -62.300    -23.123    -22.771   -999.900   -999.900
    -22.000    -26.129    -25.777   -999.900   -999.900     -0.352      0.000    -65.500    -65.300    -26.129    -25.778   -999.900   -999.900
    -25.000    -29.113    -28.762   -999.900   -999.900     -0.351      0.000    -68.500    -68.300    -29.114    -28.762   -999.900   -999.900
    -28.000    -32.114    -31.762   -999.900   -999.900     -0.351      0.000    -71.500    -71.300    -32.114    -31.762   -999.900   -999.900
    -31.000    -35.114    -34.762   -999.900   -999.900     -0.352      0.000    -74.500    -74.300    -35.115    -34.762   -999.900   -999.900
    -34.000    -38.128    -37.777   -999.900   -999.900     -0.352      0.000    -77.500    -77.300    -38.129    -37.777   -999.900   -999.900
    -37.000    -41.121    -40.767   -999.900   -999.900     -0.354      0.000    -80.500    -80.300    -41.122    -40.768   -999.900   -999.900
    -40.000    -44.130    -43.779   -999.900   -999.900     -0.351      0.000    -83.500    -83.300    -44.133    -43.782   -999.900   -999.900
    -43.000    -47.089    -46.745   -999.900   -999.900     -0.344      0.000    -86.500    -86.300    -47.095    -46.752   -999.900   -999.900
    -46.000    -50.086    -49.751   -999.900   -999.900     -0.335      0.000    -89.500    -89.300    -50.098    -49.764   -999.900   -999.900
    -49.000    -53.093    -52.766   -999.900   -999.900     -0.326      0.000    -92.500    -92.300    -53.117    -52.792   -999.900   -999.900
    -52.000    -56.056    -55.733   -999.900   -999.900     -0.323      0.000    -95.500    -95.300    -56.104    -55.783   -999.900   -999.900
    -55.000    -59.033    -58.709   -999.900   -999.900     -0.324      0.000    -98.500    -98.300    -59.130    -58.811   -999.900   -999.900
    -58.000    -61.937    -61.606   -999.900   -999.900     -0.331      0.000   -101.500   -101.300    -62.129    -61.805   -999.900   -999.900
    -61.000    -64.768    -64.433   -999.900   -999.900     -0.335      0.000   -104.500   -104.300    -65.145    -64.824   -999.900   -999.900
    -64.000    -67.408    -67.062   -999.900   -999.900     -0.347      0.000   -107.500   -107.300    -68.128    -67.806   -999.900   -999.900
    -67.000    -69.794    -69.427   -999.900   -999.900     -0.367      0.000   -110.500   -110.300    -71.127    -70.802   -999.900   -999.900
    -70.000    -71.787    -71.399   -999.900   -999.900     -0.388      0.000   -113.500   -113.300    -74.139    -73.821   -999.900   -999.900
    -73.000    -73.299    -72.872   -999.900   -999.900     -0.427      0.000   -116.500   -116.300    -77.197    -76.853   -999.900   -999.900
    -76.000    -74.287    -73.832   -999.900   -999.900     -0.454      0.000   -119.500   -119.300    -80.200    -79.829   -999.900   -999.900
    -79.000    -74.867    -74.404   -999.900   -999.900     -0.463      0.000   -122.500   -122.300    -83.105    -82.757   -999.900   -999.900
    -82.000    -75.228    -74.725   -999.900   -999.900     -0.503      0.000   -125.500   -125.300    -86.403    -85.659   -999.900   -999.900
    -85.000    -75.400    -74.915   -999.900   -999.900     -0.485      0.000   -128.500   -128.300    -89.496    -88.955   -999.900   -999.900
    -88.000    -75.496    -75.003   -999.900   -999.900     -0.493      0.000   -131.500   -131.300    -93.058    -92.051   -999.900   -999.900
    -91.000    -75.535    -75.061   -999.900   -999.900     -0.475      0.000   -134.500   -134.300    -96.218    -96.840   -999.900   -999.900
    -94.000    -75.546    -75.065   -999.900   -999.900     -0.481      0.000   -137.500   -137.300    -97.633    -97.431   -999.900   -999.900
    -97.000    -75.543    -75.078   -999.900   -999.900     -0.465      0.000   -140.500   -140.300    -97.224   -100.678   -999.900   -999.900
   -100.000    -75.572    -75.076   -999.900   -999.900     -0.496      0.000   -143.500   -143.300   -115.500   -100.222   -999.900   -999.900
   -103.000    -75.567    -75.103   -999.900   -999.900     -0.464      0.000   -146.500   -146.300   -104.336   -100.222   -999.900   -999.900
   -106.000    -75.564    -75.084   -999.900   -999.900     -0.480      0.000   -149.500   -149.300   -102.748   -100.222   -999.900   -999.900
   -109.000    -75.570    -75.095   -999.900   -999.900     -0.476      0.000   -152.500   -152.300   -107.830   -100.222   -999.900   -999.900
   -112.000    -75.578    -75.092   -999.900   -999.900     -0.486      0.000   -155.500   -155.300   -107.830   -100.222   -999.900   -999.900
   -115.000    -75.581    -75.088   -999.900   -999.900     -0.493      0.000   -158.500   -158.300   -107.830   -100.222   -999.900   -999.900
   -118.000    -75.576    -75.091   -999.900   -999.900     -0.486      0.000   -161.500   -161.300   -107.830   -100.222   -999.900   -999.900
