     14.000      7.647      7.907   -999.900   -999.900     -0.260      0.000    -29.500    -29.300      7.647      7.907   -999.900   -999.900
     11.000      5.538      6.487   -999.900   -999.900     -0.949      0.000    -32.500    -32.300      5.538      6.487   -999.900   -999.900
      8.000      2.757      3.930   -999.900   -999.900     -1.172      0.000    -35.500    -35.300      2.757      3.930   -999.900   -999.900
      5.000     -0.177      1.060   -999.900   -999.900     -1.238      0.000    -38.500    -38.300     -0.177      1.060   -999.900   -999.900
      2.000     -3.138     -1.863   -999.900   -999.900     -1.276      0.000    -41.500    -41.300     -3.138     -1.863   -999.900   -999.900
     -1.000     -6.131     -4.831   -999.900   -999.900     -1.301      0.000    -44.500    -44.300     -6.131     -4.831   -999.900   -999.900
     -4.000     -9.164     -7.847   -999.900   -999.900     -1.317      0.000    -47.500    -47.300     -9.164     -7.847   -999.900   -999.900
     -7.000    -12.156    -10.829   -999.900   -999.900     -1.327      0.000    -50.500    -50.300    -12.156    -10.829   -999.900   -999.900
    -10.000    -15.168    -13.841   -999.900   -999.900     -1.327      0.000    -53.500    -53.300    -15.168    -13.841   -999.900   -999.900
    -13.000    -18.166    -16.831   -999.900   -999.900     -1.335      0.000    -56.500    -56.300    -18.166    -16.832   -999.900   -999.900
    -16.000    -21.165    -19.831   -999.900   -999.900     -1.334      0.000    -59.500    -59.300    -21.165    -19.831   -999.900   -999.900
    -19.000    -24.164    -22.826   -999.900   -999.900     -1.338      0.000    -62.500    -62.300    -24.164    -22.826   -999.900   -999.900
    -22.000    -27.169    -25.833   -999.900   -999.900     -1.336      0.000    -65.500    -65.300    -27.169    -25.833   -999.900   -999.900
    -25.000    -30.152    -28.816   -999.900   -999.900     -1.336      0.000    -68.500    -68.300    -30.153    -28.817   -999.900   -999.900
    -28.000    -33.151    -31.815   -999.900   -999.900     -1.337      0.000    -71.500    -71.300    -33.152    -31.815   -999.900   -999.900
    -31.000    -36.152    -34.814   -999.900   -999.900     -1.338      0.000    -74.500    -74.300    -36.152    -34.815   -999.900   -999.900
    -34.000    -39.163    -37.829   -999.900   -999.900     -1.334      0.000    -77.500    -77.300    -39.164    -37.829   -999.900   -999.900
    -37.000    -42.156    -40.817   -999.900   -999.900     -1.339      0.000    -80.500    -80.300    -42.158    -40.818   -999.900   -999.900
    -40.000    -45.161    -43.829   -999.900   -999.900     -1.332      0.000    -83.500    -83.300    -45.164    -43.832   -999.900   -999.900
    -43.000    -48.117    -46.794   -999.900   -999.900     -1.322      0.000    -86.500    -86.300    -48.123    -46.801   -999.900   -999.900
    -46.000    -51.111    -49.799   -999.900   -999.900     -1.312      0.000    -89.500    -89.300    -51.124    -49.812   -999.900   -999.900
    -49.000    -54.122    -52.811   -999.900   -999.900     -1.311      0.000    -92.500    -92.300    -54.148    -52.837   -999.900   -999.900
    -52.000    -57.083    -55.776   -999.900   -999.900     -1.308      0.000    -95.500    -95.300    -57.134    -55.827   -999.900   -999.900
    -55.000    -60.061    -58.754   -999.900   -999.900     -1.307      0.000    -98.500    -98.300    -60.162    -58.856   -999.900   -999.900
    -58.000    -62.968    -61.651   -999.900   -999.900     -1.317      0.000   -101.500   -101.300    -63.168    -61.852   -999.900   -999.900
    -61.000    -65.785    -64.474   -999.900   -999.900     -1.311      0.000   -104.500   -104.300    -66.175    -64.868   -999.900   -999.900
    -64.000    -68.421    -67.090   -999.900   -999.900     -1.331      0.000   -107.500   -107.300    -69.167    -67.838   -999.900   -999.900
    -67.000    -70.766    -69.452   -999.900   -999.900     -1.314      0.000   -110.500   -110.300    -72.138    -70.835   -999.900   -999.900
    -70.000    -72.764    -71.420   -999.900   -999.900     -1.344      0.000   -113.500   -113.300    -75.199    -73.854   -999.900   -999.900
    -73.000    -74.204    -72.900   -999.900   -999.900     -1.304      0.000   -116.500   -116.300    -78.161    -76.915   -999.900   -999.900
    -76.000    -75.182    -73.830   -999.900   -999.900     -1.352      0.000   -119.500   -119.300    -81.182    -79.804   -999.900   -999.900
    -79.000    -75.759    -74.436   -999.900   -999.900     -1.323      0.000   -122.500   -122.300    -84.151    -82.949   -999.900   -999.900
    -82.000    -76.075    -74.760   -999.900   -999.900     -1.315      0.000   -125.500   -125.300    -87.032    -86.047   -999.900   -999.900
    -85.000    -76.277    -74.909   -999.900   -999.900     -1.368      0.000   -128.500   -128.300    -90.666    -88.680   -999.900   -999.900
    -88.000    -76.351    -74.995   -999.900   -999.900     -1.356      0.000   -131.500   -131.300    -93.382    -91.423   -999.900   -999.900
    -91.000    -76.386    -75.038   -999.900   -999.900     -1.348      0.000   -134.500   -134.300    -95.611    -93.857   -999.900   -999.900
    -94.000    -76.433    -75.063   -999.900   -999.900     -1.370      0.000   -137.500   -137.300   -105.675    -96.370   -999.900   -999.900
    -97.000    -76.427    -75.089   -999.900   -999.900     -1.338      0.000   -140.500   -140.300   -102.308   -103.618   -999.900   -999.900
   -100.000    -76.433    -75.093   -999.900   -999.900     -1.340      0.000   -143.500   -143.300   -105.654   -108.548   -999.900   -999.900
   -103.000    -76.442    -75.079   -999.900   -999.900     -1.363      0.000   -146.500   -146.300   -105.654    -99.317   -999.900   -999.900
   -106.000    -76.444    -75.084   -999.900   -999.900     -1.359      0.000   -149.500   -149.300   -105.654   -101.231   -999.900   -999.900
   -109.000    -76.446    -75.109   -999.900   -999.900     -1.337      0.000   -152.500   -152.300   -105.654   -101.231   -999.900   -999.900
   -112.000    -76.442    -75.099   -999.900   -999.900     -1.344      0.000   -155.500   -155.300   -105.654   -101.231   -999.900   -999.900
   -115.000    -76.422    -75.092   -999.900   -999.900     -1.331      0.000   -158.500   -158.300   -105.654   -101.231   -999.900   -999.900
   -118.000    -76.437    -75.109   -999.900   -999.900     -1.327      0.000   -161.500   -161.300   -105.654   -101.231   -999.900   -999.900
