    -14.000      7.976      7.972      7.978      7.981      0.005     -0.002    -29.150    -29.110      7.976      7.972      7.978      7.981
    -16.000      7.240      7.238      7.324      7.328      0.002     -0.004    -31.150    -31.110      7.240      7.238      7.324      7.328
    -18.000      6.005      6.005      6.247      6.247     -0.000      0.000    -33.150    -33.110      6.005      6.005      6.247      6.247
    -20.000      4.191      4.191      4.523      4.523      0.000      0.000    -35.150    -35.110      4.191      4.191      4.523      4.523
    -22.000      2.290      2.290      2.661      2.661      0.000      0.000    -37.150    -37.110      2.290      2.290      2.661      2.661
    -24.000      0.407      0.407      0.803      0.803      0.000      0.000    -39.150    -39.110      0.407      0.407      0.803      0.803
    -26.000     -1.570     -1.570     -1.156     -1.156      0.000     -0.000    -41.150    -41.110     -1.570     -1.570     -1.156     -1.156
    -28.000     -3.564     -3.564     -3.134     -3.134      0.000      0.000    -43.150    -43.110     -3.564     -3.564     -3.134     -3.134
    -30.000     -4.771     -4.781     -4.344     -4.334      0.010     -0.010    -45.150    -45.110     -4.771     -4.781     -4.344     -4.334
    -32.000     -7.545     -7.545     -7.094     -7.094      0.000      0.000    -47.150    -47.110     -7.545     -7.545     -7.094     -7.094
    -34.000     -9.517     -9.517     -9.059     -9.059      0.000      0.000    -49.150    -49.110     -9.517     -9.517     -9.059     -9.059
    -36.000    -11.540    -11.540    -11.075    -11.075     -0.000      0.000    -51.150    -51.110    -11.540    -11.540    -11.075    -11.075
    -38.000    -13.510    -13.510    -13.041    -13.041     -0.000      0.000    -53.150    -53.110    -13.510    -13.510    -13.041    -13.041
    -40.000    -15.527    -15.527    -15.057    -15.057      0.000     -0.000    -55.150    -55.110    -15.527    -15.527    -15.057    -15.057
    -42.000    -17.544    -17.544    -17.070    -17.070      0.000      0.000    -57.150    -57.110    -17.544    -17.544    -17.070    -17.071
    -44.000    -19.524    -19.524    -19.051    -19.051      0.000      0.000    -59.150    -59.110    -19.524    -19.524    -19.051    -19.051
    -46.000    -21.525    -21.525    -21.052    -21.052      0.000      0.000    -61.150    -61.110    -21.525    -21.525    -21.052    -21.052
    -48.000    -23.499    -23.499    -23.021    -23.021      0.000      0.000    -63.150    -63.110    -23.499    -23.499    -23.021    -23.021
    -50.000    -25.515    -25.515    -25.038    -25.038      0.000      0.000    -65.150    -65.110    -25.515    -25.515    -25.038    -25.038
    -52.000    -27.535    -27.535    -27.059    -27.059      0.000      0.000    -67.150    -67.110    -27.535    -27.535    -27.059    -27.059
    -54.000    -29.549    -29.549    -29.072    -29.073      0.000      0.000    -69.150    -69.110    -29.549    -29.549    -29.072    -29.073
    -56.000    -31.568    -31.568    -31.093    -31.093      0.000      0.000    -71.150    -71.110    -31.568    -31.568    -31.093    -31.093
    -58.000    -33.524    -33.523    -33.047    -33.047     -0.000      0.000    -73.150    -73.110    -33.524    -33.524    -33.047    -33.047
    -60.000    -35.545    -35.545    -35.066    -35.067     -0.000      0.000    -75.150    -75.110    -35.545    -35.545    -35.067    -35.067
    -62.000    -37.565    -37.565    -37.088    -37.088      0.000     -0.000    -77.150    -77.110    -37.566    -37.566    -37.089    -37.089
    -64.000    -39.514    -39.513    -39.034    -39.034     -0.000     -0.000    -79.150    -79.110    -39.514    -39.514    -39.035    -39.035
    -66.000    -41.534    -41.535    -41.052    -41.052      0.000      0.000    -81.150    -81.110    -41.536    -41.536    -41.053    -41.054
    -68.000    -43.497    -43.498    -43.015    -43.015      0.000      0.000    -83.150    -83.110    -43.500    -43.500    -43.017    -43.017
    -70.000    -45.512    -45.513    -45.036    -45.035      0.001     -0.001    -85.150    -85.110    -45.516    -45.516    -45.039    -45.038
    -72.000    -47.522    -47.522    -47.049    -47.049     -0.000      0.000    -87.150    -87.110    -47.527    -47.527    -47.054    -47.054
    -74.000    -49.488    -49.488    -49.021    -49.021     -0.000     -0.000    -89.150    -89.110    -49.496    -49.496    -49.029    -49.029
    -76.000    -51.492    -51.492    -51.030    -51.029     -0.000     -0.000    -91.150    -91.110    -51.505    -51.505    -51.043    -51.043
    -78.000    -52.607    -52.617    -52.155    -52.148      0.010     -0.007    -93.150    -93.110    -52.624    -52.634    -52.172    -52.165
    -80.000    -55.436    -55.435    -54.980    -54.978     -0.001     -0.002    -95.150    -95.110    -55.469    -55.469    -55.013    -55.012
    -82.000    -57.380    -57.382    -56.925    -56.923      0.002     -0.002    -97.150    -97.110    -57.432    -57.434    -56.978    -56.975
    -84.000    -59.374    -59.373    -58.915    -58.911     -0.001     -0.004    -99.150    -99.110    -59.457    -59.456    -58.998    -58.994
    -86.000    -61.331    -61.330    -60.876    -60.873     -0.002     -0.003   -101.150   -101.110    -61.462    -61.461    -61.007    -61.004
    -88.000    -63.253    -63.251    -62.791    -62.797     -0.002      0.005   -103.150   -103.110    -63.458    -63.456    -62.998    -63.003
    -90.000    -65.162    -65.164    -64.698    -64.704      0.002      0.006   -105.150   -105.110    -65.485    -65.488    -65.022    -65.028
    -92.000    -66.964    -66.964    -66.508    -66.506     -0.000     -0.002   -107.150   -107.110    -67.463    -67.463    -67.010    -67.007
    -94.000    -68.711    -68.725    -68.246    -68.252      0.014      0.006   -109.150   -109.110    -69.480    -69.497    -69.018    -69.025
    -96.000    -70.284    -70.296    -69.838    -69.828      0.012     -0.010   -111.150   -111.110    -71.437    -71.453    -71.001    -70.987
    -98.000    -71.742    -71.751    -71.280    -71.289      0.009      0.009   -113.150   -113.110    -73.456    -73.470    -73.003    -73.015
   -100.000    -72.992    -73.009    -72.545    -72.522      0.016     -0.023   -115.150   -115.110    -75.471    -75.500    -75.050    -75.007
   -102.000    -74.015    -73.987    -73.530    -73.512     -0.027     -0.018   -117.150   -117.110    -77.485    -77.425    -76.996    -76.954
   -104.000    -74.807    -74.804    -74.334    -74.332     -0.003     -0.002   -119.150   -119.110    -79.497    -79.490    -79.040    -79.030
   -106.000    -75.416    -75.385    -74.913    -74.922     -0.031      0.008   -121.150   -121.110    -81.611    -81.485    -81.040    -81.069
   -108.000    -75.789    -75.813    -75.347    -75.321      0.024     -0.026   -123.150   -123.110    -83.432    -83.574    -83.182    -83.020
   -110.000    -76.090    -76.096    -75.625    -75.631      0.006      0.007   -125.150   -125.110    -85.570    -85.632    -85.234    -85.280
   -112.000    -76.280    -76.282    -75.812    -75.796      0.002     -0.016   -127.150   -127.110    -87.642    -87.683    -87.350    -87.108
   -114.000    -76.394    -76.407    -75.930    -75.922      0.013     -0.008   -129.150   -129.110    -89.556    -89.838    -89.442    -89.226
   -116.000    -76.480    -76.474    -75.993    -76.006     -0.006      0.013   -131.150   -131.110    -91.808    -91.631    -91.145    -91.535
   -118.000    -76.547    -76.543    -76.051    -76.057     -0.004      0.006   -133.150   -133.110    -95.043    -94.816    -93.626    -93.885
   -120.000    -76.563    -76.561    -76.082    -76.088     -0.001      0.005   -135.150   -135.110    -96.304    -96.231    -95.904    -96.283
   -122.000    -76.581    -76.581    -76.117    -76.104     -0.000     -0.013   -137.150   -137.110    -98.494    -98.560   -102.090    -98.358
   -124.000    -76.602    -76.611    -76.119    -76.118      0.009     -0.001   -139.150   -139.110   -104.382    -98.560   -103.060   -101.924
   -126.000    -76.618    -76.610    -76.132    -76.125     -0.007     -0.007   -141.150   -141.110   -104.382    -98.560   -103.060   -106.251
   -128.000    -76.612    -76.618    -76.125    -76.125      0.006     -0.000   -143.150   -143.110   -104.382    -98.560   -103.060   -105.857
   -130.000    -76.619    -76.610    -76.139    -76.142     -0.009      0.003   -145.150   -145.110   -104.382    -98.560   -103.060   -105.857
   -132.000    -76.614    -76.630    -76.137    -76.146      0.016      0.009   -147.150   -147.110   -104.382    -98.560   -103.060   -105.857
   -134.000    -76.615    -76.600    -76.132    -76.136     -0.014      0.005   -149.150   -149.110   -104.382    -98.560   -103.060   -105.857
   -136.000    -76.621    -76.612    -76.134    -76.151     -0.010      0.018   -151.150   -151.110   -104.382    -98.560   -103.060   -105.857
   -138.000    -76.627    -76.622    -76.135    -76.147     -0.004      0.012   -153.150   -153.110   -104.382    -98.560   -103.060   -105.857
   -140.000    -76.631    -76.639    -76.156    -76.144      0.008     -0.012   -155.150   -155.110   -104.382    -98.560   -103.060   -105.857
