     14.000      7.674      7.929   -999.900   -999.900     -0.255      0.000    -29.500    -29.300      7.674      7.929   -999.900   -999.900
     11.000      5.619      6.543   -999.900   -999.900     -0.924      0.000    -32.500    -32.300      5.619      6.543   -999.900   -999.900
      8.000      2.843      4.005   -999.900   -999.900     -1.162      0.000    -35.500    -35.300      2.843      4.005   -999.900   -999.900
      5.000     -0.088      1.141   -999.900   -999.900     -1.229      0.000    -38.500    -38.300     -0.088      1.141   -999.900   -999.900
      2.000     -3.049     -1.782   -999.900   -999.900     -1.266      0.000    -41.500    -41.300     -3.049     -1.782   -999.900   -999.900
     -1.000     -6.040     -4.748   -999.900   -999.900     -1.292      0.000    -44.500    -44.300     -6.040     -4.748   -999.900   -999.900
     -4.000     -9.072     -7.763   -999.900   -999.900     -1.308      0.000    -47.500    -47.300     -9.072     -7.763   -999.900   -999.900
     -7.000    -12.064    -10.745   -999.900   -999.900     -1.318      0.000    -50.500    -50.300    -12.064    -10.745   -999.900   -999.900
    -10.000    -15.076    -13.758   -999.900   -999.900     -1.318      0.000    -53.500    -53.300    -15.076    -13.758   -999.900   -999.900
    -13.000    -18.075    -16.749   -999.900   -999.900     -1.326      0.000    -56.500    -56.300    -18.075    -16.749   -999.900   -999.900
    -16.000    -21.074    -19.748   -999.900   -999.900     -1.326      0.000    -59.500    -59.300    -21.074    -19.748   -999.900   -999.900
    -19.000    -24.074    -22.745   -999.900   -999.900     -1.330      0.000    -62.500    -62.300    -24.074    -22.745   -999.900   -999.900
    -22.000    -27.079    -25.751   -999.900   -999.900     -1.328      0.000    -65.500    -65.300    -27.079    -25.751   -999.900   -999.900
    -25.000    -30.062    -28.735   -999.900   -999.900     -1.327      0.000    -68.500    -68.300    -30.062    -28.735   -999.900   -999.900
    -28.000    -33.062    -31.733   -999.900   -999.900     -1.328      0.000    -71.500    -71.300    -33.062    -31.734   -999.900   -999.900
    -31.000    -36.062    -34.733   -999.900   -999.900     -1.329      0.000    -74.500    -74.300    -36.062    -34.733   -999.900   -999.900
    -34.000    -39.073    -37.747   -999.900   -999.900     -1.326      0.000    -77.500    -77.300    -39.074    -37.748   -999.900   -999.900
    -37.000    -42.067    -40.736   -999.900   -999.900     -1.330      0.000    -80.500    -80.300    -42.068    -40.738   -999.900   -999.900
    -40.000    -45.072    -43.748   -999.900   -999.900     -1.324      0.000    -83.500    -83.300    -45.075    -43.751   -999.900   -999.900
    -43.000    -48.029    -46.714   -999.900   -999.900     -1.315      0.000    -86.500    -86.300    -48.035    -46.720   -999.900   -999.900
    -46.000    -51.023    -49.718   -999.900   -999.900     -1.304      0.000    -89.500    -89.300    -51.035    -49.731   -999.900   -999.900
    -49.000    -54.029    -52.734   -999.900   -999.900     -1.295      0.000    -92.500    -92.300    -54.055    -52.759   -999.900   -999.900
    -52.000    -56.992    -55.697   -999.900   -999.900     -1.294      0.000    -95.500    -95.300    -57.042    -55.748   -999.900   -999.900
    -55.000    -59.974    -58.674   -999.900   -999.900     -1.300      0.000    -98.500    -98.300    -60.075    -58.775   -999.900   -999.900
    -58.000    -62.872    -61.574   -999.900   -999.900     -1.298      0.000   -101.500   -101.300    -63.072    -61.774   -999.900   -999.900
    -61.000    -65.692    -64.407   -999.900   -999.900     -1.286      0.000   -104.500   -104.300    -66.083    -64.798   -999.900   -999.900
    -64.000    -68.325    -67.025   -999.900   -999.900     -1.300      0.000   -107.500   -107.300    -69.070    -67.770   -999.900   -999.900
    -67.000    -70.683    -69.394   -999.900   -999.900     -1.289      0.000   -110.500   -110.300    -72.058    -70.773   -999.900   -999.900
    -70.000    -72.657    -71.362   -999.900   -999.900     -1.295      0.000   -113.500   -113.300    -75.079    -73.787   -999.900   -999.900
    -73.000    -74.123    -72.814   -999.900   -999.900     -1.309      0.000   -116.500   -116.300    -78.093    -76.769   -999.900   -999.900
    -76.000    -75.077    -73.785   -999.900   -999.900     -1.292      0.000   -119.500   -119.300    -81.036    -79.762   -999.900   -999.900
    -79.000    -75.669    -74.366   -999.900   -999.900     -1.304      0.000   -122.500   -122.300    -84.070    -82.735   -999.900   -999.900
    -82.000    -76.007    -74.689   -999.900   -999.900     -1.318      0.000   -125.500   -125.300    -87.235    -85.686   -999.900   -999.900
    -85.000    -76.174    -74.877   -999.900   -999.900     -1.297      0.000   -128.500   -128.300    -90.257    -88.987   -999.900   -999.900
    -88.000    -76.255    -74.957   -999.900   -999.900     -1.298      0.000   -131.500   -131.300    -93.013    -91.747   -999.900   -999.900
    -91.000    -76.335    -75.008   -999.900   -999.900     -1.327      0.000   -134.500   -134.300   -101.963    -95.324   -999.900   -999.900
    -94.000    -76.322    -75.033   -999.900   -999.900     -1.289      0.000   -137.500   -137.300    -98.608    -99.379   -999.900   -999.900
    -97.000    -76.342    -75.043   -999.900   -999.900     -1.300      0.000   -140.500   -140.300   -105.889   -103.661   -999.900   -999.900
   -100.000    -76.345    -75.032   -999.900   -999.900     -1.313      0.000   -143.500   -143.300   -109.566    -99.196   -999.900   -999.900
   -103.000    -76.352    -75.044   -999.900   -999.900     -1.308      0.000   -146.500   -146.300   -109.566   -104.228   -999.900   -999.900
   -106.000    -76.357    -75.061   -999.900   -999.900     -1.296      0.000   -149.500   -149.300   -109.566   -104.228   -999.900   -999.900
   -109.000    -76.340    -75.063   -999.900   -999.900     -1.277      0.000   -152.500   -152.300   -109.566   -104.228   -999.900   -999.900
   -112.000    -76.342    -75.060   -999.900   -999.900     -1.282      0.000   -155.500   -155.300   -109.566   -104.228   -999.900   -999.900
   -115.000    -76.347    -75.047   -999.900   -999.900     -1.300      0.000   -158.500   -158.300   -109.566   -104.228   -999.900   -999.900
   -118.000    -76.347    -75.034   -999.900   -999.900     -1.313      0.000   -161.500   -161.300   -109.566   -104.228   -999.900   -999.900
