     14.000      8.102      7.919   -999.900   -999.900      0.182      0.000    -29.500    -29.300      8.102      7.919   -999.900   -999.900
     11.000      6.987      6.515   -999.900   -999.900      0.472      0.000    -32.500    -32.300      6.987      6.515   -999.900   -999.900
      8.000      4.597      3.969   -999.900   -999.900      0.629      0.000    -35.500    -35.300      4.597      3.969   -999.900   -999.900
      5.000      1.715      1.100   -999.900   -999.900      0.615      0.000    -38.500    -38.300      1.715      1.100   -999.900   -999.900
      2.000     -1.224     -1.823   -999.900   -999.900      0.599      0.000    -41.500    -41.300     -1.224     -1.823   -999.900   -999.900
     -1.000     -4.205     -4.791   -999.900   -999.900      0.586      0.000    -44.500    -44.300     -4.205     -4.791   -999.900   -999.900
     -4.000     -7.229     -7.807   -999.900   -999.900      0.578      0.000    -47.500    -47.300     -7.229     -7.807   -999.900   -999.900
     -7.000    -10.222    -10.791   -999.900   -999.900      0.568      0.000    -50.500    -50.300    -10.222    -10.791   -999.900   -999.900
    -10.000    -13.244    -13.804   -999.900   -999.900      0.560      0.000    -53.500    -53.300    -13.244    -13.804   -999.900   -999.900
    -13.000    -16.236    -16.796   -999.900   -999.900      0.560      0.000    -56.500    -56.300    -16.236    -16.796   -999.900   -999.900
    -16.000    -19.237    -19.795   -999.900   -999.900      0.558      0.000    -59.500    -59.300    -19.237    -19.795   -999.900   -999.900
    -19.000    -22.235    -22.792   -999.900   -999.900      0.557      0.000    -62.500    -62.300    -22.235    -22.792   -999.900   -999.900
    -22.000    -25.243    -25.799   -999.900   -999.900      0.556      0.000    -65.500    -65.300    -25.243    -25.799   -999.900   -999.900
    -25.000    -28.227    -28.784   -999.900   -999.900      0.557      0.000    -68.500    -68.300    -28.227    -28.784   -999.900   -999.900
    -28.000    -31.227    -31.783   -999.900   -999.900      0.556      0.000    -71.500    -71.300    -31.227    -31.783   -999.900   -999.900
    -31.000    -34.228    -34.784   -999.900   -999.900      0.556      0.000    -74.500    -74.300    -34.228    -34.784   -999.900   -999.900
    -34.000    -37.242    -37.799   -999.900   -999.900      0.557      0.000    -77.500    -77.300    -37.243    -37.800   -999.900   -999.900
    -37.000    -40.233    -40.788   -999.900   -999.900      0.555      0.000    -80.500    -80.300    -40.235    -40.790   -999.900   -999.900
    -40.000    -43.245    -43.802   -999.900   -999.900      0.557      0.000    -83.500    -83.300    -43.248    -43.805   -999.900   -999.900
    -43.000    -46.205    -46.769   -999.900   -999.900      0.564      0.000    -86.500    -86.300    -46.211    -46.775   -999.900   -999.900
    -46.000    -49.205    -49.776   -999.900   -999.900      0.571      0.000    -89.500    -89.300    -49.217    -49.789   -999.900   -999.900
    -49.000    -52.213    -52.790   -999.900   -999.900      0.577      0.000    -92.500    -92.300    -52.237    -52.816   -999.900   -999.900
    -52.000    -55.176    -55.756   -999.900   -999.900      0.580      0.000    -95.500    -95.300    -55.223    -55.806   -999.900   -999.900
    -55.000    -58.154    -58.738   -999.900   -999.900      0.584      0.000    -98.500    -98.300    -58.247    -58.839   -999.900   -999.900
    -58.000    -61.062    -61.635   -999.900   -999.900      0.573      0.000   -101.500   -101.300    -61.246    -61.834   -999.900   -999.900
    -61.000    -63.903    -64.462   -999.900   -999.900      0.560      0.000   -104.500   -104.300    -64.264    -64.853   -999.900   -999.900
    -64.000    -66.557    -67.095   -999.900   -999.900      0.538      0.000   -107.500   -107.300    -67.248    -67.839   -999.900   -999.900
    -67.000    -68.960    -69.463   -999.900   -999.900      0.503      0.000   -110.500   -110.300    -70.243    -70.840   -999.900   -999.900
    -70.000    -70.988    -71.432   -999.900   -999.900      0.443      0.000   -113.500   -113.300    -73.265    -73.853   -999.900   -999.900
    -73.000    -72.495    -72.877   -999.900   -999.900      0.382      0.000   -116.500   -116.300    -76.233    -76.815   -999.900   -999.900
    -76.000    -73.549    -73.855   -999.900   -999.900      0.307      0.000   -119.500   -119.300    -79.328    -79.821   -999.900   -999.900
    -79.000    -74.155    -74.456   -999.900   -999.900      0.301      0.000   -122.500   -122.300    -82.277    -82.919   -999.900   -999.900
    -82.000    -74.498    -74.750   -999.900   -999.900      0.252      0.000   -125.500   -125.300    -85.230    -85.594   -999.900   -999.900
    -85.000    -74.687    -74.943   -999.900   -999.900      0.256      0.000   -128.500   -128.300    -88.273    -88.845   -999.900   -999.900
    -88.000    -74.777    -75.026   -999.900   -999.900      0.249      0.000   -131.500   -131.300    -91.004    -91.559   -999.900   -999.900
    -91.000    -74.852    -75.094   -999.900   -999.900      0.242      0.000   -134.500   -134.300    -96.536    -96.835   -999.900   -999.900
    -94.000    -74.867    -75.085   -999.900   -999.900      0.218      0.000   -137.500   -137.300    -99.777    -95.682   -999.900   -999.900
    -97.000    -74.856    -75.081   -999.900   -999.900      0.225      0.000   -140.500   -140.300    -97.236    -95.258   -999.900   -999.900
   -100.000    -74.883    -75.123   -999.900   -999.900      0.239      0.000   -143.500   -143.300    -97.236   -115.475   -999.900   -999.900
   -103.000    -74.876    -75.119   -999.900   -999.900      0.244      0.000   -146.500   -146.300    -97.236   -105.747   -999.900   -999.900
   -106.000    -74.874    -75.124   -999.900   -999.900      0.250      0.000   -149.500   -149.300    -97.236   -105.747   -999.900   -999.900
   -109.000    -74.876    -75.140   -999.900   -999.900      0.264      0.000   -152.500   -152.300    -97.236   -105.747   -999.900   -999.900
   -112.000    -74.877    -75.101   -999.900   -999.900      0.223      0.000   -155.500   -155.300    -97.236   -105.747   -999.900   -999.900
   -115.000    -74.896    -75.128   -999.900   -999.900      0.232      0.000   -158.500   -158.300    -97.236   -105.747   -999.900   -999.900
   -118.000    -74.888    -75.127   -999.900   -999.900      0.240      0.000   -161.500   -161.300    -97.236   -105.747   -999.900   -999.900
