     14.000      7.655      7.916   -999.900   -999.900     -0.261      0.000    -29.500    -29.300      7.655      7.916   -999.900   -999.900
     11.000      5.565      6.505   -999.900   -999.900     -0.941      0.000    -32.500    -32.300      5.565      6.505   -999.900   -999.900
      8.000      2.785      3.953   -999.900   -999.900     -1.168      0.000    -35.500    -35.300      2.785      3.953   -999.900   -999.900
      5.000     -0.141      1.093   -999.900   -999.900     -1.234      0.000    -38.500    -38.300     -0.141      1.093   -999.900   -999.900
      2.000     -3.101     -1.830   -999.900   -999.900     -1.272      0.000    -41.500    -41.300     -3.101     -1.830   -999.900   -999.900
     -1.000     -6.096     -4.799   -999.900   -999.900     -1.296      0.000    -44.500    -44.300     -6.096     -4.799   -999.900   -999.900
     -4.000     -9.129     -7.817   -999.900   -999.900     -1.312      0.000    -47.500    -47.300     -9.129     -7.817   -999.900   -999.900
     -7.000    -12.122    -10.799   -999.900   -999.900     -1.323      0.000    -50.500    -50.300    -12.122    -10.799   -999.900   -999.900
    -10.000    -15.135    -13.812   -999.900   -999.900     -1.322      0.000    -53.500    -53.300    -15.135    -13.812   -999.900   -999.900
    -13.000    -18.134    -16.803   -999.900   -999.900     -1.330      0.000    -56.500    -56.300    -18.134    -16.803   -999.900   -999.900
    -16.000    -21.132    -19.802   -999.900   -999.900     -1.330      0.000    -59.500    -59.300    -21.132    -19.802   -999.900   -999.900
    -19.000    -24.133    -22.799   -999.900   -999.900     -1.334      0.000    -62.500    -62.300    -24.133    -22.799   -999.900   -999.900
    -22.000    -27.138    -25.806   -999.900   -999.900     -1.332      0.000    -65.500    -65.300    -27.138    -25.806   -999.900   -999.900
    -25.000    -30.121    -28.790   -999.900   -999.900     -1.331      0.000    -68.500    -68.300    -30.121    -28.790   -999.900   -999.900
    -28.000    -33.121    -31.788   -999.900   -999.900     -1.332      0.000    -71.500    -71.300    -33.121    -31.789   -999.900   -999.900
    -31.000    -36.123    -34.790   -999.900   -999.900     -1.333      0.000    -74.500    -74.300    -36.123    -34.790   -999.900   -999.900
    -34.000    -39.136    -37.805   -999.900   -999.900     -1.331      0.000    -77.500    -77.300    -39.137    -37.806   -999.900   -999.900
    -37.000    -42.130    -40.795   -999.900   -999.900     -1.335      0.000    -80.500    -80.300    -42.132    -40.797   -999.900   -999.900
    -40.000    -45.134    -43.807   -999.900   -999.900     -1.327      0.000    -83.500    -83.300    -45.137    -43.810   -999.900   -999.900
    -43.000    -48.091    -46.772   -999.900   -999.900     -1.319      0.000    -86.500    -86.300    -48.097    -46.778   -999.900   -999.900
    -46.000    -51.089    -49.779   -999.900   -999.900     -1.311      0.000    -89.500    -89.300    -51.102    -49.792   -999.900   -999.900
    -49.000    -54.097    -52.794   -999.900   -999.900     -1.303      0.000    -92.500    -92.300    -54.123    -52.820   -999.900   -999.900
    -52.000    -57.065    -55.757   -999.900   -999.900     -1.308      0.000    -95.500    -95.300    -57.116    -55.809   -999.900   -999.900
    -55.000    -60.047    -58.741   -999.900   -999.900     -1.306      0.000    -98.500    -98.300    -60.149    -58.844   -999.900   -999.900
    -58.000    -62.945    -61.638   -999.900   -999.900     -1.307      0.000   -101.500   -101.300    -63.146    -61.841   -999.900   -999.900
    -61.000    -65.763    -64.456   -999.900   -999.900     -1.306      0.000   -104.500   -104.300    -66.156    -64.852   -999.900   -999.900
    -64.000    -68.401    -67.079   -999.900   -999.900     -1.322      0.000   -107.500   -107.300    -69.153    -67.834   -999.900   -999.900
    -67.000    -70.755    -69.443   -999.900   -999.900     -1.313      0.000   -110.500   -110.300    -72.142    -70.839   -999.900   -999.900
    -70.000    -72.711    -71.401   -999.900   -999.900     -1.310      0.000   -113.500   -113.300    -75.144    -73.854   -999.900   -999.900
    -73.000    -74.174    -72.841   -999.900   -999.900     -1.333      0.000   -116.500   -116.300    -78.162    -76.836   -999.900   -999.900
    -76.000    -75.153    -73.809   -999.900   -999.900     -1.344      0.000   -119.500   -119.300    -81.221    -79.856   -999.900   -999.900
    -79.000    -75.714    -74.392   -999.900   -999.900     -1.322      0.000   -122.500   -122.300    -84.145    -82.916   -999.900   -999.900
    -82.000    -76.043    -74.706   -999.900   -999.900     -1.337      0.000   -125.500   -125.300    -87.227    -85.892   -999.900   -999.900
    -85.000    -76.215    -74.859   -999.900   -999.900     -1.356      0.000   -128.500   -128.300    -90.321    -88.529   -999.900   -999.900
    -88.000    -76.298    -74.950   -999.900   -999.900     -1.348      0.000   -131.500   -131.300    -93.212    -91.378   -999.900   -999.900
    -91.000    -76.343    -75.027   -999.900   -999.900     -1.316      0.000   -134.500   -134.300    -96.306    -97.798   -999.900   -999.900
    -94.000    -76.359    -75.035   -999.900   -999.900     -1.324      0.000   -137.500   -137.300    -98.211    -99.648   -999.900   -999.900
    -97.000    -76.365    -75.028   -999.900   -999.900     -1.337      0.000   -140.500   -140.300    -99.409    -98.061   -999.900   -999.900
   -100.000    -76.378    -75.037   -999.900   -999.900     -1.341      0.000   -143.500   -143.300   -103.265   -100.539   -999.900   -999.900
   -103.000    -76.390    -75.044   -999.900   -999.900     -1.346      0.000   -146.500   -146.300   -103.265   -103.774   -999.900   -999.900
   -106.000    -76.384    -75.047   -999.900   -999.900     -1.337      0.000   -149.500   -149.300   -103.265   -107.400   -999.900   -999.900
   -109.000    -76.380    -75.067   -999.900   -999.900     -1.312      0.000   -152.500   -152.300   -103.265   -107.400   -999.900   -999.900
   -112.000    -76.385    -75.050   -999.900   -999.900     -1.336      0.000   -155.500   -155.300   -103.265   -107.400   -999.900   -999.900
   -115.000    -76.398    -75.047   -999.900   -999.900     -1.351      0.000   -158.500   -158.300   -103.265   -107.400   -999.900   -999.900
   -118.000    -76.394    -75.056   -999.900   -999.900     -1.338      0.000   -161.500   -161.300   -103.265   -107.400   -999.900   -999.900
