    -14.000      7.977      7.984      7.977      7.977     -0.007      0.001    -29.150    -29.110      7.977      7.984      7.977      7.977
    -16.000      7.230      7.224      7.317      7.327      0.006     -0.010    -31.150    -31.110      7.230      7.224      7.317      7.327
    -18.000      5.993      5.993      6.234      6.234     -0.000     -0.000    -33.150    -33.110      5.993      5.993      6.234      6.234
    -20.000      4.176      4.176      4.510      4.510      0.000      0.000    -35.150    -35.110      4.176      4.176      4.510      4.510
    -22.000      2.275      2.275      2.647      2.647      0.000      0.000    -37.150    -37.110      2.275      2.275      2.647      2.647
    -24.000      0.392      0.392      0.788      0.788      0.000      0.000    -39.150    -39.110      0.392      0.392      0.788      0.788
    -26.000     -1.586     -1.586     -1.171     -1.171      0.000      0.000    -41.150    -41.110     -1.586     -1.586     -1.171     -1.171
    -28.000     -3.580     -3.580     -3.149     -3.149      0.000      0.000    -43.150    -43.110     -3.580     -3.580     -3.149     -3.149
    -30.000     -5.546     -5.546     -5.103     -5.103      0.000      0.000    -45.150    -45.110     -5.546     -5.546     -5.103     -5.103
    -32.000     -7.560     -7.560     -7.109     -7.109      0.000      0.000    -47.150    -47.110     -7.560     -7.560     -7.109     -7.109
    -34.000     -9.533     -9.533     -9.074     -9.074      0.000      0.000    -49.150    -49.110     -9.533     -9.533     -9.074     -9.074
    -36.000    -11.556    -11.556    -11.090    -11.090      0.000      0.000    -51.150    -51.110    -11.556    -11.556    -11.090    -11.090
    -38.000    -13.525    -13.525    -13.056    -13.056      0.000      0.000    -53.150    -53.110    -13.526    -13.526    -13.056    -13.056
    -40.000    -15.543    -15.543    -15.072    -15.072      0.000      0.000    -55.150    -55.110    -15.543    -15.543    -15.072    -15.072
    -42.000    -17.559    -17.559    -17.085    -17.085      0.000      0.000    -57.150    -57.110    -17.559    -17.559    -17.085    -17.085
    -44.000    -19.540    -19.540    -19.066    -19.066      0.000     -0.000    -59.150    -59.110    -19.540    -19.540    -19.066    -19.066
    -46.000    -21.541    -21.541    -21.067    -21.067     -0.000      0.000    -61.150    -61.110    -21.541    -21.541    -21.067    -21.067
    -48.000    -23.515    -23.515    -23.037    -23.037      0.000      0.000    -63.150    -63.110    -23.515    -23.515    -23.037    -23.037
    -50.000    -25.531    -25.531    -25.054    -25.054     -0.000      0.000    -65.150    -65.110    -25.531    -25.531    -25.054    -25.054
    -52.000    -27.550    -27.551    -27.074    -27.074      0.000      0.000    -67.150    -67.110    -27.551    -27.551    -27.074    -27.074
    -54.000    -29.564    -29.564    -29.087    -29.087      0.000     -0.000    -69.150    -69.110    -29.564    -29.564    -29.087    -29.087
    -56.000    -31.584    -31.584    -31.108    -31.108      0.000      0.000    -71.150    -71.110    -31.584    -31.584    -31.108    -31.108
    -58.000    -33.539    -33.539    -33.063    -33.063      0.000      0.000    -73.150    -73.110    -33.540    -33.540    -33.063    -33.063
    -60.000    -35.561    -35.561    -35.083    -35.082      0.000     -0.000    -75.150    -75.110    -35.561    -35.562    -35.083    -35.083
    -62.000    -37.581    -37.581    -37.104    -37.103      0.000     -0.001    -77.150    -77.110    -37.582    -37.582    -37.105    -37.104
    -64.000    -39.530    -39.530    -39.050    -39.050      0.000      0.000    -79.150    -79.110    -39.531    -39.531    -39.051    -39.051
    -66.000    -41.550    -41.551    -41.068    -41.068      0.000     -0.000    -81.150    -81.110    -41.552    -41.552    -41.070    -41.070
    -68.000    -43.513    -43.514    -43.031    -43.031      0.000     -0.000    -83.150    -83.110    -43.515    -43.516    -43.033    -43.033
    -70.000    -45.529    -45.529    -45.051    -45.051      0.000      0.000    -85.150    -85.110    -45.533    -45.533    -45.054    -45.054
    -72.000    -47.539    -47.539    -47.066    -47.065      0.000     -0.000    -87.150    -87.110    -47.544    -47.544    -47.071    -47.071
    -74.000    -49.506    -49.505    -49.038    -49.038     -0.001     -0.001    -89.150    -89.110    -49.514    -49.514    -49.047    -49.046
    -76.000    -51.509    -51.510    -51.047    -51.049      0.001      0.002    -91.150    -91.110    -51.522    -51.523    -51.060    -51.062
    -78.000    -53.450    -53.449    -52.990    -52.992     -0.001      0.002    -93.150    -93.110    -53.471    -53.470    -53.011    -53.013
    -80.000    -55.450    -55.449    -54.989    -54.988     -0.001     -0.001    -95.150    -95.110    -55.484    -55.482    -55.023    -55.022
    -82.000    -57.396    -57.397    -56.938    -56.938      0.001      0.001    -97.150    -97.110    -57.448    -57.450    -56.990    -56.991
    -84.000    -59.390    -59.388    -58.935    -58.931     -0.002     -0.004    -99.150    -99.110    -59.473    -59.471    -59.018    -59.014
    -86.000    -61.339    -61.344    -60.888    -60.881      0.005     -0.007   -101.150   -101.110    -61.470    -61.476    -61.019    -61.012
    -88.000    -63.265    -63.265    -62.806    -62.804     -0.001     -0.002   -103.150   -103.110    -63.471    -63.471    -63.013    -63.010
    -90.000    -65.176    -65.180    -64.716    -64.716      0.004      0.000   -105.150   -105.110    -65.499    -65.504    -65.041    -65.041
    -92.000    -66.969    -66.973    -66.512    -66.520      0.004      0.008   -107.150   -107.110    -67.468    -67.473    -67.014    -67.023
    -94.000    -68.734    -68.723    -68.261    -68.262     -0.011      0.001   -109.150   -109.110    -69.506    -69.494    -69.036    -69.035
    -96.000    -70.301    -70.320    -69.837    -69.833      0.020     -0.004   -111.150   -111.110    -71.456    -71.484    -70.999    -70.991
    -98.000    -71.766    -71.760    -71.301    -71.303     -0.006      0.001   -113.150   -113.110    -73.489    -73.483    -73.034    -73.032
   -100.000    -73.028    -73.008    -72.561    -72.560     -0.020     -0.001   -115.150   -115.110    -75.528    -75.498    -75.077    -75.069
   -102.000    -74.009    -74.016    -73.542    -73.540      0.007     -0.003   -117.150   -117.110    -77.464    -77.488    -77.021    -77.005
   -104.000    -74.824    -74.818    -74.343    -74.356     -0.006      0.013   -119.150   -119.110    -79.534    -79.529    -79.063    -79.085
   -106.000    -75.391    -75.405    -74.933    -74.923      0.015     -0.010   -121.150   -121.110    -81.485    -81.566    -81.118    -81.051
   -108.000    -75.806    -75.800    -75.321    -75.318     -0.006     -0.003   -123.150   -123.110    -83.501    -83.499    -83.020    -82.964
   -110.000    -76.088    -76.076    -75.609    -75.614     -0.012      0.005   -125.150   -125.110    -85.500    -85.453    -85.084    -85.062
   -112.000    -76.278    -76.273    -75.799    -75.806     -0.006      0.007   -127.150   -127.110    -87.539    -87.549    -87.147    -87.148
   -114.000    -76.403    -76.389    -75.926    -75.926     -0.013     -0.000   -129.150   -129.110    -89.593    -89.463    -89.324    -89.158
   -116.000    -76.492    -76.484    -75.998    -76.008     -0.007      0.010   -131.150   -131.110    -91.984    -91.963    -91.259    -91.324
   -118.000    -76.541    -76.552    -76.051    -76.059      0.011      0.008   -133.150   -133.110    -94.225    -95.395    -93.525    -93.550
   -120.000    -76.581    -76.574    -76.098    -76.097     -0.008     -0.001   -135.150   -135.110    -97.590    -97.508    -97.455    -96.367
   -122.000    -76.592    -76.583    -76.103    -76.127     -0.009      0.023   -137.150   -137.110    -99.132    -98.847    -98.263   -102.137
   -124.000    -76.604    -76.596    -76.102    -76.132     -0.008      0.030   -139.150   -139.110   -102.101   -101.753    -98.086   -105.033
   -126.000    -76.613    -76.611    -76.138    -76.142     -0.002      0.003   -141.150   -141.110   -108.419   -101.753    -98.086   -105.033
   -128.000    -76.621    -76.612    -76.134    -76.142     -0.008      0.007   -143.150   -143.110   -108.419   -101.753    -98.086   -105.033
   -130.000    -76.612    -76.612    -76.132    -76.121      0.001     -0.011   -145.150   -145.110   -108.419   -101.753    -98.086   -105.033
   -132.000    -76.635    -76.612    -76.139    -76.159     -0.023      0.020   -147.150   -147.110   -108.419   -101.753    -98.086   -105.033
   -134.000    -76.638    -76.630    -76.153    -76.146     -0.008     -0.007   -149.150   -149.110   -108.419   -101.753    -98.086   -105.033
   -136.000    -76.632    -76.628    -76.125    -76.143     -0.003      0.018   -151.150   -151.110   -108.419   -101.753    -98.086   -105.033
   -138.000    -76.626    -76.632    -76.147    -76.136      0.005     -0.011   -153.150   -153.110   -108.419   -101.753    -98.086   -105.033
   -140.000    -76.623    -76.609    -76.154    -76.169     -0.014      0.015   -155.150   -155.110   -108.419   -101.753    -98.086   -105.033
