    -14.000      7.978      7.975      7.952      7.955      0.003     -0.003    -29.150    -29.110      7.978      7.975      7.952      7.955
    -16.000      7.251      7.255      7.300      7.299     -0.003      0.001    -31.150    -31.110      7.251      7.255      7.300      7.299
    -18.000      6.035      6.035      6.182      6.182      0.000     -0.000    -33.150    -33.110      6.034      6.034      6.182      6.182
    -20.000      4.228      4.228      4.441      4.441      0.000      0.000    -35.150    -35.110      4.228      4.228      4.441      4.441
    -22.000      2.328      2.328      2.574      2.574      0.000      0.000    -37.150    -37.110      2.328      2.328      2.574      2.574
    -24.000      0.446      0.446      0.714      0.714     -0.000      0.000    -39.150    -39.110      0.446      0.446      0.714      0.714
    -26.000     -1.532     -1.532     -1.246     -1.246      0.000      0.000    -41.150    -41.110     -1.532     -1.532     -1.246     -1.246
    -28.000     -3.525     -3.525     -3.224     -3.224      0.000      0.000    -43.150    -43.110     -3.525     -3.525     -3.225     -3.225
    -30.000     -5.492     -5.492     -5.180     -5.180      0.000     -0.000    -45.150    -45.110     -5.492     -5.492     -5.180     -5.180
    -32.000     -7.505     -7.505     -7.185     -7.185      0.000      0.000    -47.150    -47.110     -7.505     -7.505     -7.185     -7.185
    -34.000     -9.477     -9.477     -9.149     -9.149      0.000      0.000    -49.150    -49.110     -9.477     -9.477     -9.149     -9.149
    -36.000    -11.499    -11.499    -11.165    -11.165      0.000      0.000    -51.150    -51.110    -11.499    -11.499    -11.165    -11.165
    -38.000    -13.466    -13.466    -13.129    -13.129      0.000      0.000    -53.150    -53.110    -13.466    -13.466    -13.129    -13.129
    -40.000    -15.484    -15.484    -15.145    -15.145      0.000      0.000    -55.150    -55.110    -15.484    -15.484    -15.145    -15.145
    -42.000    -17.499    -17.499    -17.157    -17.157     -0.000      0.000    -57.150    -57.110    -17.499    -17.499    -17.157    -17.157
    -44.000    -19.479    -19.479    -19.136    -19.136      0.000      0.000    -59.150    -59.110    -19.479    -19.479    -19.136    -19.136
    -46.000    -21.478    -21.478    -21.136    -21.136      0.000      0.000    -61.150    -61.110    -21.478    -21.478    -21.136    -21.136
    -48.000    -23.450    -23.450    -23.104    -23.104      0.000      0.000    -63.150    -63.110    -23.450    -23.450    -23.104    -23.104
    -50.000    -25.467    -25.467    -25.122    -25.122      0.000      0.000    -65.150    -65.110    -25.467    -25.467    -25.122    -25.122
    -52.000    -27.486    -27.486    -27.141    -27.141     -0.000     -0.000    -67.150    -67.110    -27.486    -27.486    -27.141    -27.141
    -54.000    -29.494    -29.493    -29.149    -29.148     -0.000     -0.000    -69.150    -69.110    -29.494    -29.493    -29.149    -29.149
    -56.000    -31.512    -31.512    -31.168    -31.168     -0.000      0.000    -71.150    -71.110    -31.513    -31.512    -31.168    -31.168
    -58.000    -33.467    -33.467    -33.122    -33.122     -0.000     -0.000    -73.150    -73.110    -33.467    -33.467    -33.122    -33.122
    -60.000    -35.488    -35.488    -35.141    -35.141      0.000      0.000    -75.150    -75.110    -35.488    -35.488    -35.141    -35.142
    -62.000    -37.508    -37.508    -37.161    -37.161      0.000      0.000    -77.150    -77.110    -37.508    -37.508    -37.162    -37.162
    -64.000    -39.455    -39.455    -39.107    -39.107      0.000      0.000    -79.150    -79.110    -39.456    -39.456    -39.108    -39.108
    -66.000    -41.475    -41.481    -41.131    -41.124      0.006     -0.007    -81.150    -81.110    -41.477    -41.483    -41.132    -41.125
    -68.000    -43.438    -43.438    -43.087    -43.086     -0.000     -0.000    -83.150    -83.110    -43.440    -43.440    -43.089    -43.088
    -70.000    -45.453    -45.453    -45.106    -45.105      0.000     -0.001    -85.150    -85.110    -45.457    -45.457    -45.109    -45.109
    -72.000    -47.462    -47.463    -47.119    -47.118      0.001     -0.000    -87.150    -87.110    -47.467    -47.468    -47.124    -47.124
    -74.000    -49.429    -49.428    -49.089    -49.089     -0.001      0.000    -89.150    -89.110    -49.438    -49.436    -49.097    -49.097
    -76.000    -51.430    -51.430    -51.097    -51.098      0.000      0.001    -91.150    -91.110    -51.444    -51.443    -51.110    -51.112
    -78.000    -53.368    -53.369    -53.044    -53.043      0.001     -0.001    -93.150    -93.110    -53.389    -53.390    -53.065    -53.064
    -80.000    -55.370    -55.372    -55.050    -55.047      0.002     -0.003    -95.150    -95.110    -55.404    -55.406    -55.084    -55.081
    -82.000    -57.315    -57.315    -56.995    -56.992      0.001     -0.003    -97.150    -97.110    -57.367    -57.368    -57.048    -57.045
    -84.000    -59.307    -59.309    -58.991    -58.986      0.002     -0.006    -99.150    -99.110    -59.391    -59.392    -59.076    -59.071
    -86.000    -61.258    -61.262    -60.944    -60.938      0.004     -0.005   -101.150   -101.110    -61.390    -61.393    -61.078    -61.072
    -88.000    -63.182    -63.179    -62.862    -62.861     -0.003     -0.001   -103.150   -103.110    -63.389    -63.386    -63.073    -63.071
    -90.000    -65.088    -65.085    -64.767    -64.766     -0.002     -0.001   -105.150   -105.110    -65.413    -65.409    -65.098    -65.097
    -92.000    -66.894    -66.893    -66.559    -66.564     -0.001      0.005   -107.150   -107.110    -67.397    -67.395    -67.069    -67.075
    -94.000    -68.649    -68.645    -68.325    -68.310     -0.004     -0.015   -109.150   -109.110    -69.426    -69.420    -69.115    -69.097
    -96.000    -70.217    -70.213    -69.871    -69.871     -0.004     -0.000   -111.150   -111.110    -71.379    -71.372    -71.049    -71.048
    -98.000    -71.668    -71.672    -71.327    -71.320      0.004     -0.007   -113.150   -113.110    -73.394    -73.398    -73.079    -73.068
   -100.000    -72.916    -72.921    -72.559    -72.564      0.005      0.005   -115.150   -115.110    -75.413    -75.417    -75.084    -75.093
   -102.000    -73.908    -73.908    -73.552    -73.544      0.000     -0.007   -117.150   -117.110    -77.371    -77.364    -77.059    -77.043
   -104.000    -74.721    -74.728    -74.332    -74.345      0.008      0.013   -119.150   -119.110    -79.438    -79.450    -79.058    -79.095
   -106.000    -75.314    -75.305    -74.928    -74.919     -0.009     -0.009   -121.150   -121.110    -81.501    -81.448    -81.140    -81.101
   -108.000    -75.692    -75.725    -75.333    -75.328      0.032     -0.005   -123.150   -123.110    -83.352    -83.518    -83.160    -83.130
   -110.000    -75.994    -75.988    -75.606    -75.614     -0.006      0.007   -125.150   -125.110    -85.507    -85.414    -85.165    -85.229
   -112.000    -76.188    -76.178    -75.790    -75.797     -0.010      0.007   -127.150   -127.110    -87.664    -87.452    -87.194    -87.287
   -114.000    -76.297    -76.291    -75.889    -75.897     -0.006      0.008   -129.150   -129.110    -89.519    -89.296    -88.820    -88.969
   -116.000    -76.379    -76.387    -76.006    -75.996      0.009     -0.010   -131.150   -131.110    -91.671    -91.788    -92.025    -91.631
   -118.000    -76.438    -76.445    -76.048    -76.039      0.007     -0.009   -133.150   -133.110    -94.307    -94.446    -94.136    -93.591
   -120.000    -76.471    -76.461    -76.069    -76.068     -0.011     -0.001   -135.150   -135.110    -97.114    -95.569    -95.798    -95.676
   -122.000    -76.485    -76.490    -76.093    -76.081      0.005     -0.012   -137.150   -137.110    -99.123    -98.996    -98.964    -97.036
   -124.000    -76.503    -76.496    -76.102    -76.111     -0.007      0.008   -139.150   -139.110   -105.309   -100.197   -101.222   -105.009
   -126.000    -76.512    -76.506    -76.115    -76.115     -0.006      0.000   -141.150   -141.110   -105.309   -103.826   -112.582   -111.030
   -128.000    -76.526    -76.523    -76.119    -76.120     -0.004      0.001   -143.150   -143.110   -105.309   -103.826   -112.582   -111.030
   -130.000    -76.510    -76.527    -76.122    -76.126      0.017      0.003   -145.150   -145.110   -105.309   -103.826   -112.582   -111.030
   -132.000    -76.519    -76.528    -76.127    -76.140      0.009      0.013   -147.150   -147.110   -105.309   -103.826   -112.582   -111.030
   -134.000    -76.519    -76.525    -76.138    -76.140      0.006      0.002   -149.150   -149.110   -105.309   -103.826   -112.582   -111.030
   -136.000    -76.514    -76.530    -76.114    -76.119      0.015      0.005   -151.150   -151.110   -105.309   -103.826   -112.582   -111.030
   -138.000    -76.506    -76.541    -76.144    -76.130      0.035     -0.014   -153.150   -153.110   -105.309   -103.826   -112.582   -111.030
   -140.000    -76.533    -76.533    -76.130    -76.129      0.000     -0.001   -155.150   -155.110   -105.309   -103.826   -112.582   -111.030
