     14.000      7.845      7.835   -999.900   -999.900      0.010      0.000    -29.500    -29.300      7.845      7.835   -999.900   -999.900
     11.000      6.199      6.281   -999.900   -999.900     -0.082      0.000    -32.500    -32.300      6.199      6.281   -999.900   -999.900
      8.000      3.498      3.663   -999.900   -999.900     -0.165      0.000    -35.500    -35.300      3.498      3.663   -999.900   -999.900
      5.000      0.590      0.791   -999.900   -999.900     -0.201      0.000    -38.500    -38.300      0.590      0.791   -999.900   -999.900
      2.000     -2.361     -2.135   -999.900   -999.900     -0.226      0.000    -41.500    -41.300     -2.361     -2.135   -999.900   -999.900
     -1.000     -5.345     -5.103   -999.900   -999.900     -0.243      0.000    -44.500    -44.300     -5.345     -5.103   -999.900   -999.900
     -4.000     -8.371     -8.117   -999.900   -999.900     -0.254      0.000    -47.500    -47.300     -8.371     -8.117   -999.900   -999.900
     -7.000    -11.360    -11.097   -999.900   -999.900     -0.263      0.000    -50.500    -50.300    -11.360    -11.097   -999.900   -999.900
    -10.000    -14.371    -14.103   -999.900   -999.900     -0.268      0.000    -53.500    -53.300    -14.371    -14.103   -999.900   -999.900
    -13.000    -17.361    -17.090   -999.900   -999.900     -0.271      0.000    -56.500    -56.300    -17.361    -17.090   -999.900   -999.900
    -16.000    -20.358    -20.087   -999.900   -999.900     -0.271      0.000    -59.500    -59.300    -20.358    -20.087   -999.900   -999.900
    -19.000    -23.352    -23.077   -999.900   -999.900     -0.275      0.000    -62.500    -62.300    -23.352    -23.077   -999.900   -999.900
    -22.000    -26.354    -26.081   -999.900   -999.900     -0.273      0.000    -65.500    -65.300    -26.354    -26.081   -999.900   -999.900
    -25.000    -29.333    -29.061   -999.900   -999.900     -0.272      0.000    -68.500    -68.300    -29.333    -29.062   -999.900   -999.900
    -28.000    -32.328    -32.055   -999.900   -999.900     -0.272      0.000    -71.500    -71.300    -32.328    -32.056   -999.900   -999.900
    -31.000    -35.325    -35.053   -999.900   -999.900     -0.272      0.000    -74.500    -74.300    -35.326    -35.054   -999.900   -999.900
    -34.000    -38.337    -38.064   -999.900   -999.900     -0.272      0.000    -77.500    -77.300    -38.338    -38.065   -999.900   -999.900
    -37.000    -41.326    -41.053   -999.900   -999.900     -0.273      0.000    -80.500    -80.300    -41.328    -41.054   -999.900   -999.900
    -40.000    -44.328    -44.059   -999.900   -999.900     -0.269      0.000    -83.500    -83.300    -44.331    -44.063   -999.900   -999.900
    -43.000    -47.281    -47.020   -999.900   -999.900     -0.261      0.000    -86.500    -86.300    -47.287    -47.027   -999.900   -999.900
    -46.000    -50.275    -50.023   -999.900   -999.900     -0.253      0.000    -89.500    -89.300    -50.288    -50.036   -999.900   -999.900
    -49.000    -53.278    -53.032   -999.900   -999.900     -0.246      0.000    -92.500    -92.300    -53.303    -53.059   -999.900   -999.900
    -52.000    -56.237    -55.996   -999.900   -999.900     -0.241      0.000    -95.500    -95.300    -56.288    -56.049   -999.900   -999.900
    -55.000    -59.222    -58.980   -999.900   -999.900     -0.242      0.000    -98.500    -98.300    -59.323    -59.085   -999.900   -999.900
    -58.000    -62.117    -61.867   -999.900   -999.900     -0.250      0.000   -101.500   -101.300    -62.318    -62.075   -999.900   -999.900
    -61.000    -64.942    -64.695   -999.900   -999.900     -0.247      0.000   -104.500   -104.300    -65.334    -65.102   -999.900   -999.900
    -64.000    -67.572    -67.304   -999.900   -999.900     -0.268      0.000   -107.500   -107.300    -68.320    -68.078   -999.900   -999.900
    -67.000    -69.937    -69.654   -999.900   -999.900     -0.284      0.000   -110.500   -110.300    -71.320    -71.082   -999.900   -999.900
    -70.000    -71.919    -71.607   -999.900   -999.900     -0.312      0.000   -113.500   -113.300    -74.362    -74.120   -999.900   -999.900
    -73.000    -73.349    -73.034   -999.900   -999.900     -0.315      0.000   -116.500   -116.300    -77.308    -77.127   -999.900   -999.900
    -76.000    -74.333    -73.979   -999.900   -999.900     -0.354      0.000   -119.500   -119.300    -80.358    -80.154   -999.900   -999.900
    -79.000    -74.913    -74.546   -999.900   -999.900     -0.368      0.000   -122.500   -122.300    -83.376    -83.226   -999.900   -999.900
    -82.000    -75.225    -74.855   -999.900   -999.900     -0.371      0.000   -125.500   -125.300    -86.272    -86.294   -999.900   -999.900
    -85.000    -75.416    -75.033   -999.900   -999.900     -0.383      0.000   -128.500   -128.300    -89.706    -89.869   -999.900   -999.900
    -88.000    -75.503    -75.118   -999.900   -999.900     -0.385      0.000   -131.500   -131.300    -93.009    -93.756   -999.900   -999.900
    -91.000    -75.543    -75.149   -999.900   -999.900     -0.395      0.000   -134.500   -134.300    -96.190    -96.829   -999.900   -999.900
    -94.000    -75.576    -75.163   -999.900   -999.900     -0.413      0.000   -137.500   -137.300   -104.920    -99.704   -999.900   -999.900
    -97.000    -75.566    -75.172   -999.900   -999.900     -0.393      0.000   -140.500   -140.300   -100.174   -103.867   -999.900   -999.900
   -100.000    -75.574    -75.164   -999.900   -999.900     -0.410      0.000   -143.500   -143.300   -103.502   -100.106   -999.900   -999.900
   -103.000    -75.593    -75.143   -999.900   -999.900     -0.449      0.000   -146.500   -146.300   -103.502    -96.103   -999.900   -999.900
   -106.000    -75.563    -75.157   -999.900   -999.900     -0.406      0.000   -149.500   -149.300   -103.502    -98.282   -999.900   -999.900
   -109.000    -75.595    -75.206   -999.900   -999.900     -0.389      0.000   -152.500   -152.300   -103.502    -98.282   -999.900   -999.900
   -112.000    -75.586    -75.193   -999.900   -999.900     -0.392      0.000   -155.500   -155.300   -103.502    -98.282   -999.900   -999.900
   -115.000    -75.569    -75.192   -999.900   -999.900     -0.377      0.000   -158.500   -158.300   -103.502    -98.282   -999.900   -999.900
   -118.000    -75.586    -75.191   -999.900   -999.900     -0.395      0.000   -161.500   -161.300   -103.502    -98.282   -999.900   -999.900
