    -14.000      7.962      8.034      6.862      6.920     -0.072     -0.058    -30.330    -30.270      7.962      8.034      6.862      6.920
    -16.000      6.686      6.702      6.377      6.405     -0.016     -0.028    -32.330    -32.270      6.686      6.702      6.377      6.405
    -18.000      4.883      4.883      5.159      5.160      0.000     -0.000    -34.330    -34.270      4.883      4.883      5.159      5.160
    -20.000      3.010      3.010      3.333      3.333      0.000     -0.000    -36.330    -36.270      3.010      3.010      3.333      3.333
    -22.000      1.077      1.077      1.429      1.429      0.000     -0.000    -38.330    -38.270      1.077      1.077      1.429      1.429
    -24.000     -0.823     -0.823     -0.450     -0.449      0.000     -0.000    -40.330    -40.270     -0.823     -0.823     -0.450     -0.449
    -26.000     -2.812     -2.812     -2.422     -2.422      0.000     -0.000    -42.330    -42.270     -2.812     -2.812     -2.423     -2.422
    -28.000     -4.817     -4.817     -4.414     -4.414      0.000     -0.000    -44.330    -44.270     -4.817     -4.817     -4.414     -4.414
    -30.000     -6.785     -6.785     -6.371     -6.371      0.000     -0.000    -46.330    -46.270     -6.785     -6.785     -6.371     -6.371
    -32.000     -8.803     -8.803     -8.385     -8.385      0.000     -0.000    -48.330    -48.270     -8.803     -8.803     -8.385     -8.385
    -34.000    -10.775    -10.775    -10.348    -10.348      0.000     -0.000    -50.330    -50.270    -10.775    -10.775    -10.349    -10.348
    -36.000    -12.797    -12.797    -12.369    -12.369      0.000     -0.000    -52.330    -52.270    -12.797    -12.797    -12.369    -12.369
    -38.000    -14.763    -14.763    -14.329    -14.329      0.000     -0.000    -54.330    -54.270    -14.763    -14.763    -14.329    -14.329
    -40.000    -16.782    -16.782    -16.342    -16.341      0.000     -0.000    -56.330    -56.270    -16.782    -16.782    -16.342    -16.342
    -42.000    -18.810    -18.804    -18.364    -18.370     -0.006      0.006    -58.330    -58.270    -18.810    -18.804    -18.364    -18.370
    -44.000    -20.780    -20.780    -20.342    -20.342      0.000     -0.000    -60.330    -60.270    -20.780    -20.780    -20.342    -20.342
    -46.000    -22.782    -22.782    -22.344    -22.343      0.000     -0.000    -62.330    -62.270    -22.782    -22.782    -22.344    -22.344
    -48.000    -24.756    -24.756    -24.305    -24.304      0.000     -0.000    -64.330    -64.270    -24.756    -24.756    -24.305    -24.304
    -50.000    -26.772    -26.772    -26.328    -26.328     -0.000     -0.000    -66.330    -66.270    -26.772    -26.772    -26.328    -26.328
    -52.000    -28.792    -28.792    -28.348    -28.348     -0.000      0.000    -68.330    -68.270    -28.792    -28.792    -28.348    -28.348
    -54.000    -30.795    -30.795    -30.353    -30.353      0.000     -0.000    -70.330    -70.270    -30.795    -30.795    -30.353    -30.353
    -56.000    -32.815    -32.815    -32.371    -32.371      0.000      0.000    -72.330    -72.270    -32.815    -32.815    -32.371    -32.371
    -58.000    -34.770    -34.770    -34.326    -34.326      0.001     -0.000    -74.330    -74.270    -34.770    -34.771    -34.326    -34.326
    -60.000    -36.792    -36.793    -36.351    -36.350      0.001     -0.000    -76.330    -76.270    -36.793    -36.793    -36.351    -36.351
    -62.000    -38.810    -38.810    -38.370    -38.370      0.000      0.000    -78.330    -78.270    -38.811    -38.811    -38.371    -38.371
    -64.000    -40.755    -40.756    -40.312    -40.313      0.001      0.000    -80.330    -80.270    -40.756    -40.757    -40.314    -40.314
    -66.000    -42.778    -42.779    -42.329    -42.329      0.001      0.000    -82.330    -82.270    -42.780    -42.781    -42.331    -42.331
    -68.000    -44.731    -44.732    -44.290    -44.291      0.001      0.000    -84.330    -84.270    -44.734    -44.735    -44.293    -44.293
    -70.000    -46.745    -46.746    -46.307    -46.306      0.001     -0.001    -86.330    -86.270    -46.750    -46.751    -46.311    -46.311
    -72.000    -48.756    -48.757    -48.321    -48.320      0.000     -0.001    -88.330    -88.270    -48.763    -48.764    -48.328    -48.327
    -74.000    -50.719    -50.718    -50.287    -50.287     -0.000      0.000    -90.330    -90.270    -50.730    -50.730    -50.298    -50.299
    -76.000    -52.719    -52.720    -52.295    -52.294      0.001     -0.001    -92.330    -92.270    -52.737    -52.738    -52.313    -52.312
    -78.000    -54.659    -54.657    -54.233    -54.233     -0.002      0.000    -94.330    -94.270    -54.687    -54.685    -54.261    -54.261
    -80.000    -56.656    -56.658    -56.237    -56.234      0.002     -0.002    -96.330    -96.270    -56.700    -56.702    -56.281    -56.279
    -82.000    -58.599    -58.597    -58.176    -58.177     -0.002      0.001    -98.330    -98.270    -58.669    -58.667    -58.246    -58.246
    -84.000    -60.586    -60.585    -60.164    -60.161     -0.001     -0.003   -100.330   -100.270    -60.697    -60.696    -60.275    -60.272
    -86.000    -62.520    -62.526    -62.110    -62.098      0.006     -0.012   -102.330   -102.270    -62.694    -62.700    -62.284    -62.272
    -88.000    -64.419    -64.423    -64.000    -64.007      0.004      0.007   -104.330   -104.270    -64.692    -64.696    -64.273    -64.280
    -90.000    -66.218    -66.215    -65.802    -65.802     -0.003      0.000   -106.330   -106.270    -66.637    -66.634    -66.222    -66.222
    -92.000    -68.043    -68.045    -67.624    -67.624      0.002      0.000   -108.330   -108.270    -68.699    -68.702    -68.279    -68.280
    -94.000    -69.725    -69.722    -69.305    -69.302     -0.003     -0.003   -110.330   -110.270    -70.730    -70.726    -70.307    -70.304
    -96.000    -71.190    -71.191    -70.778    -70.781      0.001      0.002   -112.330   -112.270    -72.675    -72.677    -72.262    -72.267
    -98.000    -72.528    -72.537    -72.122    -72.109      0.009     -0.013   -114.330   -114.270    -74.702    -74.719    -74.301    -74.282
   -100.000    -73.640    -73.642    -73.227    -73.223      0.002     -0.004   -116.330   -116.270    -76.727    -76.735    -76.314    -76.308
   -102.000    -74.495    -74.496    -74.086    -74.091      0.000      0.005   -118.330   -118.270    -78.693    -78.698    -78.288    -78.307
   -104.000    -75.164    -75.164    -74.737    -74.755      0.000      0.018   -120.330   -120.270    -80.735    -80.743    -80.269    -80.343
   -106.000    -75.643    -75.628    -75.219    -75.218     -0.015     -0.001   -122.330   -122.270    -82.790    -82.721    -82.314    -82.322
   -108.000    -75.946    -75.954    -75.538    -75.533      0.008     -0.005   -124.330   -124.270    -84.653    -84.728    -84.266    -84.251
   -110.000    -76.169    -76.174    -75.755    -75.769      0.005      0.015   -126.330   -126.270    -86.678    -86.759    -86.227    -86.429
   -112.000    -76.346    -76.315    -75.910    -75.912     -0.032      0.002   -128.330   -128.270    -89.260    -88.721    -88.396    -88.479
   -114.000    -76.411    -76.408    -76.014    -76.005     -0.003     -0.009   -130.330   -130.270    -90.740    -90.726    -90.730    -90.562
   -116.000    -76.479    -76.458    -76.073    -76.060     -0.021     -0.013   -132.330   -132.270    -93.137    -92.334    -92.951    -92.523
   -118.000    -76.504    -76.514    -76.106    -76.117      0.010      0.011   -134.330   -134.270    -94.460    -95.285    -94.950    -96.233
   -120.000    -76.542    -76.534    -76.135    -76.147     -0.008      0.011   -136.330   -136.270    -97.845    -97.200    -98.174   -101.497
   -122.000    -76.546    -76.576    -76.147    -76.136      0.030     -0.011   -138.330   -138.270    -98.468    -97.200   -100.588    -98.854
   -124.000    -76.553    -76.552    -76.140    -76.158     -0.001      0.018   -140.330   -140.270    -99.784    -97.200    -98.998   -110.814
   -126.000    -76.567    -76.587    -76.168    -76.149      0.020     -0.019   -142.330   -142.270   -104.263    -97.200    -98.998   -102.284
   -128.000    -76.577    -76.576    -76.162    -76.162     -0.001      0.000   -144.330   -144.270   -104.263    -97.200    -98.998   -102.284
   -130.000    -76.578    -76.572    -76.167    -76.149     -0.006     -0.018   -146.330   -146.270   -104.263    -97.200    -98.998   -102.284
   -132.000    -76.592    -76.576    -76.172    -76.167     -0.016     -0.005   -148.330   -148.270   -104.263    -97.200    -98.998   -102.284
   -134.000    -76.590    -76.574    -76.178    -76.179     -0.016      0.001   -150.330   -150.270   -104.263    -97.200    -98.998   -102.284
   -136.000    -76.591    -76.571    -76.183    -76.160     -0.019     -0.023   -152.330   -152.270   -104.263    -97.200    -98.998   -102.284
   -138.000    -76.588    -76.584    -76.173    -76.187     -0.004      0.014   -154.330   -154.270   -104.263    -97.200    -98.998   -102.284
   -140.000    -76.591    -76.586    -76.165    -76.160     -0.005     -0.005   -156.330   -156.270   -104.263    -97.200    -98.998   -102.284
