    -14.000      6.534      6.498      8.623      8.583      0.036      0.040    -30.330    -30.270      6.534      6.498      8.623      8.583
    -16.000      6.124      6.117      7.144      7.132      0.008      0.011    -32.330    -32.270      6.124      6.117      7.143      7.132
    -18.000      4.826      4.825      5.111      5.111      0.000     -0.000    -34.330    -34.270      4.826      4.825      5.111      5.111
    -20.000      2.951      2.951      3.282      3.282      0.000     -0.000    -36.330    -36.270      2.951      2.951      3.282      3.282
    -22.000      1.018      1.018      1.377      1.377      0.000     -0.000    -38.330    -38.270      1.018      1.018      1.377      1.377
    -24.000     -0.882     -0.883     -0.502     -0.502      0.000      0.000    -40.330    -40.270     -0.883     -0.883     -0.502     -0.502
    -26.000     -2.871     -2.871     -2.475     -2.475      0.000     -0.000    -42.330    -42.270     -2.871     -2.871     -2.475     -2.475
    -28.000     -4.875     -4.875     -4.465     -4.465      0.000     -0.000    -44.330    -44.270     -4.875     -4.875     -4.465     -4.465
    -30.000     -6.843     -6.843     -6.425     -6.425      0.000     -0.000    -46.330    -46.270     -6.843     -6.844     -6.425     -6.425
    -32.000     -8.862     -8.862     -8.435     -8.435      0.000     -0.000    -48.330    -48.270     -8.862     -8.862     -8.435     -8.435
    -34.000    -10.834    -10.834    -10.401    -10.401      0.000     -0.000    -50.330    -50.270    -10.834    -10.834    -10.401    -10.401
    -36.000    -12.856    -12.856    -12.420    -12.420      0.000     -0.000    -52.330    -52.270    -12.856    -12.856    -12.420    -12.420
    -38.000    -14.816    -14.816    -14.377    -14.377      0.000      0.000    -54.330    -54.270    -14.816    -14.816    -14.377    -14.377
    -40.000    -16.836    -16.836    -16.394    -16.394      0.000      0.000    -56.330    -56.270    -16.836    -16.836    -16.394    -16.394
    -42.000    -18.858    -18.858    -18.416    -18.416      0.000     -0.000    -58.330    -58.270    -18.858    -18.858    -18.416    -18.416
    -44.000    -20.837    -20.837    -20.392    -20.392      0.000     -0.000    -60.330    -60.270    -20.837    -20.837    -20.392    -20.392
    -46.000    -22.837    -22.837    -22.391    -22.391      0.000      0.000    -62.330    -62.270    -22.837    -22.837    -22.391    -22.391
    -48.000    -24.802    -24.802    -24.356    -24.355      0.000     -0.000    -64.330    -64.270    -24.802    -24.802    -24.356    -24.355
    -50.000    -26.825    -26.826    -26.378    -26.377      0.000     -0.000    -66.330    -66.270    -26.825    -26.826    -26.378    -26.377
    -52.000    -28.846    -28.846    -28.400    -28.400      0.000     -0.000    -68.330    -68.270    -28.846    -28.846    -28.400    -28.400
    -54.000    -30.848    -30.848    -30.405    -30.405      0.000     -0.000    -70.330    -70.270    -30.848    -30.848    -30.405    -30.405
    -56.000    -32.867    -32.868    -32.422    -32.422      0.000     -0.000    -72.330    -72.270    -32.868    -32.868    -32.423    -32.422
    -58.000    -34.821    -34.820    -34.376    -34.375     -0.000     -0.000    -74.330    -74.270    -34.821    -34.821    -34.376    -34.376
    -60.000    -36.845    -36.845    -36.398    -36.398     -0.000      0.000    -76.330    -76.270    -36.845    -36.845    -36.398    -36.399
    -62.000    -38.862    -38.861    -38.414    -38.414     -0.000     -0.000    -78.330    -78.270    -38.863    -38.862    -38.415    -38.414
    -64.000    -40.806    -40.806    -40.361    -40.360      0.000     -0.001    -80.330    -80.270    -40.807    -40.807    -40.362    -40.361
    -66.000    -42.826    -42.826    -42.382    -42.382      0.000     -0.000    -82.330    -82.270    -42.828    -42.828    -42.384    -42.384
    -68.000    -44.788    -44.788    -44.341    -44.340      0.000     -0.001    -84.330    -84.270    -44.791    -44.791    -44.344    -44.343
    -70.000    -46.800    -46.800    -46.357    -46.357      0.000     -0.001    -86.330    -86.270    -46.805    -46.805    -46.362    -46.361
    -72.000    -48.810    -48.809    -48.367    -48.367     -0.001      0.000    -88.330    -88.270    -48.817    -48.816    -48.375    -48.375
    -74.000    -50.771    -50.772    -50.332    -50.333      0.001      0.001    -90.330    -90.270    -50.782    -50.783    -50.343    -50.344
    -76.000    -52.773    -52.774    -52.339    -52.338      0.002     -0.002    -92.330    -92.270    -52.791    -52.792    -52.357    -52.356
    -78.000    -54.715    -54.715    -54.279    -54.280     -0.001      0.000    -94.330    -94.270    -54.743    -54.743    -54.308    -54.308
    -80.000    -56.713    -56.714    -56.282    -56.280      0.000     -0.002    -96.330    -96.270    -56.758    -56.758    -56.327    -56.325
    -82.000    -58.656    -58.656    -58.226    -58.227      0.000      0.001    -98.330    -98.270    -58.727    -58.727    -58.296    -58.297
    -84.000    -60.641    -60.639    -60.211    -60.213     -0.002      0.002   -100.330   -100.270    -60.752    -60.751    -60.323    -60.325
    -86.000    -62.578    -62.580    -62.153    -62.154      0.002      0.001   -102.330   -102.270    -62.754    -62.756    -62.328    -62.330
    -88.000    -64.477    -64.475    -64.049    -64.055     -0.002      0.005   -104.330   -104.270    -64.753    -64.751    -64.325    -64.330
    -90.000    -66.348    -66.334    -65.918    -65.911     -0.014     -0.007   -106.330   -106.270    -66.780    -66.764    -66.349    -66.341
    -92.000    -67.740    -67.731    -67.302    -67.309     -0.010      0.007   -108.330   -108.270    -68.348    -68.337    -67.906    -67.915
    -94.000    -69.767    -69.752    -69.349    -69.344     -0.014     -0.004   -110.330   -110.270    -70.780    -70.762    -70.362    -70.357
    -96.000    -71.229    -71.237    -70.813    -70.805      0.008     -0.008   -112.330   -112.270    -72.726    -72.737    -72.310    -72.301
    -98.000    -72.557    -72.561    -72.143    -72.136      0.004     -0.008   -114.330   -114.270    -74.745    -74.751    -74.333    -74.323
   -100.000    -73.676    -73.674    -73.249    -73.254     -0.002      0.005   -116.330   -116.270    -76.792    -76.786    -76.355    -76.369
   -102.000    -74.541    -74.508    -74.089    -74.102     -0.033      0.013   -118.330   -118.270    -78.801    -78.712    -78.288    -78.329
   -104.000    -75.175    -75.175    -74.768    -74.758     -0.001     -0.010   -120.330   -120.270    -80.755    -80.750    -80.371    -80.346
   -106.000    -75.650    -75.645    -75.218    -75.239     -0.005      0.021   -122.330   -122.270    -82.791    -82.760    -82.290    -82.418
   -108.000    -75.981    -75.986    -75.559    -75.552      0.005     -0.007   -124.330   -124.270    -84.864    -84.896    -84.406    -84.380
   -110.000    -76.201    -76.209    -75.783    -75.771      0.009     -0.013   -126.330   -126.270    -86.951    -87.042    -86.520    -86.419
   -112.000    -76.322    -76.328    -75.906    -75.905      0.006     -0.001   -128.330   -128.270    -88.678    -88.762    -88.257    -88.317
   -114.000    -76.431    -76.426    -76.004    -76.020     -0.005      0.017   -130.330   -130.270    -91.086    -90.912    -90.351    -90.953
   -116.000    -76.482    -76.479    -76.066    -76.067     -0.003      0.001   -132.330   -132.270    -92.889    -92.717    -92.498    -92.730
   -118.000    -76.523    -76.524    -76.113    -76.115      0.001      0.003   -134.330   -134.270    -95.223    -95.185    -95.216    -95.806
   -120.000    -76.541    -76.552    -76.133    -76.124      0.011     -0.009   -136.330   -136.270    -96.823    -98.029    -97.367    -96.771
   -122.000    -76.554    -76.569    -76.153    -76.146      0.015     -0.008   -138.330   -138.270    -98.368   -101.216   -101.460   -100.415
   -124.000    -76.580    -76.575    -76.166    -76.151     -0.005     -0.015   -140.330   -140.270   -108.997   -103.551   -101.460   -102.207
   -126.000    -76.592    -76.588    -76.158    -76.160     -0.004      0.002   -142.330   -142.270   -108.997   -103.551   -101.460   -110.030
   -128.000    -76.589    -76.584    -76.171    -76.160     -0.005     -0.011   -144.330   -144.270   -108.997   -103.551   -101.460   -110.281
   -130.000    -76.579    -76.579    -76.183    -76.183      0.000     -0.000   -146.330   -146.270   -108.997   -103.551   -101.460   -110.281
   -132.000    -76.587    -76.585    -76.181    -76.167     -0.002     -0.014   -148.330   -148.270   -108.997   -103.551   -101.460   -110.281
   -134.000    -76.591    -76.587    -76.169    -76.175     -0.004      0.006   -150.330   -150.270   -108.997   -103.551   -101.460   -110.281
   -136.000    -76.589    -76.590    -76.176    -76.181      0.001      0.006   -152.330   -152.270   -108.997   -103.551   -101.460   -110.281
   -138.000    -76.599    -76.599    -76.170    -76.150      0.000     -0.019   -154.330   -154.270   -108.997   -103.551   -101.460   -110.281
   -140.000    -76.604    -76.610    -76.169    -76.185      0.006      0.016   -156.330   -156.270   -108.997   -103.551   -101.460   -110.281
