     20.000      6.683      6.523   -999.900   -999.900      0.160      0.000    -22.570    -22.670      6.683      6.523   -999.900   -999.900
     17.000      6.677      6.522   -999.900   -999.900      0.155      0.000    -25.570    -25.670      6.677      6.522   -999.900   -999.900
     14.000      6.593      6.768   -999.900   -999.900     -0.175      0.000    -28.570    -28.670      6.593      6.768   -999.900   -999.900
     11.000      6.064      6.132   -999.900   -999.900     -0.068      0.000    -31.570    -31.670      6.064      6.132   -999.900   -999.900
      8.000      3.878      4.192   -999.900   -999.900     -0.314      0.000    -34.570    -34.670      3.878      4.192   -999.900   -999.900
      5.000      0.973      1.340   -999.900   -999.900     -0.367      0.000    -37.570    -37.670      0.973      1.340   -999.900   -999.900
      2.000     -1.986     -1.589   -999.900   -999.900     -0.397      0.000    -40.570    -40.670     -1.986     -1.589   -999.900   -999.900
     -1.000     -4.984     -4.563   -999.900   -999.900     -0.421      0.000    -43.570    -43.670     -4.984     -4.563   -999.900   -999.900
     -4.000     -8.017     -7.584   -999.900   -999.900     -0.434      0.000    -46.570    -46.670     -8.017     -7.584   -999.900   -999.900
     -7.000    -11.011    -10.571   -999.900   -999.900     -0.440      0.000    -49.570    -49.670    -11.011    -10.571   -999.900   -999.900
    -10.000    -14.023    -13.572   -999.900   -999.900     -0.451      0.000    -52.570    -52.670    -14.023    -13.572   -999.900   -999.900
    -13.000    -17.014    -16.562   -999.900   -999.900     -0.452      0.000    -55.570    -55.670    -17.014    -16.562   -999.900   -999.900
    -16.000    -20.020    -19.565   -999.900   -999.900     -0.456      0.000    -58.570    -58.670    -20.020    -19.565   -999.900   -999.900
    -19.000    -23.033    -22.578   -999.900   -999.900     -0.455      0.000    -61.570    -61.670    -23.034    -22.578   -999.900   -999.900
    -22.000    -26.029    -25.574   -999.900   -999.900     -0.456      0.000    -64.570    -64.670    -26.030    -25.574   -999.900   -999.900
    -25.000    -29.031    -28.578   -999.900   -999.900     -0.454      0.000    -67.570    -67.670    -29.031    -28.578   -999.900   -999.900
    -28.000    -32.025    -31.572   -999.900   -999.900     -0.453      0.000    -70.570    -70.670    -32.025    -31.572   -999.900   -999.900
    -31.000    -35.035    -34.581   -999.900   -999.900     -0.453      0.000    -73.570    -73.670    -35.035    -34.582   -999.900   -999.900
    -34.000    -38.044    -37.593   -999.900   -999.900     -0.451      0.000    -76.570    -76.670    -38.045    -37.594   -999.900   -999.900
    -37.000    -41.049    -40.591   -999.900   -999.900     -0.458      0.000    -79.570    -79.670    -41.050    -40.592   -999.900   -999.900
    -40.000    -44.046    -43.589   -999.900   -999.900     -0.457      0.000    -82.570    -82.670    -44.049    -43.592   -999.900   -999.900
    -43.000    -46.978    -46.531   -999.900   -999.900     -0.447      0.000    -85.570    -85.670    -46.984    -46.537   -999.900   -999.900
    -46.000    -49.983    -49.544   -999.900   -999.900     -0.439      0.000    -88.570    -88.670    -49.994    -49.556   -999.900   -999.900
    -49.000    -52.979    -52.547   -999.900   -999.900     -0.432      0.000    -91.570    -91.670    -53.002    -52.571   -999.900   -999.900
    -52.000    -55.947    -55.518   -999.900   -999.900     -0.430      0.000    -94.570    -94.670    -55.992    -55.565   -999.900   -999.900
    -55.000    -58.949    -58.526   -999.900   -999.900     -0.423      0.000    -97.570    -97.670    -59.039    -58.620   -999.900   -999.900
    -58.000    -61.860    -61.428   -999.900   -999.900     -0.432      0.000   -100.570   -100.670    -62.037    -61.615   -999.900   -999.900
    -61.000    -64.698    -64.255   -999.900   -999.900     -0.443      0.000   -103.570   -103.670    -65.046    -64.621   -999.900   -999.900
    -64.000    -67.380    -66.922   -999.900   -999.900     -0.458      0.000   -106.570   -106.670    -68.049    -67.625   -999.900   -999.900
    -67.000    -69.791    -69.309   -999.900   -999.900     -0.482      0.000   -109.570   -109.670    -71.032    -70.610   -999.900   -999.900
    -70.000    -71.851    -71.321   -999.900   -999.900     -0.530      0.000   -112.570   -112.670    -74.064    -73.623   -999.900   -999.900
    -73.000    -73.405    -72.836   -999.900   -999.900     -0.569      0.000   -115.570   -115.670    -77.082    -76.636   -999.900   -999.900
    -76.000    -74.455    -73.847   -999.900   -999.900     -0.609      0.000   -118.570   -118.670    -80.099    -79.628   -999.900   -999.900
    -79.000    -75.075    -74.446   -999.900   -999.900     -0.629      0.000   -121.570   -121.670    -83.002    -82.536   -999.900   -999.900
    -82.000    -75.447    -74.816   -999.900   -999.900     -0.631      0.000   -124.570   -124.670    -86.097    -85.783   -999.900   -999.900
    -85.000    -75.638    -74.997   -999.900   -999.900     -0.641      0.000   -127.570   -127.670    -89.111    -88.864   -999.900   -999.900
    -88.000    -75.739    -75.096   -999.900   -999.900     -0.643      0.000   -130.570   -130.670    -92.197    -92.338   -999.900   -999.900
    -91.000    -75.797    -75.138   -999.900   -999.900     -0.659      0.000   -133.570   -133.670    -96.085    -95.438   -999.900   -999.900
    -94.000    -75.813    -75.165   -999.900   -999.900     -0.648      0.000   -136.570   -136.670    -98.298   -100.193   -999.900   -999.900
    -97.000    -75.829    -75.176   -999.900   -999.900     -0.653      0.000   -139.570   -139.670   -102.648   -107.572   -999.900   -999.900
   -100.000    -75.819    -75.174   -999.900   -999.900     -0.645      0.000   -142.570   -142.670    -99.376   -104.893   -999.900   -999.900
   -103.000    -75.849    -75.177   -999.900   -999.900     -0.671      0.000   -145.570   -145.670    -99.376   -110.634   -999.900   -999.900
   -106.000    -75.841    -75.184   -999.900   -999.900     -0.657      0.000   -148.570   -148.670    -99.376   -110.634   -999.900   -999.900
   -109.000    -75.849    -75.172   -999.900   -999.900     -0.676      0.000   -151.570   -151.670    -99.376   -110.634   -999.900   -999.900
   -112.000    -75.833    -75.186   -999.900   -999.900     -0.647      0.000   -154.570   -154.670    -99.376   -110.634   -999.900   -999.900
