    -14.000      7.983      7.989      7.934      7.939     -0.006     -0.005    -29.150    -29.110      7.983      7.989      7.934      7.939
    -16.000      7.285      7.283      7.258      7.266      0.002     -0.008    -31.150    -31.110      7.285      7.283      7.258      7.266
    -18.000      6.095      6.095      6.140      6.140      0.000      0.000    -33.150    -33.110      6.095      6.095      6.140      6.140
    -20.000      4.296      4.296      4.392      4.392      0.000      0.000    -35.150    -35.110      4.296      4.296      4.392      4.392
    -22.000      2.399      2.399      2.524      2.524      0.000      0.000    -37.150    -37.110      2.399      2.399      2.524      2.524
    -24.000      0.518      0.518      0.663      0.663      0.000     -0.000    -39.150    -39.110      0.518      0.518      0.663      0.663
    -26.000     -1.459     -1.459     -1.297     -1.297      0.000     -0.000    -41.150    -41.110     -1.459     -1.459     -1.297     -1.297
    -28.000     -3.452     -3.452     -3.276     -3.276      0.000      0.000    -43.150    -43.110     -3.452     -3.452     -3.276     -3.276
    -30.000     -5.417     -5.417     -5.230     -5.230      0.000      0.000    -45.150    -45.110     -5.417     -5.417     -5.230     -5.230
    -32.000     -7.429     -7.429     -7.235     -7.235      0.000     -0.000    -47.150    -47.110     -7.429     -7.429     -7.235     -7.235
    -34.000     -9.400     -9.400     -9.199     -9.199      0.000      0.000    -49.150    -49.110     -9.400     -9.400     -9.199     -9.199
    -36.000    -11.421    -11.421    -11.214    -11.214      0.000      0.000    -51.150    -51.110    -11.421    -11.421    -11.214    -11.214
    -38.000    -13.388    -13.388    -13.177    -13.177      0.000      0.000    -53.150    -53.110    -13.388    -13.388    -13.177    -13.177
    -40.000    -15.405    -15.405    -15.192    -15.192     -0.000      0.000    -55.150    -55.110    -15.405    -15.405    -15.192    -15.192
    -42.000    -17.421    -17.421    -17.205    -17.205      0.000      0.000    -57.150    -57.110    -17.421    -17.421    -17.205    -17.205
    -44.000    -19.399    -19.399    -19.183    -19.183      0.000      0.000    -59.150    -59.110    -19.399    -19.399    -19.183    -19.183
    -46.000    -21.399    -21.399    -21.183    -21.183      0.000      0.000    -61.150    -61.110    -21.399    -21.399    -21.183    -21.183
    -48.000    -23.370    -23.370    -23.150    -23.150      0.000     -0.000    -63.150    -63.110    -23.370    -23.370    -23.150    -23.150
    -50.000    -25.386    -25.386    -25.167    -25.167      0.000     -0.000    -65.150    -65.110    -25.386    -25.386    -25.167    -25.167
    -52.000    -27.405    -27.405    -27.187    -27.187     -0.000      0.000    -67.150    -67.110    -27.405    -27.405    -27.187    -27.187
    -54.000    -29.415    -29.415    -29.196    -29.196      0.000     -0.000    -69.150    -69.110    -29.415    -29.415    -29.196    -29.196
    -56.000    -31.434    -31.434    -31.215    -31.215      0.000      0.000    -71.150    -71.110    -31.434    -31.434    -31.216    -31.216
    -58.000    -33.387    -33.387    -33.168    -33.168     -0.000      0.000    -73.150    -73.110    -33.388    -33.388    -33.168    -33.169
    -60.000    -35.408    -35.408    -35.188    -35.188     -0.000      0.000    -75.150    -75.110    -35.409    -35.409    -35.188    -35.188
    -62.000    -37.428    -37.428    -37.207    -37.207     -0.000      0.000    -77.150    -77.110    -37.429    -37.428    -37.208    -37.208
    -64.000    -39.374    -39.374    -39.152    -39.152      0.000      0.000    -79.150    -79.110    -39.376    -39.376    -39.153    -39.153
    -66.000    -41.394    -41.394    -41.170    -41.169      0.000     -0.000    -81.150    -81.110    -41.396    -41.396    -41.172    -41.171
    -68.000    -43.355    -43.355    -43.130    -43.130      0.000     -0.000    -83.150    -83.110    -43.358    -43.358    -43.133    -43.133
    -70.000    -45.369    -45.370    -45.149    -45.149      0.001      0.000    -85.150    -85.110    -45.374    -45.375    -45.154    -45.154
    -72.000    -47.378    -47.378    -47.162    -47.162     -0.000     -0.000    -87.150    -87.110    -47.386    -47.386    -47.170    -47.170
    -74.000    -49.340    -49.341    -49.129    -49.130      0.001      0.000    -89.150    -89.110    -49.353    -49.354    -49.142    -49.142
    -76.000    -51.340    -51.342    -51.136    -51.136      0.001     -0.000    -91.150    -91.110    -51.360    -51.362    -51.156    -51.156
    -78.000    -53.273    -53.274    -53.076    -53.076      0.001     -0.000    -93.150    -93.110    -53.304    -53.305    -53.107    -53.107
    -80.000    -55.269    -55.273    -55.074    -55.069      0.004     -0.005    -95.150    -95.110    -55.319    -55.323    -55.124    -55.119
    -82.000    -57.207    -57.208    -57.015    -57.014      0.001     -0.001    -97.150    -97.110    -57.285    -57.285    -57.093    -57.092
    -84.000    -59.185    -59.184    -58.991    -58.994     -0.001      0.004    -99.150    -99.110    -59.308    -59.307    -59.114    -59.118
    -86.000    -61.113    -61.113    -60.920    -60.922     -0.001      0.002   -101.150   -101.110    -61.306    -61.305    -61.114    -61.116
    -88.000    -62.996    -62.998    -62.810    -62.805      0.002     -0.005   -103.150   -103.110    -63.297    -63.299    -63.113    -63.108
    -90.000    -64.847    -64.852    -64.658    -64.656      0.005     -0.002   -105.150   -105.110    -65.317    -65.322    -65.131    -65.129
    -92.000    -66.585    -66.581    -66.400    -66.391     -0.003     -0.009   -107.150   -107.110    -67.305    -67.301    -67.128    -67.117
    -94.000    -68.229    -68.235    -68.021    -68.039      0.006      0.017   -109.150   -109.110    -69.326    -69.335    -69.124    -69.145
    -96.000    -69.659    -69.671    -69.465    -69.478      0.012      0.014   -111.150   -111.110    -71.272    -71.291    -71.092    -71.111
    -98.000    -70.945    -70.964    -70.750    -70.755      0.019      0.005   -113.150   -113.110    -73.289    -73.324    -73.117    -73.124
   -100.000    -72.009    -72.009    -71.819    -71.792      0.000     -0.027   -115.150   -115.110    -75.315    -75.319    -75.169    -75.107
   -102.000    -72.825    -72.820    -72.612    -72.616     -0.005      0.004   -117.150   -117.110    -77.300    -77.291    -77.112    -77.120
   -104.000    -73.446    -73.451    -73.235    -73.229      0.005     -0.006   -119.150   -119.110    -79.330    -79.358    -79.165    -79.134
   -106.000    -73.876    -73.881    -73.654    -73.653      0.005     -0.001   -121.150   -121.110    -81.305    -81.347    -81.105    -81.090
   -108.000    -74.187    -74.169    -73.963    -73.960     -0.018     -0.003   -123.150   -123.110    -83.399    -83.271    -83.198    -83.155
   -110.000    -74.383    -74.372    -74.157    -74.154     -0.011     -0.002   -125.150   -125.110    -85.385    -85.290    -85.174    -85.114
   -112.000    -74.507    -74.498    -74.290    -74.296     -0.009      0.006   -127.150   -127.110    -87.296    -87.187    -87.267    -87.335
   -114.000    -74.599    -74.589    -74.381    -74.368     -0.011     -0.014   -129.150   -129.110    -89.506    -89.284    -89.572    -89.065
   -116.000    -74.647    -74.644    -74.428    -74.438     -0.003      0.009   -131.150   -131.110    -91.294    -91.301    -91.471    -91.830
   -118.000    -74.683    -74.688    -74.466    -74.463      0.005     -0.003   -133.150   -133.110    -93.409    -94.059    -93.970    -93.497
   -120.000    -74.695    -74.720    -74.487    -74.503      0.025      0.016   -135.150   -135.110    -94.345    -98.321    -96.413    -99.218
   -122.000    -74.729    -74.728    -74.505    -74.502     -0.001     -0.003   -137.150   -137.110    -99.964   -100.820   -100.818    -98.959
   -124.000    -74.735    -74.714    -74.499    -74.507     -0.021      0.008   -139.150   -139.110   -102.901    -97.214    -98.936   -100.766
   -126.000    -74.726    -74.740    -74.514    -74.523      0.014      0.009   -141.150   -141.110    -98.982    -97.214   -111.057   -100.766
   -128.000    -74.744    -74.748    -74.519    -74.525      0.004      0.006   -143.150   -143.110    -98.982    -97.214   -111.057   -100.766
   -130.000    -74.759    -74.744    -74.529    -74.520     -0.015     -0.009   -145.150   -145.110    -98.982    -97.214   -111.057   -100.766
   -132.000    -74.747    -74.746    -74.523    -74.521     -0.001     -0.002   -147.150   -147.110    -98.982    -97.214   -111.057   -100.766
   -134.000    -74.760    -74.747    -74.538    -74.523     -0.013     -0.015   -149.150   -149.110    -98.982    -97.214   -111.057   -100.766
   -136.000    -74.761    -74.750    -74.500    -74.523     -0.012      0.023   -151.150   -151.110    -98.982    -97.214   -111.057   -100.766
   -138.000    -74.747    -74.742    -74.512    -74.515     -0.005      0.003   -153.150   -153.110    -98.982    -97.214   -111.057   -100.766
   -140.000    -74.760    -74.747    -74.537    -74.530     -0.012     -0.007   -155.150   -155.110    -98.982    -97.214   -111.057   -100.766
