     14.000      8.116      8.047   -999.900   -999.900      0.069      0.000    -28.570    -28.670      8.116      8.047   -999.900   -999.900
     11.000      6.689      6.778   -999.900   -999.900     -0.090      0.000    -31.570    -31.670      6.689      6.778   -999.900   -999.900
      8.000      4.095      4.321   -999.900   -999.900     -0.226      0.000    -34.570    -34.670      4.095      4.321   -999.900   -999.900
      5.000      1.199      1.470   -999.900   -999.900     -0.271      0.000    -37.570    -37.670      1.199      1.470   -999.900   -999.900
      2.000     -1.757     -1.457   -999.900   -999.900     -0.299      0.000    -40.570    -40.670     -1.757     -1.457   -999.900   -999.900
     -1.000     -4.752     -4.432   -999.900   -999.900     -0.320      0.000    -43.570    -43.670     -4.752     -4.432   -999.900   -999.900
     -4.000     -7.757     -7.425   -999.900   -999.900     -0.333      0.000    -46.570    -46.670     -7.757     -7.425   -999.900   -999.900
     -7.000    -10.758    -10.415   -999.900   -999.900     -0.343      0.000    -49.570    -49.670    -10.758    -10.415   -999.900   -999.900
    -10.000    -13.759    -13.410   -999.900   -999.900     -0.349      0.000    -52.570    -52.670    -13.759    -13.410   -999.900   -999.900
    -13.000    -16.741    -16.389   -999.900   -999.900     -0.352      0.000    -55.570    -55.670    -16.741    -16.389   -999.900   -999.900
    -16.000    -19.746    -19.394   -999.900   -999.900     -0.353      0.000    -58.570    -58.670    -19.746    -19.394   -999.900   -999.900
    -19.000    -22.753    -22.400   -999.900   -999.900     -0.353      0.000    -61.570    -61.670    -22.753    -22.400   -999.900   -999.900
    -22.000    -25.749    -25.394   -999.900   -999.900     -0.355      0.000    -64.570    -64.670    -25.749    -25.394   -999.900   -999.900
    -25.000    -28.747    -28.392   -999.900   -999.900     -0.355      0.000    -67.570    -67.670    -28.747    -28.392   -999.900   -999.900
    -28.000    -31.736    -31.381   -999.900   -999.900     -0.355      0.000    -70.570    -70.670    -31.736    -31.381   -999.900   -999.900
    -31.000    -34.745    -34.389   -999.900   -999.900     -0.356      0.000    -73.570    -73.670    -34.745    -34.390   -999.900   -999.900
    -34.000    -37.747    -37.392   -999.900   -999.900     -0.354      0.000    -76.570    -76.670    -37.747    -37.393   -999.900   -999.900
    -37.000    -40.743    -40.385   -999.900   -999.900     -0.358      0.000    -79.570    -79.670    -40.745    -40.386   -999.900   -999.900
    -40.000    -43.730    -43.374   -999.900   -999.900     -0.356      0.000    -82.570    -82.670    -43.733    -43.377   -999.900   -999.900
    -43.000    -46.696    -46.349   -999.900   -999.900     -0.347      0.000    -85.570    -85.670    -46.702    -46.355   -999.900   -999.900
    -46.000    -49.697    -49.361   -999.900   -999.900     -0.336      0.000    -88.570    -88.670    -49.710    -49.373   -999.900   -999.900
    -49.000    -52.688    -52.361   -999.900   -999.900     -0.327      0.000    -91.570    -91.670    -52.713    -52.385   -999.900   -999.900
    -52.000    -55.647    -55.332   -999.900   -999.900     -0.315      0.000    -94.570    -94.670    -55.696    -55.379   -999.900   -999.900
    -55.000    -58.614    -58.305   -999.900   -999.900     -0.309      0.000    -97.570    -97.670    -58.711    -58.398   -999.900   -999.900
    -58.000    -61.517    -61.204   -999.900   -999.900     -0.313      0.000   -100.570   -100.670    -61.709    -61.389   -999.900   -999.900
    -61.000    -64.329    -64.030   -999.900   -999.900     -0.300      0.000   -103.570   -103.670    -64.703    -64.391   -999.900   -999.900
    -64.000    -66.979    -66.702   -999.900   -999.900     -0.277      0.000   -106.570   -106.670    -67.694    -67.395   -999.900   -999.900
    -67.000    -69.368    -69.094   -999.900   -999.900     -0.273      0.000   -109.570   -109.670    -70.694    -70.378   -999.900   -999.900
    -70.000    -71.371    -71.137   -999.900   -999.900     -0.234      0.000   -112.570   -112.670    -73.716    -73.425   -999.900   -999.900
    -73.000    -72.862    -72.645   -999.900   -999.900     -0.217      0.000   -115.570   -115.670    -76.714    -76.409   -999.900   -999.900
    -76.000    -73.874    -73.681   -999.900   -999.900     -0.193      0.000   -118.570   -118.670    -79.767    -79.462   -999.900   -999.900
    -79.000    -74.467    -74.278   -999.900   -999.900     -0.189      0.000   -121.570   -121.670    -82.743    -82.358   -999.900   -999.900
    -82.000    -74.804    -74.622   -999.900   -999.900     -0.182      0.000   -124.570   -124.670    -85.759    -85.272   -999.900   -999.900
    -85.000    -74.949    -74.820   -999.900   -999.900     -0.129      0.000   -127.570   -127.670    -88.047    -88.437   -999.900   -999.900
    -88.000    -75.077    -74.911   -999.900   -999.900     -0.167      0.000   -130.570   -130.670    -91.972    -91.232   -999.900   -999.900
    -91.000    -75.131    -74.974   -999.900   -999.900     -0.157      0.000   -133.570   -133.670    -95.980    -95.442   -999.900   -999.900
    -94.000    -75.133    -74.974   -999.900   -999.900     -0.159      0.000   -136.570   -136.670    -96.202    -95.429   -999.900   -999.900
    -97.000    -75.169    -75.006   -999.900   -999.900     -0.163      0.000   -139.570   -139.670    -96.202   -102.844   -999.900   -999.900
   -100.000    -75.164    -75.014   -999.900   -999.900     -0.150      0.000   -142.570   -142.670    -96.202   -102.844   -999.900   -999.900
   -103.000    -75.172    -75.017   -999.900   -999.900     -0.155      0.000   -145.570   -145.670    -96.202   -102.844   -999.900   -999.900
   -106.000    -75.163    -75.013   -999.900   -999.900     -0.150      0.000   -148.570   -148.670    -96.202   -102.844   -999.900   -999.900
   -109.000    -75.178    -75.013   -999.900   -999.900     -0.165      0.000   -151.570   -151.670    -96.202   -102.844   -999.900   -999.900
   -112.000    -75.154    -75.013   -999.900   -999.900     -0.141      0.000   -154.570   -154.670    -96.202   -102.844   -999.900   -999.900
   -115.000    -75.168    -75.018   -999.900   -999.900     -0.150      0.000   -157.570   -157.670    -96.202   -102.844   -999.900   -999.900
   -118.000    -75.169    -75.003   -999.900   -999.900     -0.166      0.000   -160.570   -160.670    -96.202   -102.844   -999.900   -999.900
