     14.000      9.152      6.711   -999.900   -999.900      2.441      0.000    -29.090    -28.960      9.152      6.711   -999.900   -999.900
     11.000      6.420      6.085   -999.900   -999.900      0.334      0.000    -32.090    -31.960      6.420      6.085   -999.900   -999.900
      8.000      4.613      4.169   -999.900   -999.900      0.444      0.000    -35.090    -34.960      4.613      4.169   -999.900   -999.900
      5.000      1.734      1.317   -999.900   -999.900      0.417      0.000    -38.090    -37.960      1.734      1.317   -999.900   -999.900
      2.000     -1.218     -1.613   -999.900   -999.900      0.395      0.000    -41.090    -40.960     -1.218     -1.613   -999.900   -999.900
     -1.000     -4.212     -4.591   -999.900   -999.900      0.379      0.000    -44.090    -43.960     -4.212     -4.591   -999.900   -999.900
     -4.000     -7.246     -7.615   -999.900   -999.900      0.369      0.000    -47.090    -46.960     -7.246     -7.615   -999.900   -999.900
     -7.000    -10.254    -10.605   -999.900   -999.900      0.351      0.000    -50.090    -49.960    -10.254    -10.605   -999.900   -999.900
    -10.000    -13.254    -13.608   -999.900   -999.900      0.355      0.000    -53.090    -52.960    -13.254    -13.608   -999.900   -999.900
    -13.000    -16.243    -16.585   -999.900   -999.900      0.343      0.000    -56.090    -55.960    -16.243    -16.585   -999.900   -999.900
    -16.000    -19.248    -19.590   -999.900   -999.900      0.341      0.000    -59.090    -58.960    -19.248    -19.590   -999.900   -999.900
    -19.000    -22.259    -22.599   -999.900   -999.900      0.340      0.000    -62.090    -61.960    -22.259    -22.599   -999.900   -999.900
    -22.000    -25.261    -25.598   -999.900   -999.900      0.337      0.000    -65.090    -64.960    -25.261    -25.598   -999.900   -999.900
    -25.000    -28.259    -28.597   -999.900   -999.900      0.338      0.000    -68.090    -67.960    -28.259    -28.597   -999.900   -999.900
    -28.000    -31.259    -31.596   -999.900   -999.900      0.338      0.000    -71.090    -70.960    -31.259    -31.597   -999.900   -999.900
    -31.000    -34.277    -34.609   -999.900   -999.900      0.333      0.000    -74.090    -73.960    -34.277    -34.610   -999.900   -999.900
    -34.000    -37.281    -37.613   -999.900   -999.900      0.332      0.000    -77.090    -76.960    -37.282    -37.614   -999.900   -999.900
    -37.000    -40.278    -40.611   -999.900   -999.900      0.333      0.000    -80.090    -79.960    -40.279    -40.612   -999.900   -999.900
    -40.000    -43.268    -43.600   -999.900   -999.900      0.331      0.000    -83.090    -82.960    -43.271    -43.603   -999.900   -999.900
    -43.000    -46.240    -46.578   -999.900   -999.900      0.338      0.000    -86.090    -85.960    -46.246    -46.584   -999.900   -999.900
    -46.000    -49.243    -49.590   -999.900   -999.900      0.347      0.000    -89.090    -88.960    -49.254    -49.602   -999.900   -999.900
    -49.000    -52.232    -52.593   -999.900   -999.900      0.361      0.000    -92.090    -91.960    -52.255    -52.618   -999.900   -999.900
    -52.000    -55.188    -55.557   -999.900   -999.900      0.368      0.000    -95.090    -94.960    -55.235    -55.606   -999.900   -999.900
    -55.000    -58.155    -58.531   -999.900   -999.900      0.376      0.000    -98.090    -97.960    -58.247    -58.630   -999.900   -999.900
    -58.000    -61.066    -61.440   -999.900   -999.900      0.374      0.000   -101.090   -100.960    -61.249    -61.636   -999.900   -999.900
    -61.000    -63.894    -64.257   -999.900   -999.900      0.363      0.000   -104.090   -103.960    -64.253    -64.641   -999.900   -999.900
    -64.000    -66.560    -66.907   -999.900   -999.900      0.347      0.000   -107.090   -106.960    -67.249    -67.642   -999.900   -999.900
    -67.000    -68.959    -69.284   -999.900   -999.900      0.324      0.000   -110.090   -109.960    -70.236    -70.644   -999.900   -999.900
    -70.000    -70.999    -71.269   -999.900   -999.900      0.270      0.000   -113.090   -112.960    -73.272    -73.671   -999.900   -999.900
    -73.000    -72.540    -72.752   -999.900   -999.900      0.213      0.000   -116.090   -115.960    -76.317    -76.710   -999.900   -999.900
    -76.000    -73.535    -73.741   -999.900   -999.900      0.205      0.000   -119.090   -118.960    -79.233    -79.774   -999.900   -999.900
    -79.000    -74.175    -74.286   -999.900   -999.900      0.111      0.000   -122.090   -121.960    -82.317    -82.559   -999.900   -999.900
    -82.000    -74.521    -74.636   -999.900   -999.900      0.116      0.000   -125.090   -124.960    -85.322    -85.755   -999.900   -999.900
    -85.000    -74.701    -74.801   -999.900   -999.900      0.100      0.000   -128.090   -127.960    -88.244    -88.612   -999.900   -999.900
    -88.000    -74.822    -74.886   -999.900   -999.900      0.064      0.000   -131.090   -130.960    -92.415    -91.313   -999.900   -999.900
    -91.000    -74.849    -74.952   -999.900   -999.900      0.103      0.000   -134.090   -133.960    -94.338    -96.027   -999.900   -999.900
    -94.000    -74.879    -74.964   -999.900   -999.900      0.084      0.000   -137.090   -136.960    -98.620    -97.946   -999.900   -999.900
    -97.000    -74.884    -74.983   -999.900   -999.900      0.099      0.000   -140.090   -139.960    -99.801   -106.583   -999.900   -999.900
   -100.000    -74.888    -74.982   -999.900   -999.900      0.094      0.000   -143.090   -142.960   -101.324   -105.518   -999.900   -999.900
   -103.000    -74.907    -74.993   -999.900   -999.900      0.086      0.000   -146.090   -145.960   -101.324   -105.518   -999.900   -999.900
   -106.000    -74.889    -74.984   -999.900   -999.900      0.096      0.000   -149.090   -148.960   -101.324   -105.518   -999.900   -999.900
   -109.000    -74.903    -74.992   -999.900   -999.900      0.089      0.000   -152.090   -151.960   -101.324   -105.518   -999.900   -999.900
   -112.000    -74.894    -74.981   -999.900   -999.900      0.087      0.000   -155.090   -154.960   -101.324   -105.518   -999.900   -999.900
   -115.000    -74.911    -74.984   -999.900   -999.900      0.074      0.000   -158.090   -157.960   -101.324   -105.518   -999.900   -999.900
   -118.000    -74.893    -74.984   -999.900   -999.900      0.091      0.000   -161.090   -160.960   -101.324   -105.518   -999.900   -999.900
