     14.000      6.720      8.921   -999.900   -999.900     -2.202      0.000    -28.570    -28.670      6.720      8.921   -999.900   -999.900
     11.000      6.364      6.953   -999.900   -999.900     -0.589      0.000    -31.570    -31.670      6.364      6.953   -999.900   -999.900
      8.000      3.718      3.980   -999.900   -999.900     -0.262      0.000    -34.570    -34.670      3.718      3.980   -999.900   -999.900
      5.000      0.815      1.121   -999.900   -999.900     -0.307      0.000    -37.570    -37.670      0.815      1.121   -999.900   -999.900
      2.000     -2.144     -1.809   -999.900   -999.900     -0.335      0.000    -40.570    -40.670     -2.144     -1.809   -999.900   -999.900
     -1.000     -5.143     -4.787   -999.900   -999.900     -0.356      0.000    -43.570    -43.670     -5.143     -4.787   -999.900   -999.900
     -4.000     -8.164     -7.796   -999.900   -999.900     -0.368      0.000    -46.570    -46.670     -8.164     -7.796   -999.900   -999.900
     -7.000    -11.163    -10.787   -999.900   -999.900     -0.377      0.000    -49.570    -49.670    -11.163    -10.787   -999.900   -999.900
    -10.000    -14.166    -13.783   -999.900   -999.900     -0.384      0.000    -52.570    -52.670    -14.166    -13.783   -999.900   -999.900
    -13.000    -17.147    -16.763   -999.900   -999.900     -0.384      0.000    -55.570    -55.670    -17.147    -16.763   -999.900   -999.900
    -16.000    -20.153    -19.769   -999.900   -999.900     -0.384      0.000    -58.570    -58.670    -20.153    -19.769   -999.900   -999.900
    -19.000    -23.163    -22.773   -999.900   -999.900     -0.389      0.000    -61.570    -61.670    -23.163    -22.774   -999.900   -999.900
    -22.000    -26.157    -25.768   -999.900   -999.900     -0.389      0.000    -64.570    -64.670    -26.157    -25.768   -999.900   -999.900
    -25.000    -29.157    -28.765   -999.900   -999.900     -0.392      0.000    -67.570    -67.670    -29.158    -28.765   -999.900   -999.900
    -28.000    -32.145    -31.754   -999.900   -999.900     -0.391      0.000    -70.570    -70.670    -32.145    -31.754   -999.900   -999.900
    -31.000    -35.154    -34.762   -999.900   -999.900     -0.392      0.000    -73.570    -73.670    -35.154    -34.762   -999.900   -999.900
    -34.000    -38.154    -37.764   -999.900   -999.900     -0.390      0.000    -76.570    -76.670    -38.155    -37.765   -999.900   -999.900
    -37.000    -41.158    -40.752   -999.900   -999.900     -0.406      0.000    -79.570    -79.670    -41.160    -40.754   -999.900   -999.900
    -40.000    -44.143    -43.739   -999.900   -999.900     -0.404      0.000    -82.570    -82.670    -44.146    -43.742   -999.900   -999.900
    -43.000    -47.106    -46.714   -999.900   -999.900     -0.392      0.000    -85.570    -85.670    -47.112    -46.721   -999.900   -999.900
    -46.000    -50.109    -49.724   -999.900   -999.900     -0.385      0.000    -88.570    -88.670    -50.122    -49.736   -999.900   -999.900
    -49.000    -53.103    -52.722   -999.900   -999.900     -0.380      0.000    -91.570    -91.670    -53.127    -52.748   -999.900   -999.900
    -52.000    -56.066    -55.686   -999.900   -999.900     -0.381      0.000    -94.570    -94.670    -56.116    -55.736   -999.900   -999.900
    -55.000    -59.029    -58.667   -999.900   -999.900     -0.362      0.000    -97.570    -97.670    -59.127    -58.766   -999.900   -999.900
    -58.000    -61.923    -61.570   -999.900   -999.900     -0.353      0.000   -100.570   -100.670    -62.116    -61.767   -999.900   -999.900
    -61.000    -64.742    -64.381   -999.900   -999.900     -0.361      0.000   -103.570   -103.670    -65.120    -64.765   -999.900   -999.900
    -64.000    -67.382    -67.020   -999.900   -999.900     -0.362      0.000   -106.570   -106.670    -68.103    -67.754   -999.900   -999.900
    -67.000    -69.770    -69.395   -999.900   -999.900     -0.375      0.000   -109.570   -109.670    -71.107    -70.752   -999.900   -999.900
    -70.000    -71.770    -71.387   -999.900   -999.900     -0.383      0.000   -112.570   -112.670    -74.136    -73.789   -999.900   -999.900
    -73.000    -73.253    -72.857   -999.900   -999.900     -0.396      0.000   -115.570   -115.670    -77.137    -76.792   -999.900   -999.900
    -76.000    -74.261    -73.839   -999.900   -999.900     -0.422      0.000   -118.570   -118.670    -80.202    -79.808   -999.900   -999.900
    -79.000    -74.853    -74.421   -999.900   -999.900     -0.432      0.000   -121.570   -121.670    -83.218    -82.783   -999.900   -999.900
    -82.000    -75.179    -74.759   -999.900   -999.900     -0.421      0.000   -124.570   -124.670    -86.203    -85.910   -999.900   -999.900
    -85.000    -75.353    -74.925   -999.900   -999.900     -0.427      0.000   -127.570   -127.670    -89.168    -88.837   -999.900   -999.900
    -88.000    -75.452    -75.015   -999.900   -999.900     -0.436      0.000   -130.570   -130.670    -92.566    -91.886   -999.900   -999.900
    -91.000    -75.498    -75.066   -999.900   -999.900     -0.431      0.000   -133.570   -133.670    -95.972    -95.524   -999.900   -999.900
    -94.000    -75.516    -75.081   -999.900   -999.900     -0.435      0.000   -136.570   -136.670    -98.788    -97.570   -999.900   -999.900
    -97.000    -75.525    -75.095   -999.900   -999.900     -0.430      0.000   -139.570   -139.670   -101.185   -101.356   -999.900   -999.900
   -100.000    -75.527    -75.103   -999.900   -999.900     -0.424      0.000   -142.570   -142.670   -101.814   -107.057   -999.900   -999.900
   -103.000    -75.520    -75.104   -999.900   -999.900     -0.416      0.000   -145.570   -145.670    -99.690   -109.248   -999.900   -999.900
   -106.000    -75.537    -75.103   -999.900   -999.900     -0.434      0.000   -148.570   -148.670    -99.690   -107.301   -999.900   -999.900
   -109.000    -75.543    -75.097   -999.900   -999.900     -0.446      0.000   -151.570   -151.670    -99.690   -102.307   -999.900   -999.900
   -112.000    -75.544    -75.111   -999.900   -999.900     -0.433      0.000   -154.570   -154.670    -99.690   -102.307   -999.900   -999.900
   -115.000    -75.540    -75.114   -999.900   -999.900     -0.426      0.000   -157.570   -157.670    -99.690   -102.307   -999.900   -999.900
   -118.000    -75.547    -75.108   -999.900   -999.900     -0.440      0.000   -160.570   -160.670    -99.690   -102.307   -999.900   -999.900
