     20.000      6.925      6.630   -999.900   -999.900      0.295      0.000    -22.570    -22.670      6.925      6.630   -999.900   -999.900
     17.000      6.932      6.634   -999.900   -999.900      0.298      0.000    -25.570    -25.670      6.932      6.634   -999.900   -999.900
     14.000      6.548      6.670   -999.900   -999.900     -0.122      0.000    -28.570    -28.670      6.548      6.670   -999.900   -999.900
     11.000      6.080      6.088   -999.900   -999.900     -0.008      0.000    -31.570    -31.670      6.080      6.088   -999.900   -999.900
      8.000      3.885      4.201   -999.900   -999.900     -0.316      0.000    -34.570    -34.670      3.885      4.201   -999.900   -999.900
      5.000      0.984      1.352   -999.900   -999.900     -0.368      0.000    -37.570    -37.670      0.984      1.352   -999.900   -999.900
      2.000     -1.975     -1.576   -999.900   -999.900     -0.399      0.000    -40.570    -40.670     -1.975     -1.576   -999.900   -999.900
     -1.000     -4.971     -4.549   -999.900   -999.900     -0.422      0.000    -43.570    -43.670     -4.971     -4.549   -999.900   -999.900
     -4.000     -8.008     -7.572   -999.900   -999.900     -0.436      0.000    -46.570    -46.670     -8.008     -7.572   -999.900   -999.900
     -7.000    -11.003    -10.558   -999.900   -999.900     -0.445      0.000    -49.570    -49.670    -11.003    -10.558   -999.900   -999.900
    -10.000    -14.014    -13.561   -999.900   -999.900     -0.453      0.000    -52.570    -52.670    -14.014    -13.561   -999.900   -999.900
    -13.000    -17.005    -16.549   -999.900   -999.900     -0.456      0.000    -55.570    -55.670    -17.005    -16.549   -999.900   -999.900
    -16.000    -20.011    -19.553   -999.900   -999.900     -0.458      0.000    -58.570    -58.670    -20.011    -19.553   -999.900   -999.900
    -19.000    -23.024    -22.566   -999.900   -999.900     -0.458      0.000    -61.570    -61.670    -23.024    -22.566   -999.900   -999.900
    -22.000    -26.019    -25.561   -999.900   -999.900     -0.458      0.000    -64.570    -64.670    -26.019    -25.561   -999.900   -999.900
    -25.000    -29.021    -28.565   -999.900   -999.900     -0.456      0.000    -67.570    -67.670    -29.021    -28.565   -999.900   -999.900
    -28.000    -32.015    -31.558   -999.900   -999.900     -0.457      0.000    -70.570    -70.670    -32.015    -31.558   -999.900   -999.900
    -31.000    -35.026    -34.568   -999.900   -999.900     -0.458      0.000    -73.570    -73.670    -35.026    -34.568   -999.900   -999.900
    -34.000    -38.032    -37.577   -999.900   -999.900     -0.455      0.000    -76.570    -76.670    -38.033    -37.578   -999.900   -999.900
    -37.000    -41.038    -40.577   -999.900   -999.900     -0.461      0.000    -79.570    -79.670    -41.039    -40.579   -999.900   -999.900
    -40.000    -44.032    -43.574   -999.900   -999.900     -0.458      0.000    -82.570    -82.670    -44.035    -43.577   -999.900   -999.900
    -43.000    -47.002    -46.552   -999.900   -999.900     -0.450      0.000    -85.570    -85.670    -47.008    -46.558   -999.900   -999.900
    -46.000    -50.007    -49.565   -999.900   -999.900     -0.442      0.000    -88.570    -88.670    -50.018    -49.577   -999.900   -999.900
    -49.000    -53.002    -52.568   -999.900   -999.900     -0.434      0.000    -91.570    -91.670    -53.025    -52.592   -999.900   -999.900
    -52.000    -55.965    -55.539   -999.900   -999.900     -0.426      0.000    -94.570    -94.670    -56.010    -55.586   -999.900   -999.900
    -55.000    -58.936    -58.506   -999.900   -999.900     -0.430      0.000    -97.570    -97.670    -59.026    -58.600   -999.900   -999.900
    -58.000    -61.842    -61.406   -999.900   -999.900     -0.436      0.000   -100.570   -100.670    -62.019    -61.592   -999.900   -999.900
    -61.000    -64.677    -64.240   -999.900   -999.900     -0.437      0.000   -103.570   -103.670    -65.023    -64.605   -999.900   -999.900
    -64.000    -67.367    -66.899   -999.900   -999.900     -0.468      0.000   -106.570   -106.670    -68.033    -67.598   -999.900   -999.900
    -67.000    -69.780    -69.300   -999.900   -999.900     -0.480      0.000   -109.570   -109.670    -71.016    -70.598   -999.900   -999.900
    -70.000    -71.848    -71.312   -999.900   -999.900     -0.536      0.000   -112.570   -112.670    -74.058    -73.607   -999.900   -999.900
    -73.000    -73.399    -72.831   -999.900   -999.900     -0.568      0.000   -115.570   -115.670    -77.065    -76.623   -999.900   -999.900
    -76.000    -74.436    -73.857   -999.900   -999.900     -0.579      0.000   -118.570   -118.670    -80.024    -79.667   -999.900   -999.900
    -79.000    -75.073    -74.458   -999.900   -999.900     -0.615      0.000   -121.570   -121.670    -82.982    -82.612   -999.900   -999.900
    -82.000    -75.457    -74.794   -999.900   -999.900     -0.663      0.000   -124.570   -124.670    -86.195    -85.508   -999.900   -999.900
    -85.000    -75.636    -74.985   -999.900   -999.900     -0.651      0.000   -127.570   -127.670    -89.023    -88.582   -999.900   -999.900
    -88.000    -75.726    -75.064   -999.900   -999.900     -0.662      0.000   -130.570   -130.670    -91.600    -90.893   -999.900   -999.900
    -91.000    -75.794    -75.138   -999.900   -999.900     -0.656      0.000   -133.570   -133.670    -95.587    -95.410   -999.900   -999.900
    -94.000    -75.815    -75.152   -999.900   -999.900     -0.663      0.000   -136.570   -136.670    -98.262    -97.232   -999.900   -999.900
    -97.000    -75.820    -75.163   -999.900   -999.900     -0.657      0.000   -139.570   -139.670    -99.243    -99.511   -999.900   -999.900
   -100.000    -75.836    -75.161   -999.900   -999.900     -0.675      0.000   -142.570   -142.670   -106.427    -98.998   -999.900   -999.900
   -103.000    -75.849    -75.181   -999.900   -999.900     -0.668      0.000   -145.570   -145.670   -106.427    -98.998   -999.900   -999.900
   -106.000    -75.836    -75.189   -999.900   -999.900     -0.647      0.000   -148.570   -148.670   -106.427    -98.998   -999.900   -999.900
   -109.000    -75.850    -75.188   -999.900   -999.900     -0.662      0.000   -151.570   -151.670   -106.427    -98.998   -999.900   -999.900
   -112.000    -75.828    -75.176   -999.900   -999.900     -0.652      0.000   -154.570   -154.670   -106.427    -98.998   -999.900   -999.900
