     14.000      8.952      8.411   -999.900   -999.900      0.541      0.000    -28.570    -28.670      8.952      8.411   -999.900   -999.900
     11.000      7.209      6.272   -999.900   -999.900      0.937      0.000    -31.570    -31.670      7.209      6.272   -999.900   -999.900
      8.000      4.617      4.183   -999.900   -999.900      0.435      0.000    -34.570    -34.670      4.617      4.183   -999.900   -999.900
      5.000      1.734      1.325   -999.900   -999.900      0.409      0.000    -37.570    -37.670      1.734      1.325   -999.900   -999.900
      2.000     -1.226     -1.615   -999.900   -999.900      0.389      0.000    -40.570    -40.670     -1.226     -1.615   -999.900   -999.900
     -1.000     -4.177     -4.553   -999.900   -999.900      0.376      0.000    -43.570    -43.670     -4.177     -4.553   -999.900   -999.900
     -4.000     -7.217     -7.582   -999.900   -999.900      0.366      0.000    -46.570    -46.670     -7.217     -7.582   -999.900   -999.900
     -7.000    -10.221    -10.576   -999.900   -999.900      0.355      0.000    -49.570    -49.670    -10.221    -10.576   -999.900   -999.900
    -10.000    -13.245    -13.584   -999.900   -999.900      0.339      0.000    -52.570    -52.670    -13.245    -13.584   -999.900   -999.900
    -13.000    -16.227    -16.568   -999.900   -999.900      0.341      0.000    -55.570    -55.670    -16.227    -16.568   -999.900   -999.900
    -16.000    -19.245    -19.582   -999.900   -999.900      0.337      0.000    -58.570    -58.670    -19.245    -19.582   -999.900   -999.900
    -19.000    -22.252    -22.588   -999.900   -999.900      0.336      0.000    -61.570    -61.670    -22.252    -22.588   -999.900   -999.900
    -22.000    -25.252    -25.585   -999.900   -999.900      0.333      0.000    -64.570    -64.670    -25.252    -25.585   -999.900   -999.900
    -25.000    -28.246    -28.581   -999.900   -999.900      0.334      0.000    -67.570    -67.670    -28.246    -28.581   -999.900   -999.900
    -28.000    -31.242    -31.574   -999.900   -999.900      0.332      0.000    -70.570    -70.670    -31.242    -31.574   -999.900   -999.900
    -31.000    -34.247    -34.582   -999.900   -999.900      0.335      0.000    -73.570    -73.670    -34.247    -34.582   -999.900   -999.900
    -34.000    -37.241    -37.577   -999.900   -999.900      0.336      0.000    -76.570    -76.670    -37.242    -37.578   -999.900   -999.900
    -37.000    -40.231    -40.570   -999.900   -999.900      0.339      0.000    -79.570    -79.670    -40.233    -40.571   -999.900   -999.900
    -40.000    -43.219    -43.555   -999.900   -999.900      0.337      0.000    -82.570    -82.670    -43.222    -43.559   -999.900   -999.900
    -43.000    -46.191    -46.533   -999.900   -999.900      0.343      0.000    -85.570    -85.670    -46.197    -46.540   -999.900   -999.900
    -46.000    -49.196    -49.546   -999.900   -999.900      0.350      0.000    -88.570    -88.670    -49.208    -49.558   -999.900   -999.900
    -49.000    -52.193    -52.556   -999.900   -999.900      0.363      0.000    -91.570    -91.670    -52.216    -52.581   -999.900   -999.900
    -52.000    -55.159    -55.530   -999.900   -999.900      0.370      0.000    -94.570    -94.670    -55.205    -55.579   -999.900   -999.900
    -55.000    -58.137    -58.517   -999.900   -999.900      0.379      0.000    -97.570    -97.670    -58.229    -58.616   -999.900   -999.900
    -58.000    -61.025    -61.402   -999.900   -999.900      0.377      0.000   -100.570   -100.670    -61.206    -61.596   -999.900   -999.900
    -61.000    -63.849    -64.222   -999.900   -999.900      0.373      0.000   -103.570   -103.670    -64.203    -64.602   -999.900   -999.900
    -64.000    -66.519    -66.869   -999.900   -999.900      0.351      0.000   -106.570   -106.670    -67.197    -67.596   -999.900   -999.900
    -67.000    -68.928    -69.244   -999.900   -999.900      0.316      0.000   -109.570   -109.670    -70.187    -70.588   -999.900   -999.900
    -70.000    -70.968    -71.239   -999.900   -999.900      0.271      0.000   -112.570   -112.670    -73.206    -73.615   -999.900   -999.900
    -73.000    -72.506    -72.716   -999.900   -999.900      0.209      0.000   -115.570   -115.670    -76.210    -76.610   -999.900   -999.900
    -76.000    -73.531    -73.697   -999.900   -999.900      0.166      0.000   -118.570   -118.670    -79.163    -79.583   -999.900   -999.900
    -79.000    -74.159    -74.297   -999.900   -999.900      0.137      0.000   -121.570   -121.670    -82.105    -82.594   -999.900   -999.900
    -82.000    -74.527    -74.646   -999.900   -999.900      0.119      0.000   -124.570   -124.670    -85.164    -85.799   -999.900   -999.900
    -85.000    -74.719    -74.804   -999.900   -999.900      0.085      0.000   -127.570   -127.670    -88.187    -88.521   -999.900   -999.900
    -88.000    -74.792    -74.907   -999.900   -999.900      0.115      0.000   -130.570   -130.670    -90.199    -92.026   -999.900   -999.900
    -91.000    -74.860    -74.960   -999.900   -999.900      0.100      0.000   -133.570   -133.670    -93.543    -96.235   -999.900   -999.900
    -94.000    -74.891    -74.974   -999.900   -999.900      0.083      0.000   -136.570   -136.670    -96.803    -98.674   -999.900   -999.900
    -97.000    -74.902    -74.982   -999.900   -999.900      0.080      0.000   -139.570   -139.670    -99.103   -101.492   -999.900   -999.900
   -100.000    -74.921    -74.989   -999.900   -999.900      0.068      0.000   -142.570   -142.670    -99.103   -106.712   -999.900   -999.900
   -103.000    -74.921    -74.983   -999.900   -999.900      0.062      0.000   -145.570   -145.670    -99.103   -101.706   -999.900   -999.900
   -106.000    -74.924    -74.990   -999.900   -999.900      0.066      0.000   -148.570   -148.670    -99.103   -108.782   -999.900   -999.900
   -109.000    -74.919    -75.009   -999.900   -999.900      0.090      0.000   -151.570   -151.670    -99.103   -108.782   -999.900   -999.900
   -112.000    -74.914    -74.988   -999.900   -999.900      0.074      0.000   -154.570   -154.670    -99.103   -108.782   -999.900   -999.900
   -115.000    -74.920    -74.995   -999.900   -999.900      0.075      0.000   -157.570   -157.670    -99.103   -108.782   -999.900   -999.900
   -118.000    -74.913    -74.991   -999.900   -999.900      0.078      0.000   -160.570   -160.670    -99.103   -108.782   -999.900   -999.900
