     14.000      8.072      7.913   -999.900   -999.900      0.159      0.000    -29.500    -29.300      8.072      7.913   -999.900   -999.900
     11.000      6.954      6.492   -999.900   -999.900      0.462      0.000    -32.500    -32.300      6.954      6.492   -999.900   -999.900
      8.000      4.536      3.934   -999.900   -999.900      0.602      0.000    -35.500    -35.300      4.536      3.934   -999.900   -999.900
      5.000      1.651      1.062   -999.900   -999.900      0.589      0.000    -38.500    -38.300      1.651      1.062   -999.900   -999.900
      2.000     -1.288     -1.860   -999.900   -999.900      0.572      0.000    -41.500    -41.300     -1.288     -1.860   -999.900   -999.900
     -1.000     -4.270     -4.830   -999.900   -999.900      0.560      0.000    -44.500    -44.300     -4.270     -4.830   -999.900   -999.900
     -4.000     -7.315     -7.866   -999.900   -999.900      0.550      0.000    -47.500    -47.300     -7.315     -7.866   -999.900   -999.900
     -7.000    -10.289    -10.831   -999.900   -999.900      0.541      0.000    -50.500    -50.300    -10.289    -10.831   -999.900   -999.900
    -10.000    -13.311    -13.844   -999.900   -999.900      0.533      0.000    -53.500    -53.300    -13.311    -13.844   -999.900   -999.900
    -13.000    -16.304    -16.836   -999.900   -999.900      0.531      0.000    -56.500    -56.300    -16.304    -16.836   -999.900   -999.900
    -16.000    -19.305    -19.835   -999.900   -999.900      0.530      0.000    -59.500    -59.300    -19.305    -19.835   -999.900   -999.900
    -19.000    -22.304    -22.832   -999.900   -999.900      0.528      0.000    -62.500    -62.300    -22.304    -22.832   -999.900   -999.900
    -22.000    -25.310    -25.838   -999.900   -999.900      0.527      0.000    -65.500    -65.300    -25.311    -25.838   -999.900   -999.900
    -25.000    -28.295    -28.822   -999.900   -999.900      0.527      0.000    -68.500    -68.300    -28.295    -28.823   -999.900   -999.900
    -28.000    -31.296    -31.823   -999.900   -999.900      0.527      0.000    -71.500    -71.300    -31.296    -31.823   -999.900   -999.900
    -31.000    -34.294    -34.821   -999.900   -999.900      0.527      0.000    -74.500    -74.300    -34.295    -34.821   -999.900   -999.900
    -34.000    -37.309    -37.836   -999.900   -999.900      0.527      0.000    -77.500    -77.300    -37.310    -37.837   -999.900   -999.900
    -37.000    -40.299    -40.825   -999.900   -999.900      0.525      0.000    -80.500    -80.300    -40.301    -40.827   -999.900   -999.900
    -40.000    -43.310    -43.839   -999.900   -999.900      0.529      0.000    -83.500    -83.300    -43.313    -43.842   -999.900   -999.900
    -43.000    -46.271    -46.805   -999.900   -999.900      0.534      0.000    -86.500    -86.300    -46.277    -46.811   -999.900   -999.900
    -46.000    -49.268    -49.811   -999.900   -999.900      0.543      0.000    -89.500    -89.300    -49.280    -49.824   -999.900   -999.900
    -49.000    -52.276    -52.826   -999.900   -999.900      0.550      0.000    -92.500    -92.300    -52.300    -52.852   -999.900   -999.900
    -52.000    -55.237    -55.789   -999.900   -999.900      0.551      0.000    -95.500    -95.300    -55.285    -55.840   -999.900   -999.900
    -55.000    -58.213    -58.766   -999.900   -999.900      0.553      0.000    -98.500    -98.300    -58.308    -58.868   -999.900   -999.900
    -58.000    -61.122    -61.665   -999.900   -999.900      0.543      0.000   -101.500   -101.300    -61.308    -61.866   -999.900   -999.900
    -61.000    -63.951    -64.490   -999.900   -999.900      0.540      0.000   -104.500   -104.300    -64.315    -64.884   -999.900   -999.900
    -64.000    -66.599    -67.119   -999.900   -999.900      0.520      0.000   -107.500   -107.300    -67.295    -67.869   -999.900   -999.900
    -67.000    -69.006    -69.480   -999.900   -999.900      0.474      0.000   -110.500   -110.300    -70.301    -70.866   -999.900   -999.900
    -70.000    -71.020    -71.465   -999.900   -999.900      0.446      0.000   -113.500   -113.300    -73.310    -73.918   -999.900   -999.900
    -73.000    -72.533    -72.908   -999.900   -999.900      0.375      0.000   -116.500   -116.300    -76.308    -76.903   -999.900   -999.900
    -76.000    -73.552    -73.880   -999.900   -999.900      0.329      0.000   -119.500   -119.300    -79.306    -79.943   -999.900   -999.900
    -79.000    -74.158    -74.454   -999.900   -999.900      0.296      0.000   -122.500   -122.300    -82.234    -82.953   -999.900   -999.900
    -82.000    -74.518    -74.771   -999.900   -999.900      0.253      0.000   -125.500   -125.300    -85.339    -85.943   -999.900   -999.900
    -85.000    -74.694    -74.937   -999.900   -999.900      0.243      0.000   -128.500   -128.300    -88.166    -88.872   -999.900   -999.900
    -88.000    -74.800    -75.036   -999.900   -999.900      0.236      0.000   -131.500   -131.300    -91.529    -92.430   -999.900   -999.900
    -91.000    -74.844    -75.079   -999.900   -999.900      0.235      0.000   -134.500   -134.300    -94.326    -95.826   -999.900   -999.900
    -94.000    -74.872    -75.113   -999.900   -999.900      0.241      0.000   -137.500   -137.300    -97.858   -106.334   -999.900   -999.900
    -97.000    -74.886    -75.100   -999.900   -999.900      0.213      0.000   -140.500   -140.300   -102.834    -99.435   -999.900   -999.900
   -100.000    -74.897    -75.113   -999.900   -999.900      0.216      0.000   -143.500   -143.300   -102.834   -106.800   -999.900   -999.900
   -103.000    -74.887    -75.102   -999.900   -999.900      0.215      0.000   -146.500   -146.300   -102.834   -100.222   -999.900   -999.900
   -106.000    -74.891    -75.133   -999.900   -999.900      0.242      0.000   -149.500   -149.300   -102.834   -100.222   -999.900   -999.900
   -109.000    -74.885    -75.109   -999.900   -999.900      0.224      0.000   -152.500   -152.300   -102.834   -100.222   -999.900   -999.900
   -112.000    -74.896    -75.111   -999.900   -999.900      0.214      0.000   -155.500   -155.300   -102.834   -100.222   -999.900   -999.900
   -115.000    -74.894    -75.121   -999.900   -999.900      0.228      0.000   -158.500   -158.300   -102.834   -100.222   -999.900   -999.900
   -118.000    -74.903    -75.121   -999.900   -999.900      0.217      0.000   -161.500   -161.300   -102.834   -100.222   -999.900   -999.900
