    -14.000      6.315      6.192      6.125      6.062      0.123      0.063    -29.150    -29.110      6.315      6.192      6.125      6.062
    -16.000      4.495      4.384      4.264      4.218      0.111      0.046    -31.150    -31.110      4.495      4.384      4.264      4.218
    -18.000      2.636      2.540      2.395      2.361      0.096      0.034    -33.150    -33.110      2.636      2.540      2.395      2.361
    -20.000      0.673      0.588      0.425      0.400      0.085      0.025    -35.150    -35.110      0.673      0.588      0.425      0.400
    -22.000     -1.309     -1.388     -1.561     -1.580      0.079      0.019    -37.150    -37.110     -1.309     -1.388     -1.561     -1.580
    -24.000     -2.425     -2.504     -2.682     -2.694      0.079      0.012    -39.150    -39.110     -2.425     -2.504     -2.682     -2.694
    -26.000     -5.240     -5.309     -5.496     -5.504      0.069      0.008    -41.150    -41.110     -5.240     -5.309     -5.496     -5.504
    -28.000     -7.247     -7.312     -7.504     -7.508      0.065      0.004    -43.150    -43.110     -7.247     -7.312     -7.504     -7.508
    -30.000     -9.216     -9.279     -9.474     -9.475      0.063      0.001    -45.150    -45.110     -9.216     -9.279     -9.474     -9.475
    -32.000    -11.232    -11.293    -11.492    -11.490      0.061     -0.002    -47.150    -47.110    -11.232    -11.293    -11.492    -11.490
    -34.000    -13.198    -13.256    -13.458    -13.453      0.058     -0.005    -49.150    -49.110    -13.198    -13.256    -13.458    -13.453
    -36.000    -15.211    -15.267    -15.472    -15.464      0.056     -0.008    -51.150    -51.110    -15.211    -15.267    -15.472    -15.464
    -38.000    -17.167    -17.221    -17.430    -17.419      0.054     -0.011    -53.150    -53.110    -17.167    -17.221    -17.430    -17.419
    -40.000    -19.190    -19.242    -19.453    -19.440      0.052     -0.013    -55.150    -55.110    -19.190    -19.242    -19.453    -19.440
    -42.000    -21.208    -21.259    -21.471    -21.457      0.051     -0.014    -57.150    -57.110    -21.208    -21.259    -21.471    -21.457
    -44.000    -23.183    -23.230    -23.447    -23.427      0.047     -0.020    -59.150    -59.110    -23.183    -23.230    -23.447    -23.427
    -46.000    -25.176    -25.222    -25.439    -25.420      0.046     -0.019    -61.150    -61.110    -25.176    -25.222    -25.439    -25.420
    -48.000    -27.142    -27.188    -27.405    -27.385      0.046     -0.020    -63.150    -63.110    -27.142    -27.188    -27.405    -27.385
    -50.000    -29.163    -29.208    -29.425    -29.406      0.045     -0.019    -65.150    -65.110    -29.163    -29.208    -29.425    -29.406
    -52.000    -31.180    -31.226    -31.443    -31.423      0.046     -0.020    -67.150    -67.110    -31.180    -31.226    -31.443    -31.423
    -54.000    -33.191    -33.237    -33.454    -33.435      0.046     -0.019    -69.150    -69.110    -33.191    -33.237    -33.454    -33.435
    -56.000    -35.209    -35.253    -35.471    -35.452      0.044     -0.019    -71.150    -71.110    -35.209    -35.253    -35.471    -35.452
    -58.000    -37.160    -37.203    -37.422    -37.402      0.043     -0.020    -73.150    -73.110    -37.160    -37.203    -37.422    -37.402
    -60.000    -39.178    -39.220    -39.440    -39.419      0.042     -0.021    -75.150    -75.110    -39.179    -39.221    -39.441    -39.420
    -62.000    -41.196    -41.236    -41.457    -41.435      0.040     -0.022    -77.150    -77.110    -41.197    -41.237    -41.458    -41.436
    -64.000    -43.141    -43.180    -43.402    -43.380      0.039     -0.022    -79.150    -79.110    -43.142    -43.181    -43.403    -43.381
    -66.000    -45.156    -45.198    -45.415    -45.399      0.042     -0.016    -81.150    -81.110    -45.158    -45.200    -45.417    -45.401
    -68.000    -47.106    -47.151    -47.364    -47.352      0.045     -0.012    -83.150    -83.110    -47.109    -47.154    -47.368    -47.356
    -70.000    -49.115    -49.164    -49.372    -49.367      0.049     -0.005    -85.150    -85.110    -49.120    -49.169    -49.378    -49.373
    -72.000    -50.889    -50.950    -51.152    -51.148      0.061     -0.004    -87.150    -87.110    -50.897    -50.958    -51.161    -51.157
    -74.000    -53.075    -53.133    -53.329    -53.339      0.058      0.010    -89.150    -89.110    -53.088    -53.146    -53.343    -53.353
    -76.000    -55.076    -55.136    -55.331    -55.345      0.060      0.014    -91.150    -91.110    -55.097    -55.157    -55.353    -55.368
    -78.000    -57.013    -57.078    -57.269    -57.286      0.065      0.017    -93.150    -93.110    -57.046    -57.112    -57.304    -57.321
    -80.000    -59.019    -59.082    -59.270    -59.290      0.063      0.020    -95.150    -95.110    -59.072    -59.135    -59.326    -59.346
    -82.000    -60.952    -61.017    -61.204    -61.221      0.065      0.017    -97.150    -97.110    -61.035    -61.101    -61.292    -61.309
    -84.000    -62.929    -62.996    -63.178    -63.198      0.067      0.020    -99.150    -99.110    -63.061    -63.129    -63.317    -63.337
    -86.000    -64.858    -64.922    -65.102    -65.118      0.064      0.016   -101.150   -101.110    -65.066    -65.130    -65.320    -65.337
    -88.000    -66.731    -66.798    -66.975    -66.982      0.067      0.007   -103.150   -103.110    -67.055    -67.123    -67.316    -67.323
    -90.000    -68.567    -68.640    -68.805    -68.817      0.073      0.012   -105.150   -105.110    -69.072    -69.147    -69.335    -69.349
    -92.000    -70.293    -70.341    -70.509    -70.525      0.048      0.016   -107.150   -107.110    -71.068    -71.114    -71.319    -71.338
    -94.000    -71.928    -71.969    -72.119    -72.142      0.041      0.023   -109.150   -109.110    -73.109    -73.145    -73.349    -73.378
    -96.000    -73.310    -73.379    -73.496    -73.505      0.069      0.009   -111.150   -111.110    -75.032    -75.107    -75.292    -75.304
    -98.000    -74.568    -74.631    -74.719    -74.761      0.063      0.042   -113.150   -113.110    -77.065    -77.133    -77.306    -77.380
   -100.000    -75.592    -75.658    -75.724    -75.741      0.066      0.017   -115.150   -115.110    -79.094    -79.173    -79.345    -79.380
   -102.000    -76.368    -76.418    -76.461    -76.472      0.050      0.011   -117.150   -117.110    -81.076    -81.115    -81.279    -81.306
   -104.000    -76.950    -77.016    -77.046    -77.045      0.066     -0.001   -119.150   -119.110    -83.089    -83.187    -83.371    -83.356
   -106.000    -77.366    -77.418    -77.418    -77.436      0.052      0.018   -121.150   -121.110    -85.133    -85.166    -85.256    -85.350
   -108.000    -77.634    -77.708    -77.700    -77.721      0.074      0.021   -123.150   -123.110    -87.057    -87.274    -87.347    -87.517
   -110.000    -77.819    -77.901    -77.889    -77.864      0.082     -0.025   -125.150   -125.110    -89.030    -89.445    -89.512    -89.122
   -112.000    -77.954    -78.015    -78.001    -78.007      0.061      0.006   -127.150   -127.110    -91.281    -91.450    -91.519    -91.584
   -114.000    -78.030    -78.081    -78.062    -78.074      0.051      0.012   -129.150   -129.110    -93.310    -93.206    -93.153    -93.448
   -116.000    -78.082    -78.143    -78.121    -78.116      0.061     -0.005   -131.150   -131.110    -95.539    -95.893    -95.638    -95.198
   -118.000    -78.123    -78.180    -78.139    -78.147      0.057      0.008   -133.150   -133.110    -98.756    -98.949    -96.793    -97.158
   -120.000    -78.127    -78.205    -78.175    -78.160      0.078     -0.015   -135.150   -135.110    -99.245   -103.968   -100.832    -98.339
   -122.000    -78.168    -78.201    -78.180    -78.195      0.033      0.015   -137.150   -137.110    -99.245   -102.674   -101.867   -106.201
   -124.000    -78.170    -78.206    -78.196    -78.204      0.036      0.008   -139.150   -139.110    -99.245   -104.363   -110.392   -106.201
   -126.000    -78.158    -78.221    -78.210    -78.193      0.063     -0.017   -141.150   -141.110    -99.245   -104.363   -110.392   -106.201
   -128.000    -78.146    -78.235    -78.209    -78.201      0.089     -0.008   -143.150   -143.110    -99.245   -104.363   -110.392   -106.201
   -130.000    -78.171    -78.228    -78.193    -78.212      0.057      0.019   -145.150   -145.110    -99.245   -104.363   -110.392   -106.201
   -132.000    -78.162    -78.213    -78.213    -78.223      0.051      0.010   -147.150   -147.110    -99.245   -104.363   -110.392   -106.201
   -134.000    -78.175    -78.218    -78.207    -78.208      0.043      0.001   -149.150   -149.110    -99.245   -104.363   -110.392   -106.201
   -136.000    -78.160    -78.220    -78.207    -78.218      0.060      0.011   -151.150   -151.110    -99.245   -104.363   -110.392   -106.201
   -138.000    -78.176    -78.219    -78.196    -78.197      0.043      0.001   -153.150   -153.110    -99.245   -104.363   -110.392   -106.201
   -140.000    -78.155    -78.216    -78.199    -78.210      0.061      0.011   -155.150   -155.110    -99.245   -104.363   -110.392   -106.201
