     14.000      8.096      8.081   -999.900   -999.900      0.015      0.000    -28.570    -28.670      8.096      8.081   -999.900   -999.900
     11.000      6.575      6.723   -999.900   -999.900     -0.148      0.000    -31.570    -31.670      6.575      6.723   -999.900   -999.900
      8.000      3.943      4.243   -999.900   -999.900     -0.300      0.000    -34.570    -34.670      3.943      4.243   -999.900   -999.900
      5.000      1.041      1.390   -999.900   -999.900     -0.349      0.000    -37.570    -37.670      1.041      1.390   -999.900   -999.900
      2.000     -1.917     -1.538   -999.900   -999.900     -0.379      0.000    -40.570    -40.670     -1.917     -1.538   -999.900   -999.900
     -1.000     -4.914     -4.513   -999.900   -999.900     -0.401      0.000    -43.570    -43.670     -4.914     -4.513   -999.900   -999.900
     -4.000     -7.926     -7.512   -999.900   -999.900     -0.414      0.000    -46.570    -46.670     -7.926     -7.512   -999.900   -999.900
     -7.000    -10.928    -10.503   -999.900   -999.900     -0.425      0.000    -49.570    -49.670    -10.928    -10.503   -999.900   -999.900
    -10.000    -13.930    -13.499   -999.900   -999.900     -0.431      0.000    -52.570    -52.670    -13.930    -13.499   -999.900   -999.900
    -13.000    -16.915    -16.481   -999.900   -999.900     -0.434      0.000    -55.570    -55.670    -16.915    -16.481   -999.900   -999.900
    -16.000    -19.921    -19.487   -999.900   -999.900     -0.434      0.000    -58.570    -58.670    -19.921    -19.487   -999.900   -999.900
    -19.000    -22.930    -22.495   -999.900   -999.900     -0.435      0.000    -61.570    -61.670    -22.930    -22.495   -999.900   -999.900
    -22.000    -25.929    -25.492   -999.900   -999.900     -0.437      0.000    -64.570    -64.670    -25.929    -25.492   -999.900   -999.900
    -25.000    -28.926    -28.490   -999.900   -999.900     -0.436      0.000    -67.570    -67.670    -28.926    -28.490   -999.900   -999.900
    -28.000    -31.917    -31.480   -999.900   -999.900     -0.437      0.000    -70.570    -70.670    -31.917    -31.480   -999.900   -999.900
    -31.000    -34.927    -34.490   -999.900   -999.900     -0.437      0.000    -73.570    -73.670    -34.927    -34.490   -999.900   -999.900
    -34.000    -37.930    -37.495   -999.900   -999.900     -0.435      0.000    -76.570    -76.670    -37.931    -37.496   -999.900   -999.900
    -37.000    -40.928    -40.489   -999.900   -999.900     -0.439      0.000    -79.570    -79.670    -40.929    -40.491   -999.900   -999.900
    -40.000    -43.918    -43.481   -999.900   -999.900     -0.437      0.000    -82.570    -82.670    -43.921    -43.484   -999.900   -999.900
    -43.000    -46.886    -46.457   -999.900   -999.900     -0.429      0.000    -85.570    -85.670    -46.892    -46.463   -999.900   -999.900
    -46.000    -49.888    -49.469   -999.900   -999.900     -0.419      0.000    -88.570    -88.670    -49.899    -49.481   -999.900   -999.900
    -49.000    -52.880    -52.471   -999.900   -999.900     -0.409      0.000    -91.570    -91.670    -52.903    -52.495   -999.900   -999.900
    -52.000    -55.845    -55.439   -999.900   -999.900     -0.406      0.000    -94.570    -94.670    -55.890    -55.486   -999.900   -999.900
    -55.000    -58.812    -58.410   -999.900   -999.900     -0.402      0.000    -97.570    -97.670    -58.902    -58.504   -999.900   -999.900
    -58.000    -61.715    -61.316   -999.900   -999.900     -0.399      0.000   -100.570   -100.670    -61.892    -61.502   -999.900   -999.900
    -61.000    -64.550    -64.135   -999.900   -999.900     -0.415      0.000   -103.570   -103.670    -64.896    -64.499   -999.900   -999.900
    -64.000    -67.219    -66.798   -999.900   -999.900     -0.421      0.000   -106.570   -106.670    -67.881    -67.496   -999.900   -999.900
    -67.000    -69.664    -69.196   -999.900   -999.900     -0.468      0.000   -109.570   -109.670    -70.904    -70.491   -999.900   -999.900
    -70.000    -71.702    -71.218   -999.900   -999.900     -0.484      0.000   -112.570   -112.670    -73.899    -73.515   -999.900   -999.900
    -73.000    -73.271    -72.726   -999.900   -999.900     -0.545      0.000   -115.570   -115.670    -76.935    -76.506   -999.900   -999.900
    -76.000    -74.317    -73.746   -999.900   -999.900     -0.571      0.000   -118.570   -118.670    -79.925    -79.516   -999.900   -999.900
    -79.000    -74.954    -74.354   -999.900   -999.900     -0.600      0.000   -121.570   -121.670    -82.903    -82.467   -999.900   -999.900
    -82.000    -75.322    -74.712   -999.900   -999.900     -0.610      0.000   -124.570   -124.670    -85.971    -85.587   -999.900   -999.900
    -85.000    -75.517    -74.898   -999.900   -999.900     -0.619      0.000   -127.570   -127.670    -89.067    -88.710   -999.900   -999.900
    -88.000    -75.618    -74.982   -999.900   -999.900     -0.636      0.000   -130.570   -130.670    -92.260    -91.392   -999.900   -999.900
    -91.000    -75.682    -75.036   -999.900   -999.900     -0.646      0.000   -133.570   -133.670    -97.144    -94.771   -999.900   -999.900
    -94.000    -75.690    -75.052   -999.900   -999.900     -0.638      0.000   -136.570   -136.670    -98.438    -96.615   -999.900   -999.900
    -97.000    -75.692    -75.058   -999.900   -999.900     -0.634      0.000   -139.570   -139.670    -98.832    -97.572   -999.900   -999.900
   -100.000    -75.703    -75.086   -999.900   -999.900     -0.617      0.000   -142.570   -142.670   -102.031    -97.572   -999.900   -999.900
   -103.000    -75.715    -75.083   -999.900   -999.900     -0.632      0.000   -145.570   -145.670   -102.031    -97.572   -999.900   -999.900
   -106.000    -75.718    -75.071   -999.900   -999.900     -0.647      0.000   -148.570   -148.670   -102.031    -97.572   -999.900   -999.900
   -109.000    -75.736    -75.077   -999.900   -999.900     -0.659      0.000   -151.570   -151.670   -102.031    -97.572   -999.900   -999.900
   -112.000    -75.705    -75.108   -999.900   -999.900     -0.597      0.000   -154.570   -154.670   -102.031    -97.572   -999.900   -999.900
   -115.000    -75.697    -75.068   -999.900   -999.900     -0.629      0.000   -157.570   -157.670   -102.031    -97.572   -999.900   -999.900
   -118.000    -75.718    -75.084   -999.900   -999.900     -0.634      0.000   -160.570   -160.670   -102.031    -97.572   -999.900   -999.900
