     14.000      8.088      8.021   -999.900   -999.900      0.067      0.000    -28.570    -28.670      8.088      8.021   -999.900   -999.900
     11.000      6.702      6.770   -999.900   -999.900     -0.068      0.000    -31.570    -31.670      6.702      6.770   -999.900   -999.900
      8.000      4.125      4.323   -999.900   -999.900     -0.198      0.000    -34.570    -34.670      4.125      4.323   -999.900   -999.900
      5.000      1.234      1.479   -999.900   -999.900     -0.245      0.000    -37.570    -37.670      1.234      1.479   -999.900   -999.900
      2.000     -1.719     -1.446   -999.900   -999.900     -0.274      0.000    -40.570    -40.670     -1.719     -1.446   -999.900   -999.900
     -1.000     -4.714     -4.419   -999.900   -999.900     -0.295      0.000    -43.570    -43.670     -4.714     -4.419   -999.900   -999.900
     -4.000     -7.728     -7.421   -999.900   -999.900     -0.307      0.000    -46.570    -46.670     -7.728     -7.421   -999.900   -999.900
     -7.000    -10.728    -10.410   -999.900   -999.900     -0.317      0.000    -49.570    -49.670    -10.728    -10.410   -999.900   -999.900
    -10.000    -13.732    -13.409   -999.900   -999.900     -0.324      0.000    -52.570    -52.670    -13.732    -13.409   -999.900   -999.900
    -13.000    -16.718    -16.391   -999.900   -999.900     -0.327      0.000    -55.570    -55.670    -16.718    -16.391   -999.900   -999.900
    -16.000    -19.723    -19.396   -999.900   -999.900     -0.327      0.000    -58.570    -58.670    -19.723    -19.396   -999.900   -999.900
    -19.000    -22.734    -22.406   -999.900   -999.900     -0.328      0.000    -61.570    -61.670    -22.734    -22.406   -999.900   -999.900
    -22.000    -25.730    -25.398   -999.900   -999.900     -0.331      0.000    -64.570    -64.670    -25.730    -25.398   -999.900   -999.900
    -25.000    -28.729    -28.399   -999.900   -999.900     -0.331      0.000    -67.570    -67.670    -28.729    -28.399   -999.900   -999.900
    -28.000    -31.721    -31.391   -999.900   -999.900     -0.331      0.000    -70.570    -70.670    -31.722    -31.391   -999.900   -999.900
    -31.000    -34.729    -34.398   -999.900   -999.900     -0.331      0.000    -73.570    -73.670    -34.729    -34.398   -999.900   -999.900
    -34.000    -37.735    -37.405   -999.900   -999.900     -0.329      0.000    -76.570    -76.670    -37.735    -37.406   -999.900   -999.900
    -37.000    -40.730    -40.399   -999.900   -999.900     -0.331      0.000    -79.570    -79.670    -40.732    -40.400   -999.900   -999.900
    -40.000    -43.719    -43.390   -999.900   -999.900     -0.328      0.000    -82.570    -82.670    -43.722    -43.393   -999.900   -999.900
    -43.000    -46.688    -46.368   -999.900   -999.900     -0.320      0.000    -85.570    -85.670    -46.694    -46.374   -999.900   -999.900
    -46.000    -49.693    -49.379   -999.900   -999.900     -0.314      0.000    -88.570    -88.670    -49.706    -49.391   -999.900   -999.900
    -49.000    -52.679    -52.384   -999.900   -999.900     -0.296      0.000    -91.570    -91.670    -52.705    -52.408   -999.900   -999.900
    -52.000    -55.647    -55.351   -999.900   -999.900     -0.297      0.000    -94.570    -94.670    -55.697    -55.398   -999.900   -999.900
    -55.000    -58.619    -58.320   -999.900   -999.900     -0.299      0.000    -97.570    -97.670    -58.719    -58.414   -999.900   -999.900
    -58.000    -61.521    -61.224   -999.900   -999.900     -0.297      0.000   -100.570   -100.670    -61.718    -61.410   -999.900   -999.900
    -61.000    -64.338    -64.045   -999.900   -999.900     -0.293      0.000   -103.570   -103.670    -64.722    -64.407   -999.900   -999.900
    -64.000    -66.969    -66.718   -999.900   -999.900     -0.251      0.000   -106.570   -106.670    -67.702    -67.414   -999.900   -999.900
    -67.000    -69.384    -69.108   -999.900   -999.900     -0.276      0.000   -109.570   -109.670    -70.756    -70.398   -999.900   -999.900
    -70.000    -71.334    -71.146   -999.900   -999.900     -0.188      0.000   -112.570   -112.670    -73.733    -73.444   -999.900   -999.900
    -73.000    -72.867    -72.660   -999.900   -999.900     -0.207      0.000   -115.570   -115.670    -76.890    -76.450   -999.900   -999.900
    -76.000    -73.774    -73.659   -999.900   -999.900     -0.115      0.000   -118.570   -118.670    -79.698    -79.389   -999.900   -999.900
    -79.000    -74.416    -74.303   -999.900   -999.900     -0.113      0.000   -121.570   -121.670    -83.040    -82.534   -999.900   -999.900
    -82.000    -74.713    -74.636   -999.900   -999.900     -0.077      0.000   -124.570   -124.670    -85.897    -85.468   -999.900   -999.900
    -85.000    -74.897    -74.839   -999.900   -999.900     -0.058      0.000   -127.570   -127.670    -89.320    -88.969   -999.900   -999.900
    -88.000    -74.998    -74.917   -999.900   -999.900     -0.081      0.000   -130.570   -130.670    -93.721    -91.647   -999.900   -999.900
    -91.000    -74.999    -74.964   -999.900   -999.900     -0.035      0.000   -133.570   -133.670    -93.773    -94.703   -999.900   -999.900
    -94.000    -75.034    -74.991   -999.900   -999.900     -0.044      0.000   -136.570   -136.670    -97.883    -98.487   -999.900   -999.900
    -97.000    -75.069    -74.992   -999.900   -999.900     -0.077      0.000   -139.570   -139.670    -97.883    -98.728   -999.900   -999.900
   -100.000    -75.033    -75.011   -999.900   -999.900     -0.022      0.000   -142.570   -142.670    -97.883    -98.728   -999.900   -999.900
   -103.000    -75.061    -75.017   -999.900   -999.900     -0.045      0.000   -145.570   -145.670    -97.883    -98.728   -999.900   -999.900
   -106.000    -75.072    -75.015   -999.900   -999.900     -0.057      0.000   -148.570   -148.670    -97.883    -98.728   -999.900   -999.900
   -109.000    -75.071    -74.996   -999.900   -999.900     -0.075      0.000   -151.570   -151.670    -97.883    -98.728   -999.900   -999.900
   -112.000    -75.049    -75.017   -999.900   -999.900     -0.033      0.000   -154.570   -154.670    -97.883    -98.728   -999.900   -999.900
   -115.000    -75.055    -75.007   -999.900   -999.900     -0.048      0.000   -157.570   -157.670    -97.883    -98.728   -999.900   -999.900
   -118.000    -75.056    -75.008   -999.900   -999.900     -0.049      0.000   -160.570   -160.670    -97.883    -98.728   -999.900   -999.900
