     14.000      8.081      7.916   -999.900   -999.900      0.165      0.000    -29.500    -29.300      8.081      7.916   -999.900   -999.900
     11.000      6.928      6.496   -999.900   -999.900      0.431      0.000    -32.500    -32.300      6.928      6.496   -999.900   -999.900
      8.000      4.487      3.939   -999.900   -999.900      0.547      0.000    -35.500    -35.300      4.487      3.939   -999.900   -999.900
      5.000      1.602      1.071   -999.900   -999.900      0.531      0.000    -38.500    -38.300      1.602      1.071   -999.900   -999.900
      2.000     -1.338     -1.853   -999.900   -999.900      0.514      0.000    -41.500    -41.300     -1.338     -1.853   -999.900   -999.900
     -1.000     -4.319     -4.820   -999.900   -999.900      0.501      0.000    -44.500    -44.300     -4.319     -4.820   -999.900   -999.900
     -4.000     -7.346     -7.839   -999.900   -999.900      0.492      0.000    -47.500    -47.300     -7.346     -7.839   -999.900   -999.900
     -7.000    -10.338    -10.821   -999.900   -999.900      0.484      0.000    -50.500    -50.300    -10.338    -10.821   -999.900   -999.900
    -10.000    -13.358    -13.834   -999.900   -999.900      0.476      0.000    -53.500    -53.300    -13.358    -13.834   -999.900   -999.900
    -13.000    -16.351    -16.825   -999.900   -999.900      0.474      0.000    -56.500    -56.300    -16.351    -16.825   -999.900   -999.900
    -16.000    -19.351    -19.824   -999.900   -999.900      0.474      0.000    -59.500    -59.300    -19.351    -19.824   -999.900   -999.900
    -19.000    -22.348    -22.820   -999.900   -999.900      0.472      0.000    -62.500    -62.300    -22.348    -22.820   -999.900   -999.900
    -22.000    -25.355    -25.826   -999.900   -999.900      0.471      0.000    -65.500    -65.300    -25.355    -25.827   -999.900   -999.900
    -25.000    -28.338    -28.810   -999.900   -999.900      0.472      0.000    -68.500    -68.300    -28.339    -28.810   -999.900   -999.900
    -28.000    -31.337    -31.808   -999.900   -999.900      0.471      0.000    -71.500    -71.300    -31.337    -31.809   -999.900   -999.900
    -31.000    -34.337    -34.809   -999.900   -999.900      0.471      0.000    -74.500    -74.300    -34.338    -34.809   -999.900   -999.900
    -34.000    -37.351    -37.823   -999.900   -999.900      0.472      0.000    -77.500    -77.300    -37.352    -37.824   -999.900   -999.900
    -37.000    -40.342    -40.812   -999.900   -999.900      0.469      0.000    -80.500    -80.300    -40.344    -40.813   -999.900   -999.900
    -40.000    -43.351    -43.823   -999.900   -999.900      0.472      0.000    -83.500    -83.300    -43.354    -43.826   -999.900   -999.900
    -43.000    -46.312    -46.790   -999.900   -999.900      0.478      0.000    -86.500    -86.300    -46.318    -46.796   -999.900   -999.900
    -46.000    -49.308    -49.796   -999.900   -999.900      0.487      0.000    -89.500    -89.300    -49.320    -49.808   -999.900   -999.900
    -49.000    -52.317    -52.810   -999.900   -999.900      0.492      0.000    -92.500    -92.300    -52.341    -52.835   -999.900   -999.900
    -52.000    -55.275    -55.772   -999.900   -999.900      0.497      0.000    -95.500    -95.300    -55.322    -55.822   -999.900   -999.900
    -55.000    -58.259    -58.756   -999.900   -999.900      0.497      0.000    -98.500    -98.300    -58.353    -58.856   -999.900   -999.900
    -58.000    -61.163    -61.655   -999.900   -999.900      0.492      0.000   -101.500   -101.300    -61.350    -61.854   -999.900   -999.900
    -61.000    -64.000    -64.477   -999.900   -999.900      0.477      0.000   -104.500   -104.300    -64.367    -64.867   -999.900   -999.900
    -64.000    -66.641    -67.108   -999.900   -999.900      0.466      0.000   -107.500   -107.300    -67.341    -67.850   -999.900   -999.900
    -67.000    -69.037    -69.472   -999.900   -999.900      0.435      0.000   -110.500   -110.300    -70.336    -70.845   -999.900   -999.900
    -70.000    -71.056    -71.448   -999.900   -999.900      0.392      0.000   -113.500   -113.300    -73.360    -73.867   -999.900   -999.900
    -73.000    -72.584    -72.912   -999.900   -999.900      0.328      0.000   -116.500   -116.300    -76.405    -76.874   -999.900   -999.900
    -76.000    -73.582    -73.877   -999.900   -999.900      0.296      0.000   -119.500   -119.300    -79.372    -79.852   -999.900   -999.900
    -79.000    -74.220    -74.468   -999.900   -999.900      0.248      0.000   -122.500   -122.300    -82.540    -82.886   -999.900   -999.900
    -82.000    -74.548    -74.788   -999.900   -999.900      0.240      0.000   -125.500   -125.300    -85.511    -85.847   -999.900   -999.900
    -85.000    -74.723    -74.962   -999.900   -999.900      0.239      0.000   -128.500   -128.300    -88.453    -88.868   -999.900   -999.900
    -88.000    -74.817    -75.049   -999.900   -999.900      0.232      0.000   -131.500   -131.300    -91.500    -91.785   -999.900   -999.900
    -91.000    -74.855    -75.106   -999.900   -999.900      0.251      0.000   -134.500   -134.300    -93.779    -95.872   -999.900   -999.900
    -94.000    -74.905    -75.127   -999.900   -999.900      0.222      0.000   -137.500   -137.300   -103.548    -99.665   -999.900   -999.900
    -97.000    -74.903    -75.127   -999.900   -999.900      0.224      0.000   -140.500   -140.300   -102.202    -99.732   -999.900   -999.900
   -100.000    -74.908    -75.133   -999.900   -999.900      0.225      0.000   -143.500   -143.300   -106.427   -101.828   -999.900   -999.900
   -103.000    -74.910    -75.157   -999.900   -999.900      0.247      0.000   -146.500   -146.300   -110.603   -101.828   -999.900   -999.900
   -106.000    -74.903    -75.146   -999.900   -999.900      0.243      0.000   -149.500   -149.300   -101.945   -101.828   -999.900   -999.900
   -109.000    -74.928    -75.148   -999.900   -999.900      0.221      0.000   -152.500   -152.300   -101.945   -101.828   -999.900   -999.900
   -112.000    -74.912    -75.154   -999.900   -999.900      0.242      0.000   -155.500   -155.300   -101.945   -101.828   -999.900   -999.900
   -115.000    -74.912    -75.132   -999.900   -999.900      0.220      0.000   -158.500   -158.300   -101.945   -101.828   -999.900   -999.900
   -118.000    -74.905    -75.127   -999.900   -999.900      0.221      0.000   -161.500   -161.300   -101.945   -101.828   -999.900   -999.900
